# name=hexagonal field=200x200 stride=8
25 25
0.26948 0.65458 0.59867 0.53417 0.53807 0.80231 0.85882 0.88427 0.87013 0.67166 0.85172 0.79570 0.53417 0.53807 0.54171 0.53000 0.54823 0.52085 0.46623 0.80392 0.85736 0.94092 0.96887 0.98579 0.97787
0.67115 0.64246 0.79404 0.73746 0.70711 0.78176 0.85553 0.87033 0.87001 0.86899 0.85427 0.79034 0.70711 0.70711 0.70711 0.70711 0.68838 0.52860 0.74555 0.79348 0.87193 0.92884 0.95503 0.96946 0.96722
0.85610 0.84036 0.89682 0.86027 0.82406 0.85423 0.89879 0.90625 0.88863 0.90062 0.88220 0.84971 0.82553 0.82406 0.82246 0.82686 0.80339 0.72948 0.83330 0.88103 0.93321 0.95214 0.98883 0.98808 1.00000
0.56982 0.91103 0.88310 0.86791 0.85191 0.86615 0.89425 0.92388 0.92814 0.89661 0.89084 0.86140 0.81905 0.81899 0.81869 0.83032 0.83018 0.83100 0.79187 0.89301 0.92807 0.96071 0.98037 0.98691 0.99379
0.90131 0.92488 0.91580 0.93601 0.91772 0.93673 0.92961 0.94061 0.94221 0.94037 0.94914 0.93394 0.90623 0.90625 0.90607 0.90603 0.89093 0.89296 0.90606 0.94164 0.95514 0.96675 0.98412 0.98177 0.98789
0.80707 0.80255 0.83425 0.82764 0.81806 0.87385 0.88335 0.90999 0.89550 0.90847 0.87998 0.87902 0.81785 0.81806 0.81801 0.81738 0.83078 0.79188 0.85064 0.86269 0.90317 0.93475 0.94219 0.94427 0.94848
0.90551 0.88106 0.91912 0.93734 0.92096 0.93994 0.93077 0.94107 0.94294 0.94113 0.92080 0.93719 0.90893 0.90903 0.90893 0.90864 0.89340 0.89581 0.90906 0.94117 0.95615 0.96760 0.98380 0.98177 0.98794
0.56742 0.90794 0.88051 0.86720 0.85104 0.86616 0.89426 0.91195 0.92814 0.89661 0.89084 0.86141 0.81801 0.81806 0.81785 0.83033 0.81668 0.83101 0.79188 0.89301 0.92756 0.96071 0.97990 0.98691 0.99379
0.90146 0.87782 0.91630 0.93408 0.90625 0.93867 0.92833 0.94252 0.94220 0.94037 0.92124 0.93593 0.90607 0.90625 0.90623 0.90571 0.89471 0.89310 0.90634 0.93857 0.95364 0.96696 0.98306 0.98133 0.98664
0.80706 0.80254 0.83424 0.82763 0.81899 0.87453 0.88550 0.91093 0.89557 0.90951 0.88649 0.88046 0.81869 0.81899 0.81905 0.81814 0.83077 0.79187 0.85063 0.87554 0.90317 0.93524 0.94219 0.94482 0.94848
0.79963 0.92818 0.91844 0.93904 0.92001 0.93791 0.93189 0.94091 0.94290 0.91958 0.94982 0.93512 0.90890 0.90884 0.90859 0.90877 0.89326 0.89548 0.84813 0.94393 0.95747 0.96735 0.98480 0.98219 0.98912
0.56929 0.91087 0.88294 0.86762 0.85166 0.86598 0.89415 0.92385 0.92810 0.89666 0.89072 0.86123 0.81873 0.81869 0.81839 0.83005 0.82992 0.83073 0.79170 0.89284 0.92793 0.96069 0.98033 0.98694 0.99380
0.90368 0.89506 0.91885 0.93429 0.90809 0.94148 0.92894 0.94314 0.91070 0.94109 0.92713 0.93880 0.90777 0.90809 0.90821 0.90727 0.89652 0.82204 0.90869 0.93725 0.95392 0.96789 0.98252 0.98147 0.98649
0.80884 0.88411 0.83626 0.85139 0.84321 0.87688 0.90111 0.91238 0.90213 0.91103 0.89867 0.88290 0.84192 0.84321 0.82173 0.84838 0.83259 0.81613 0.85262 0.88855 0.90437 0.96148 0.96018 0.94594 0.97876
0.80282 0.92760 0.91693 0.93973 0.91841 0.93539 0.93821 0.93592 0.94269 0.92109 0.94807 0.93257 0.90789 0.90771 0.90734 0.89340 0.83824 0.89412 0.84971 0.94316 0.95809 0.96710 0.98564 0.98271 0.99057
0.54942 0.89014 0.89756 0.86831 0.87215 0.88573 0.89414 0.93901 0.92809 0.93651 0.89071 0.87686 0.81973 0.84272 0.84148 0.83003 0.84759 0.83070 0.84699 0.89283 0.92241 0.96068 0.98151 0.98746 0.97642
0.90451 0.89573 0.92651 0.93298 0.90827 0.94303 0.92575 0.94287 0.91002 0.94090 0.89866 0.92633 0.90786 0.90827 0.90849 0.90726 0.94604 0.88780 0.95977 0.90087 0.95510 0.96778 0.97712 0.98083 0.98533
0.80625 0.88439 0.89695 0.84860 0.83983 0.89340 0.89928 0.91632 0.92318 0.91492 0.89691 0.90031 0.83857 0.83983 0.84078 0.84507 0.92984 0.87924 0.94287 0.91981 0.91700 0.96125 0.96040 0.96528 0.97917
0.80286 0.92823 0.91362 0.92440 0.91500 0.93192 0.93668 0.93496 0.94195 0.92064 0.94558 0.92903 0.89117 0.90513 0.90464 0.88988 0.87583 0.94747 0.90169 0.97926 0.95740 0.97339 0.98615 0.98258 0.99066
0.73835 0.92362 0.93012 0.91944 0.89980 0.91052 0.93581 0.95495 0.94801 0.95282 0.93321 0.90315 0.87266 0.87240 0.87177 0.88497 0.89919 0.94693 0.90456 0.97043 0.94289 0.97883 0.98270 0.98814 0.99416
0.96159 0.95163 0.99347 0.91410 0.95369 0.98729 0.94465 0.97171 0.93447 0.96931 0.95316 0.99387 0.91115 0.95369 0.97303 0.90033 0.96625 0.89767 0.97298 0.93876 0.98411 0.96321 0.99113 0.99180 1.00000
0.92665 0.92433 0.96635 0.93414 0.93425 0.97987 0.95443 0.97333 0.96837 0.97179 0.95869 0.98121 0.93408 0.93425 0.96644 0.94087 0.96121 0.93518 0.96856 0.95101 0.96764 0.98308 0.97813 0.98664 1.00000
0.87780 0.96948 0.96405 0.97003 0.96815 0.94383 0.99465 0.97933 0.98212 0.95803 0.97789 0.95345 0.96928 0.95537 0.93717 0.97000 0.94020 0.97227 0.93903 0.98824 0.96739 0.99498 0.98738 0.99628 1.00000
0.92390 0.97118 0.96990 0.95447 0.96685 0.97124 0.97881 0.98153 0.98609 0.97686 0.97798 0.97092 0.95325 0.94864 0.96047 0.96626 0.96199 0.96620 0.96442 0.97676 0.98047 0.99282 0.99034 1.00000 1.00000
0.96297 0.95240 0.99310 0.96508 0.96622 0.98336 0.96607 0.98431 1.00000 0.98439 0.96392 0.99356 0.96422 0.96622 0.96815 0.96215 0.98122 0.98194 0.99053 0.98260 0.99054 1.00000 0.99038 1.00000 1.00000
