# name=organic_walks field=200x200 stride=8
25 25
0.00000 0.00000 0.00000 0.00000 0.00000 0.00000 0.00000 0.00000 0.28781 0.26849 0.25153 0.00000 0.00000 0.00000 0.00000 0.00000 0.00000 0.00000 0.00000 0.00000 0.00000 0.00000 0.00000 0.00000 0.00000
0.00000 0.00000 0.00000 0.00000 0.00000 0.00000 0.00000 0.00000 0.45648 0.43972 0.23772 0.20541 0.00000 0.00000 0.00000 0.00000 0.00000 0.00000 0.00000 0.00000 0.00000 0.00000 0.00000 0.00000 0.00000
0.00000 0.00000 0.00000 0.00000 0.00000 0.00000 0.00000 0.00000 0.43833 0.41962 0.37903 0.18392 0.00000 0.00000 0.00000 0.00000 0.00000 0.00000 0.00000 0.00000 0.00000 0.00000 0.00000 0.00000 0.00000
0.00000 0.00000 0.00000 0.00000 0.00000 0.00000 0.00000 0.00000 0.41666 0.53059 0.51779 0.38982 0.00000 0.00000 0.00000 0.00000 0.00000 0.00000 0.00000 0.00000 0.00000 0.00000 0.00000 0.00000 0.00000
0.00000 0.00000 0.00000 0.00000 0.00000 0.00000 0.00000 0.00000 0.67932 0.70277 0.48651 0.23001 0.00000 0.00000 0.00000 0.00000 0.00000 0.00000 0.00000 0.00000 0.53232 0.74146 0.90726 0.90455 0.90178
0.00000 0.00000 0.00000 0.00000 0.00000 0.00000 0.00000 0.00000 0.70318 0.70285 0.62594 0.11844 0.00000 0.00000 0.00000 0.00000 0.00000 0.00000 0.00000 0.00000 0.55229 0.74072 0.84213 0.87660 0.87646
0.00000 0.00000 0.00000 0.00000 0.00000 0.00000 0.00000 0.00000 0.55668 0.51641 0.42805 0.47875 0.00000 0.00000 0.00000 0.00000 0.00000 0.00000 0.00000 0.00000 0.58761 0.76258 0.85496 0.85705 0.85895
0.00000 0.00000 0.00000 0.00000 0.00000 0.00000 0.00000 0.00000 0.56135 0.43134 0.41690 0.51490 0.00000 0.00000 0.00000 0.00000 0.00000 0.00000 0.00000 0.00000 0.56993 0.72568 0.80064 0.83156 0.83416
0.00000 0.00000 0.00000 0.00000 0.41216 0.58659 0.60099 0.44731 0.00000 0.00000 0.00000 0.00000 0.41802 0.35361 0.35937 0.17780 0.00000 0.00000 0.00000 0.00000 0.00000 0.00000 0.00000 0.00000 0.00000
0.00000 0.00000 0.00000 0.00000 0.36325 0.54416 0.55746 0.59583 0.00000 0.00000 0.00000 0.00000 0.44180 0.43071 0.48489 0.45995 0.00000 0.00000 0.00000 0.00000 0.00000 0.00000 0.00000 0.00000 0.00000
0.00000 0.00000 0.00000 0.00000 0.38861 0.32617 0.53016 0.48134 0.00000 0.00000 0.00000 0.00000 0.58082 0.63388 0.71338 0.72844 0.00000 0.00000 0.00000 0.00000 0.00000 0.00000 0.00000 0.00000 0.00000
0.00000 0.00000 0.00000 0.00000 0.29491 0.32695 0.12380 0.14539 0.00000 0.00000 0.00000 0.00000 0.62902 0.70969 0.73634 0.79869 0.00000 0.00000 0.00000 0.00000 0.00000 0.00000 0.00000 0.00000 0.00000
0.00000 0.00000 0.00000 0.00000 0.28666 0.24271 0.38446 0.40179 0.00000 0.00000 0.00000 0.00000 0.68284 0.70227 0.75855 0.77475 0.61836 0.63893 0.65482 0.64840 0.70087 0.73954 0.77831 0.79848 0.84072
0.00000 0.00000 0.00000 0.00000 0.56689 0.60652 0.65290 0.61138 0.00000 0.00000 0.00000 0.00000 0.57513 0.64331 0.74030 0.74841 0.65273 0.62434 0.63699 0.72517 0.67071 0.78835 0.80617 0.80723 0.85189
0.00000 0.00000 0.00000 0.00000 0.61840 0.64492 0.68279 0.72110 0.00000 0.00000 0.00000 0.00000 0.48490 0.58441 0.63352 0.54537 0.52753 0.48965 0.53962 0.53254 0.65276 0.73071 0.76846 0.81145 0.87034
0.00000 0.00000 0.00000 0.00000 0.70247 0.75028 0.70311 0.73188 0.00000 0.00000 0.00000 0.00000 0.34393 0.38382 0.47743 0.47859 0.28717 0.56444 0.62344 0.65891 0.63015 0.70010 0.79156 0.82597 0.87414
0.00000 0.00000 0.42641 0.45093 0.54745 0.57632 0.57861 0.53800 0.00000 0.00000 0.00000 0.00000 0.07057 0.05821 0.00000 0.00000 0.42964 0.41289 0.66371 0.60657 0.00000 0.00000 0.00000 0.00000 0.00000
0.00000 0.00000 0.47355 0.62122 0.48968 0.53009 0.52235 0.50313 0.00000 0.00000 0.00000 0.00000 0.45692 0.07430 0.00000 0.06905 0.40797 0.42060 0.59109 0.65098 0.00000 0.00000 0.00000 0.00000 0.00000
0.00000 0.00000 0.23631 0.40822 0.29747 0.43486 0.44516 0.62041 0.00000 0.00000 0.00000 0.00000 0.55933 0.22809 0.05232 0.00000 0.42024 0.64323 0.70233 0.68292 0.00000 0.00000 0.00000 0.00000 0.00000
0.00000 0.00000 0.00000 0.39864 0.21110 0.21370 0.68039 0.80071 0.00000 0.00000 0.00000 0.00000 0.53002 0.37332 0.18669 0.29865 0.62607 0.75168 0.72488 0.74598 0.00000 0.00000 0.00000 0.00000 0.00000
0.00000 0.00000 0.00000 0.00000 0.00000 0.00000 0.00000 0.00000 0.77032 0.83082 0.86789 0.84278 0.00000 0.00000 0.00000 0.00000 0.00000 0.00000 0.00000 0.00000 0.00000 0.00000 0.00000 0.00000 0.00000
0.00000 0.00000 0.00000 0.00000 0.00000 0.00000 0.00000 0.00000 0.83848 0.86342 0.87586 0.86068 0.00000 0.00000 0.00000 0.00000 0.00000 0.00000 0.00000 0.00000 0.00000 0.00000 0.00000 0.00000 0.00000
0.00000 0.00000 0.00000 0.00000 0.00000 0.00000 0.00000 0.00000 0.89608 0.89137 0.88749 0.87155 0.00000 0.00000 0.00000 0.00000 0.00000 0.00000 0.00000 0.00000 0.00000 0.00000 0.00000 0.00000 0.00000
0.00000 0.00000 0.00000 0.00000 0.00000 0.00000 0.00000 0.00000 0.89736 0.89244 0.88802 0.88505 0.00000 0.00000 0.00000 0.00000 0.00000 0.00000 0.00000 0.00000 0.00000 0.00000 0.00000 0.00000 0.00000
0.00000 0.00000 0.00000 0.00000 0.00000 0.00000 0.00000 0.00000 0.73428 0.73024 0.72608 0.58768 0.00000 0.00000 0.00000 0.00000 0.00000 0.00000 0.00000 0.00000 0.00000 0.00000 0.00000 0.00000 0.00000
