# name=rect_rotated_scattered field=200x200 stride=8
25 25
0.00000 0.00000 0.00000 0.00000 0.00000 0.00000 0.00000 0.00000 0.00000 0.00000 0.00000 0.00000 0.00000 0.00000 0.00000 0.00000 0.00000 0.00000 0.00000 0.00000 0.00000 0.00000 0.00000 0.00000 0.00000
0.00000 0.00000 0.00000 0.00000 0.00000 0.00000 0.00000 0.00000 0.00000 0.00000 0.00000 0.00000 0.00000 0.00000 0.00000 0.00000 0.00000 0.00000 0.00000 0.00000 0.00000 0.00000 0.00000 0.00000 0.00000
0.00000 0.00000 0.00000 0.00000 0.00000 0.00000 0.00000 0.00000 0.00000 0.00000 0.00000 0.00000 0.00000 0.00000 0.00000 0.00000 0.00000 0.00000 0.00000 0.00000 0.00000 0.00000 0.00000 0.00000 0.00000
0.00000 0.00000 0.00000 0.00000 0.00000 0.00000 0.00000 0.00000 0.00000 0.00000 0.00000 0.00000 0.00000 0.00000 0.00000 0.00000 0.00000 0.00000 0.00000 0.00000 0.00000 0.00000 0.00000 0.00000 0.00000
0.00000 0.00000 0.00000 0.00000 0.00000 0.53830 0.68137 0.76721 0.90611 0.94833 0.95644 0.75822 0.75353 0.32689 0.00000 0.00000 0.00000 0.23095 0.00000 0.00000 0.33696 0.38846 0.45781 0.53550 0.00000
0.00000 0.00000 0.00000 0.00000 0.00000 0.57307 0.69330 0.76170 0.88748 0.90698 0.87536 0.81734 0.59312 0.46374 0.35542 0.00000 0.00000 0.00000 0.00000 0.34431 0.55242 0.60916 0.67282 0.72390 0.00000
0.00000 0.00000 0.00000 0.00000 0.32589 0.37930 0.69335 0.69696 0.81823 0.74975 0.76132 0.66666 0.28967 0.53275 0.41125 0.14745 0.00000 0.00000 0.34984 0.64360 0.65107 0.69844 0.74139 0.78545 0.00000
0.00000 0.00000 0.00000 0.00000 0.50142 0.51945 0.24729 0.37381 0.68160 0.65212 0.58014 0.29758 0.33805 0.32120 0.25191 0.16378 0.00000 0.00000 0.68011 0.76814 0.70296 0.75319 0.77800 0.83485 0.00000
0.00000 0.00000 0.00000 0.00000 0.00000 0.00000 0.00000 0.00000 0.14492 0.36311 0.76221 0.75298 0.68864 0.72547 0.78435 0.50439 0.00000 0.00000 0.55603 0.72183 0.00000 0.00000 0.00000 0.00000 0.00000
0.00000 0.00000 0.00000 0.00000 0.00000 0.00000 0.00000 0.00000 0.55518 0.71049 0.78738 0.79802 0.74775 0.83474 0.82419 0.75828 0.00000 0.00000 0.48003 0.69111 0.00000 0.00000 0.00000 0.00000 0.00000
0.00000 0.00000 0.00000 0.00000 0.00000 0.00000 0.00000 0.00000 0.66967 0.74273 0.73052 0.76822 0.80767 0.88265 0.81323 0.73415 0.00000 0.00000 0.58696 0.76889 0.00000 0.00000 0.00000 0.00000 0.00000
0.00000 0.00000 0.00000 0.00000 0.00000 0.00000 0.00000 0.00000 0.46998 0.73515 0.74317 0.57660 0.83954 0.80960 0.86994 0.73417 0.36080 0.58756 0.59882 0.65478 0.00000 0.00000 0.00000 0.00000 0.00000
0.00000 0.00000 0.24255 0.28873 0.00000 0.00000 0.00000 0.00000 0.45343 0.63780 0.60089 0.68352 0.37150 0.32221 0.51673 0.63430 0.00000 0.00000 0.00000 0.00000 0.78561 0.88035 0.84599 0.86872 0.00000
0.00000 0.00000 0.00000 0.45621 0.00000 0.00000 0.00000 0.00000 0.50117 0.73024 0.65236 0.63118 0.51052 0.42564 0.48181 0.34140 0.00000 0.00000 0.00000 0.00000 0.87869 0.79153 0.84391 0.86856 0.00000
0.00000 0.00000 0.00000 0.14164 0.00000 0.00000 0.00000 0.00000 0.59228 0.58271 0.55114 0.57931 0.44421 0.44637 0.27157 0.39080 0.00000 0.00000 0.00000 0.00000 0.75689 0.89183 0.89265 0.89287 0.00000
0.00000 0.00000 0.00000 0.12484 0.00000 0.00000 0.00000 0.00000 0.54923 0.36779 0.46799 0.44931 0.11493 0.44125 0.31212 0.42985 0.00000 0.00000 0.00000 0.00000 0.69349 0.82735 0.87152 0.90192 0.00000
0.00000 0.00000 0.00000 0.00000 0.00000 0.00000 0.00000 0.00000 0.60135 0.68171 0.49227 0.47380 0.00000 0.00000 0.00000 0.00000 0.00000 0.00000 0.00000 0.00000 0.58540 0.74380 0.85273 0.91554 0.74877
0.00000 0.00000 0.00000 0.00000 0.00000 0.00000 0.00000 0.00000 0.74740 0.69692 0.77450 0.52082 0.00000 0.00000 0.00000 0.00000 0.00000 0.00000 0.00000 0.00000 0.41699 0.58192 0.68153 0.75723 0.75618
0.00000 0.00000 0.00000 0.00000 0.00000 0.00000 0.00000 0.00000 0.82518 0.81329 0.75885 0.67409 0.00000 0.00000 0.00000 0.00000 0.00000 0.00000 0.00000 0.00000 0.53799 0.72779 0.83668 0.76326 0.76248
0.00000 0.00000 0.00000 0.00000 0.00000 0.00000 0.00000 0.00000 0.86181 0.85574 0.77929 0.71806 0.00000 0.00000 0.00000 0.00000 0.00000 0.00000 0.00000 0.00000 0.71452 0.76674 0.84896 0.94068 0.63059
0.00000 0.00000 0.00000 0.00000 0.00000 0.00000 0.00000 0.00000 0.00000 0.00000 0.00000 0.00000 0.75674 0.77509 0.70975 0.65865 0.30321 0.35211 0.15763 0.23917 0.00000 0.00000 0.00000 0.00000 0.00000
0.00000 0.00000 0.00000 0.00000 0.00000 0.00000 0.00000 0.00000 0.00000 0.00000 0.00000 0.00000 0.84832 0.86216 0.80770 0.78154 0.34000 0.30393 0.53430 0.27040 0.00000 0.00000 0.00000 0.00000 0.00000
0.00000 0.00000 0.00000 0.00000 0.00000 0.00000 0.00000 0.00000 0.00000 0.00000 0.00000 0.00000 0.91978 0.91429 0.87496 0.85190 0.44174 0.42122 0.59516 0.21892 0.00000 0.00000 0.00000 0.00000 0.00000
0.00000 0.00000 0.00000 0.00000 0.00000 0.00000 0.00000 0.00000 0.00000 0.00000 0.00000 0.00000 0.94422 0.93685 0.92829 0.91463 0.52722 0.48461 0.66266 0.22664 0.00000 0.00000 0.00000 0.00000 0.00000
0.00000 0.62265 0.62265 0.62265 0.92118 0.90619 0.88624 0.86981 0.00000 0.00000 0.00000 0.00000 0.00000 0.00000 0.00000 0.00000 0.00000 0.00000 0.00000 0.00000 0.00000 0.00000 0.00000 0.00000 0.00000
