# name=row_only field=200x200 stride=8
25 25
0.00000 0.00000 0.00000 0.00000 0.00000 0.00000 0.00000 0.00000 0.00000 0.00000 0.00000 0.00000 0.00000 0.00000 0.00000 0.00000 0.00000 0.00000 0.00000 0.00000 0.00000 0.00000 0.00000 0.00000 0.00000
0.00000 0.17069 0.57658 0.54648 0.81237 0.75886 0.55565 0.89914 0.83991 0.89093 0.94303 0.63271 0.90520 0.91978 0.89444 0.96531 0.76732 0.80191 0.75158 0.73505 0.82652 0.84783 0.69774 0.73261 0.00000
0.21288 0.21288 0.59002 0.86601 0.85623 0.84953 0.88845 0.92082 0.95620 0.93003 0.95595 0.98891 0.92915 0.98996 0.99010 0.95978 0.87402 0.86498 0.89085 0.90078 0.88327 0.91080 0.80304 0.82977 0.00000
0.30267 0.31020 0.75315 0.96340 0.90982 0.97067 0.94645 0.96541 0.95041 0.98126 0.94001 0.99037 0.96015 0.97865 0.99251 0.97361 0.93629 0.93973 0.92127 0.97529 0.96998 0.98659 0.93062 0.89836 0.00000
0.29306 0.68153 0.73490 0.96529 0.98723 0.98911 1.00000 0.98711 0.98774 0.98121 0.96218 0.98009 0.96236 0.99000 0.98496 0.96940 0.98654 0.98687 0.98798 1.00000 0.98327 0.96282 0.96557 0.96688 0.94764
0.18097 0.77677 0.82282 0.93880 0.97913 0.92634 0.98634 0.97562 0.97898 0.94455 0.93727 0.91706 0.89687 0.94862 0.95212 0.94542 0.98273 0.94127 0.96137 0.99042 0.95792 0.96557 0.98497 1.00000 1.00000
0.18950 0.77531 0.80151 0.94498 0.92302 0.89909 0.92717 0.92717 0.93329 0.90896 0.89875 0.92763 0.88404 0.96239 1.00000 0.94785 0.99051 0.97861 0.96938 0.98909 1.00000 0.98051 1.00000 1.00000 1.00000
0.00000 0.74689 0.88074 0.90854 0.89257 0.85262 0.80137 0.91195 0.82837 0.88848 0.88760 0.82815 0.90398 0.94629 0.94883 0.94487 0.95299 0.99136 0.99177 1.00000 1.00000 1.00000 1.00000 1.00000 0.75061
0.00000 0.56323 0.89967 0.90598 0.91311 0.89193 0.88228 0.88407 0.90820 0.92743 0.86133 0.79789 0.76783 0.82581 0.90054 0.92671 0.72182 0.73343 0.81483 0.87334 0.98450 0.98820 1.00000 1.00000 0.75410
0.00000 0.00000 0.90119 0.88058 0.92569 0.90526 0.89008 0.85074 0.91031 0.87543 0.85361 0.78217 0.82214 0.82188 0.89192 0.90957 0.50678 0.52908 0.75907 0.84202 0.98886 0.97485 1.00000 1.00000 0.81650
0.00000 0.00000 0.75536 0.87992 0.93510 0.84845 0.93617 0.92405 0.79983 0.81006 0.75284 0.85388 0.91868 0.84258 0.92179 0.88437 0.74470 0.79483 0.79779 0.81149 0.95380 0.99054 1.00000 1.00000 0.81650
0.00000 0.00000 0.81567 0.90211 0.87155 0.90988 0.94470 0.96452 0.79157 0.77069 0.83920 0.85073 0.93878 0.92467 0.92050 0.93003 0.83552 0.87480 0.87138 0.88227 0.95581 0.98568 1.00000 1.00000 0.81650
0.00000 0.00000 0.82753 0.85646 0.89163 0.89743 0.91595 0.96722 0.93573 0.94159 0.89322 0.81245 0.90006 0.81082 0.85402 0.94184 0.95442 0.96654 0.97449 0.94255 0.91221 0.97441 1.00000 1.00000 0.81650
0.00000 0.38343 0.75562 0.85725 0.84982 0.94549 0.95706 0.97149 0.86792 0.90576 0.93531 0.92788 0.82191 0.87572 0.93939 0.93945 0.96555 1.00000 0.97583 0.97865 0.94301 0.97609 0.98570 0.96725 1.00000
0.00000 0.00000 0.50232 0.87630 0.85010 0.88234 0.94495 0.90793 0.89721 0.90337 0.88695 0.89312 0.76066 0.84938 0.83126 0.83159 0.92544 0.85976 0.95873 0.98212 0.90994 0.96836 0.95126 0.96990 1.00000
0.00000 0.00000 0.79841 0.87728 0.98895 0.98515 0.97669 0.98248 0.91605 0.93692 0.95030 0.95047 0.85230 0.91993 0.88870 0.94488 0.92550 0.93061 0.84537 0.92584 0.94199 0.90583 0.94911 0.98955 1.00000
0.00000 0.00000 0.40680 0.91872 0.86812 0.76680 0.81264 0.84650 0.96978 0.95453 0.92108 0.89234 0.94938 0.93993 0.88607 0.87742 0.91042 0.90489 0.93822 0.98597 0.99130 0.95622 0.97392 1.00000 1.00000
0.23226 0.21421 0.80455 0.88787 0.85492 0.84514 0.86703 0.83633 0.98409 0.98017 0.93918 0.96231 0.90311 0.82323 0.85222 0.89577 0.91234 0.93781 0.91690 0.95501 0.93980 0.94791 0.98846 1.00000 1.00000
0.29626 0.73866 0.88788 0.89034 0.90323 0.87327 0.89702 0.90789 0.98393 0.97304 0.98239 0.91500 0.91036 0.89724 0.87099 0.89936 0.90580 0.95155 0.96978 0.96875 0.96042 0.97778 1.00000 1.00000 1.00000
0.53893 0.89760 0.94665 0.94802 0.95699 0.93365 0.89271 0.88544 0.96349 0.90889 0.91484 0.93084 0.91316 0.91039 0.95592 0.97261 0.96176 0.93168 0.98086 0.99004 0.98456 0.99189 1.00000 0.81650 0.81650
0.75803 0.94949 0.95192 0.97880 0.97920 0.98143 0.98170 0.98746 0.94093 0.95510 0.95747 0.95712 0.96480 0.97274 0.98481 0.99185 0.99066 0.97339 0.95533 0.98853 0.99278 0.99604 1.00000 1.00000 0.00000
0.86239 1.00000 0.97910 0.98072 0.99084 0.98795 0.98610 0.99437 0.98376 0.98608 0.97523 0.97197 0.98520 0.97603 0.99394 0.98532 0.98687 0.98176 0.98232 0.98565 1.00000 1.00000 0.99487 1.00000 0.00000
0.90519 1.00000 1.00000 1.00000 1.00000 1.00000 1.00000 0.99305 1.00000 1.00000 0.97268 1.00000 1.00000 1.00000 1.00000 1.00000 1.00000 1.00000 1.00000 1.00000 1.00000 1.00000 1.00000 1.00000 0.00000
0.61656 0.95018 0.98767 1.00000 1.00000 1.00000 0.98972 0.96452 1.00000 0.98415 0.96124 0.98495 0.97581 0.96382 1.00000 0.98724 0.96782 1.00000 0.97532 0.99084 1.00000 1.00000 1.00000 1.00000 0.00000
0.66667 0.66667 0.81650 0.81650 0.81650 0.81650 0.81650 0.81650 0.81650 0.81650 0.81650 0.81650 0.81650 0.81650 0.81650 0.81650 0.81650 0.81650 0.81650 0.81650 0.81650 0.81650 0.81650 0.81650 0.00000
