# name=dense_grid field=200x200 stride=8
25 25
0.98333 0.98333 0.98333 0.98333 0.97670 0.97670 0.97670 0.97670 0.97670 0.97670 0.97670 0.97670 0.97670 0.97670 0.97670 0.97670 0.97670 0.97670 0.97670 0.97670 0.97670 0.97646 0.97567 0.97365 0.96881
0.98333 0.98333 0.98333 0.98333 0.97856 0.97856 0.97856 0.97856 0.97856 0.97856 0.97856 0.97856 0.97856 0.97856 0.97856 0.97856 0.97856 0.97856 0.97856 0.97856 0.97856 0.97837 0.97779 0.97632 0.97280
0.98333 0.98333 0.98333 0.98333 0.97936 0.97936 0.97936 0.97936 0.97936 0.97936 0.97936 0.97936 0.97936 0.97936 0.97936 0.97936 0.97936 0.97936 0.97936 0.97936 0.97936 0.97919 0.97870 0.97747 0.97453
0.98333 0.98333 0.98333 0.98333 0.97964 0.97964 0.97964 0.97964 0.97964 0.97964 0.97964 0.97964 0.97964 0.97964 0.97964 0.97964 0.97964 0.97964 0.97964 0.97964 0.97964 0.97950 0.97904 0.97789 0.97512
0.97670 0.97856 0.97936 0.97964 0.97602 0.97602 0.97602 0.97602 0.97602 0.97602 0.97602 0.97602 0.97602 0.97602 0.97602 0.97602 0.97602 0.97602 0.97602 0.97602 0.97602 0.97574 0.97484 0.97260 0.97512
0.97670 0.97856 0.97936 0.97964 0.97602 0.97602 0.97602 0.97602 0.97602 0.97602 0.97602 0.97602 0.97602 0.97602 0.97602 0.97602 0.97602 0.97602 0.97602 0.97602 0.97602 0.97574 0.97484 0.97260 0.97512
0.97670 0.97856 0.97936 0.97964 0.97602 0.97602 0.97602 0.97602 0.97602 0.97602 0.97602 0.97602 0.97602 0.97602 0.97602 0.97602 0.97602 0.97602 0.97602 0.97602 0.97602 0.97574 0.97484 0.97260 0.97512
0.97670 0.97856 0.97936 0.97964 0.97602 0.97602 0.97602 0.97602 0.97602 0.97602 0.97602 0.97602 0.97602 0.97602 0.97602 0.97602 0.97602 0.97602 0.97602 0.97602 0.97602 0.97574 0.97484 0.97260 0.97512
0.97670 0.97856 0.97936 0.97964 0.97602 0.97602 0.97602 0.97602 0.97602 0.97602 0.97602 0.97602 0.97602 0.97602 0.97602 0.97602 0.97602 0.97602 0.97602 0.97602 0.97602 0.97574 0.97484 0.97260 0.97512
0.97670 0.97856 0.97936 0.97964 0.97602 0.97602 0.97602 0.97602 0.97602 0.97602 0.97602 0.97602 0.97602 0.97602 0.97602 0.97602 0.97602 0.97602 0.97602 0.97602 0.97602 0.97574 0.97484 0.97260 0.97512
0.97670 0.97856 0.97936 0.97964 0.97602 0.97602 0.97602 0.97602 0.97602 0.97602 0.97602 0.97602 0.97602 0.97602 0.97602 0.97602 0.97602 0.97602 0.97602 0.97602 0.97602 0.97574 0.97484 0.97260 0.97512
0.97670 0.97856 0.97936 0.97964 0.97602 0.97602 0.97602 0.97602 0.97602 0.97602 0.97602 0.97602 0.97602 0.97602 0.97602 0.97602 0.97602 0.97602 0.97602 0.97602 0.97602 0.97574 0.97484 0.97260 0.97512
0.97670 0.97856 0.97936 0.97964 0.97602 0.97602 0.97602 0.97602 0.97602 0.97602 0.97602 0.97602 0.97602 0.97602 0.97602 0.97602 0.97602 0.97602 0.97602 0.97602 0.97602 0.97574 0.97484 0.97260 0.97512
0.97670 0.97856 0.97936 0.97964 0.97602 0.97602 0.97602 0.97602 0.97602 0.97602 0.97602 0.97602 0.97602 0.97602 0.97602 0.97602 0.97602 0.97602 0.97602 0.97602 0.97602 0.97574 0.97484 0.97260 0.97512
0.97670 0.97856 0.97936 0.97964 0.97602 0.97602 0.97602 0.97602 0.97602 0.97602 0.97602 0.97602 0.97602 0.97602 0.97602 0.97602 0.97602 0.97602 0.97602 0.97602 0.97602 0.97574 0.97484 0.97260 0.97512
0.97670 0.97856 0.97936 0.97964 0.97602 0.97602 0.97602 0.97602 0.97602 0.97602 0.97602 0.97602 0.97602 0.97602 0.97602 0.97602 0.97602 0.97602 0.97602 0.97602 0.97602 0.97574 0.97484 0.97260 0.97512
0.97670 0.97856 0.97936 0.97964 0.97602 0.97602 0.97602 0.97602 0.97602 0.97602 0.97602 0.97602 0.97602 0.97602 0.97602 0.97602 0.97602 0.97602 0.97602 0.97602 0.97602 0.97574 0.97484 0.97260 0.97512
0.97670 0.97856 0.97936 0.97964 0.97602 0.97602 0.97602 0.97602 0.97602 0.97602 0.97602 0.97602 0.97602 0.97602 0.97602 0.97602 0.97602 0.97602 0.97602 0.97602 0.97602 0.97574 0.97484 0.97260 0.97512
0.97670 0.97856 0.97936 0.97964 0.97602 0.97602 0.97602 0.97602 0.97602 0.97602 0.97602 0.97602 0.97602 0.97602 0.97602 0.97602 0.97602 0.97602 0.97602 0.97602 0.97602 0.97574 0.97484 0.97260 0.97512
0.97670 0.97856 0.97936 0.97964 0.97602 0.97602 0.97602 0.97602 0.97602 0.97602 0.97602 0.97602 0.97602 0.97602 0.97602 0.97602 0.97602 0.97602 0.97602 0.97602 0.97602 0.97574 0.97484 0.97260 0.97512
0.97670 0.97856 0.97936 0.97964 0.97602 0.97602 0.97602 0.97602 0.97602 0.97602 0.97602 0.97602 0.97602 0.97602 0.97602 0.97602 0.97602 0.97602 0.97602 0.97602 0.97602 0.97574 0.97484 0.97260 0.97512
0.97646 0.97837 0.97919 0.97950 0.97574 0.97574 0.97574 0.97574 0.97574 0.97574 0.97574 0.97574 0.97574 0.97574 0.97574 0.97574 0.97574 0.97574 0.97574 0.97574 0.97574 0.97544 0.97446 0.97213 0.97479
0.97567 0.97779 0.97870 0.97904 0.97484 0.97484 0.97484 0.97484 0.97484 0.97484 0.97484 0.97484 0.97484 0.97484 0.97484 0.97484 0.97484 0.97484 0.97484 0.97484 0.97484 0.97446 0.97336 0.97075 0.97371
0.97365 0.97632 0.97747 0.97789 0.97260 0.97260 0.97260 0.97260 0.97260 0.97260 0.97260 0.97260 0.97260 0.97260 0.97260 0.97260 0.97260 0.97260 0.97260 0.97260 0.97260 0.97213 0.97075 0.96747 0.97115
0.96881 0.97280 0.97453 0.97512 0.97512 0.97512 0.97512 0.97512 0.97512 0.97512 0.97512 0.97512 0.97512 0.97512 0.97512 0.97512 0.97512 0.97512 0.97512 0.97512 0.97512 0.97479 0.97371 0.97115 0.98333
