# name=grid_streets_w4 field=200x200 stride=8
25 25
0.35427 0.99583 0.93810 0.99583 0.89395 0.99583 0.89395 0.99583 0.89395 0.99583 0.89395 0.99583 0.89395 0.99583 0.89395 0.99583 0.89395 0.99583 0.89395 0.99583 0.89395 0.99583 0.94349 0.99583 0.35610
0.99583 0.99583 0.99583 0.99583 0.99583 0.99583 0.99583 0.99583 0.99583 0.99583 0.99583 0.99583 0.99583 0.99583 0.99583 0.99583 0.99583 0.99583 0.99583 0.99583 0.99583 0.99583 0.99583 0.99583 0.99583
0.93810 0.99583 0.99583 0.99583 0.99583 0.99583 0.99583 0.99583 0.99583 0.99583 0.99583 0.99583 0.99583 0.99583 0.99583 0.99583 0.99583 0.99583 0.99583 0.99583 0.99583 0.99583 0.99583 0.99583 0.93718
0.99583 0.99583 0.99583 0.99583 0.99583 0.99583 0.99583 0.99583 0.99583 0.99583 0.99583 0.99583 0.99583 0.99583 0.99583 0.99583 0.99583 0.99583 0.99583 0.99583 0.99583 0.99583 0.99583 0.99583 0.99583
0.89395 0.99583 0.99583 0.99583 0.99583 0.99583 0.99583 0.99583 0.99583 0.99583 0.99583 0.99583 0.99583 0.99583 0.99583 0.99583 0.99583 0.99583 0.99583 0.99583 0.99583 0.99583 0.99583 0.99583 0.89245
0.99583 0.99583 0.99583 0.99583 0.99583 0.99583 0.99583 0.99583 0.99583 0.99583 0.99583 0.99583 0.99583 0.99583 0.99583 0.99583 0.99583 0.99583 0.99583 0.99583 0.99583 0.99583 0.99583 0.99583 0.99583
0.89395 0.99583 0.99583 0.99583 0.99583 0.99583 0.99583 0.99583 0.99583 0.99583 0.99583 0.99583 0.99583 0.99583 0.99583 0.99583 0.99583 0.99583 0.99583 0.99583 0.99583 0.99583 0.99583 0.99583 0.89245
0.99583 0.99583 0.99583 0.99583 0.99583 0.99583 0.99583 0.99583 0.99583 0.99583 0.99583 0.99583 0.99583 0.99583 0.99583 0.99583 0.99583 0.99583 0.99583 0.99583 0.99583 0.99583 0.99583 0.99583 0.99583
0.89395 0.99583 0.99583 0.99583 0.99583 0.99583 0.99583 0.99583 0.99583 0.99583 0.99583 0.99583 0.99583 0.99583 0.99583 0.99583 0.99583 0.99583 0.99583 0.99583 0.99583 0.99583 0.99583 0.99583 0.89245
0.99583 0.99583 0.99583 0.99583 0.99583 0.99583 0.99583 0.99583 0.99583 0.99583 0.99583 0.99583 0.99583 0.99583 0.99583 0.99583 0.99583 0.99583 0.99583 0.99583 0.99583 0.99583 0.99583 0.99583 0.99583
0.89395 0.99583 0.99583 0.99583 0.99583 0.99583 0.99583 0.99583 0.99583 0.99583 0.99583 0.99583 0.99583 0.99583 0.99583 0.99583 0.99583 0.99583 0.99583 0.99583 0.99583 0.99583 0.99583 0.99583 0.89245
0.99583 0.99583 0.99583 0.99583 0.99583 0.99583 0.99583 0.99583 0.99583 0.99583 0.99583 0.99583 0.99583 0.99583 0.99583 0.99583 0.99583 0.99583 0.99583 0.99583 0.99583 0.99583 0.99583 0.99583 0.99583
0.89395 0.99583 0.99583 0.99583 0.99583 0.99583 0.99583 0.99583 0.99583 0.99583 0.99583 0.99583 0.99583 0.99583 0.99583 0.99583 0.99583 0.99583 0.99583 0.99583 0.99583 0.99583 0.99583 0.99583 0.89245
0.99583 0.99583 0.99583 0.99583 0.99583 0.99583 0.99583 0.99583 0.99583 0.99583 0.99583 0.99583 0.99583 0.99583 0.99583 0.99583 0.99583 0.99583 0.99583 0.99583 0.99583 0.99583 0.99583 0.99583 0.99583
0.89395 0.99583 0.99583 0.99583 0.99583 0.99583 0.99583 0.99583 0.99583 0.99583 0.99583 0.99583 0.99583 0.99583 0.99583 0.99583 0.99583 0.99583 0.99583 0.99583 0.99583 0.99583 0.99583 0.99583 0.89245
0.99583 0.99583 0.99583 0.99583 0.99583 0.99583 0.99583 0.99583 0.99583 0.99583 0.99583 0.99583 0.99583 0.99583 0.99583 0.99583 0.99583 0.99583 0.99583 0.99583 0.99583 0.99583 0.99583 0.99583 0.99583
0.89395 0.99583 0.99583 0.99583 0.99583 0.99583 0.99583 0.99583 0.99583 0.99583 0.99583 0.99583 0.99583 0.99583 0.99583 0.99583 0.99583 0.99583 0.99583 0.99583 0.99583 0.99583 0.99583 0.99583 0.89245
0.99583 0.99583 0.99583 0.99583 0.99583 0.99583 0.99583 0.99583 0.99583 0.99583 0.99583 0.99583 0.99583 0.99583 0.99583 0.99583 0.99583 0.99583 0.99583 0.99583 0.99583 0.99583 0.99583 0.99583 0.99583
0.89395 0.99583 0.99583 0.99583 0.99583 0.99583 0.99583 0.99583 0.99583 0.99583 0.99583 0.99583 0.99583 0.99583 0.99583 0.99583 0.99583 0.99583 0.99583 0.99583 0.99583 0.99583 0.99583 0.99583 0.89245
0.99583 0.99583 0.99583 0.99583 0.99583 0.99583 0.99583 0.99583 0.99583 0.99583 0.99583 0.99583 0.99583 0.99583 0.99583 0.99583 0.99583 0.99583 0.99583 0.99583 0.99583 0.99583 0.99583 0.99583 0.99583
0.89395 0.99583 0.99583 0.99583 0.99583 0.99583 0.99583 0.99583 0.99583 0.99583 0.99583 0.99583 0.99583 0.99583 0.99583 0.99583 0.99583 0.99583 0.99583 0.99583 0.99583 0.99583 0.99583 0.99583 0.89245
0.99583 0.99583 0.99583 0.99583 0.99583 0.99583 0.99583 0.99583 0.99583 0.99583 0.99583 0.99583 0.99583 0.99583 0.99583 0.99583 0.99583 0.99583 0.99583 0.99583 0.99583 0.99583 0.99583 0.99583 0.99583
0.94349 0.99583 0.99583 0.99583 0.99583 0.99583 0.99583 0.99583 0.99583 0.99583 0.99583 0.99583 0.99583 0.99583 0.99583 0.99583 0.99583 0.99583 0.99583 0.99583 0.99583 0.99583 0.99583 0.99583 0.94265
0.99583 0.99583 0.99583 0.99583 0.99583 0.99583 0.99583 0.99583 0.99583 0.99583 0.99583 0.99583 0.99583 0.99583 0.99583 0.99583 0.99583 0.99583 0.99583 0.99583 0.99583 0.99583 0.99583 0.99583 0.99583
0.35610 0.99583 0.93718 0.99583 0.89245 0.99583 0.89245 0.99583 0.89245 0.99583 0.89245 0.99583 0.89245 0.99583 0.89245 0.99583 0.89245 0.99583 0.89245 0.99583 0.89245 0.99583 0.94265 0.99583 0.35801
