# name=grid_streets_w3 field=200x200 stride=8
25 25
0.34879 0.99583 0.92921 0.96978 0.88236 0.96636 0.95847 0.96260 0.96260 0.95847 0.96636 0.88236 0.96978 0.88361 0.99583 0.88403 0.99583 0.88361 0.96978 0.88236 0.99583 0.94987 0.99583 0.35526 0.00000
0.99583 0.94678 0.99583 0.95647 0.99583 0.95390 0.97868 0.95109 0.95109 0.97868 0.95390 0.99583 0.95647 0.99583 0.95881 0.99583 0.95881 0.99583 0.95647 0.99583 0.97656 0.97507 0.96721 0.33484 0.00000
0.92921 0.99583 0.99583 0.99583 0.99583 0.99583 0.99583 0.99583 0.99583 0.99583 0.99583 0.99583 0.99583 0.99583 0.99583 0.99583 0.99583 0.99583 0.99583 0.99583 0.99583 0.99583 0.99583 0.92520 0.00000
0.96978 0.95647 0.99583 0.96451 0.98175 0.96257 0.98105 0.98078 0.98078 0.98105 0.96257 0.98175 0.96451 0.99583 0.96628 0.99583 0.96628 0.99583 0.96451 0.98175 0.97961 0.97783 0.97169 0.88845 0.00000
0.88236 0.99583 0.99583 0.98175 0.99583 0.99583 0.99583 0.99583 0.99583 0.99583 0.99583 0.99583 0.98175 0.99583 0.99583 0.99583 0.99583 0.99583 0.98175 0.99583 0.99583 0.99583 0.95695 0.87606 0.00000
0.96636 0.95390 0.99583 0.96257 0.99583 0.96068 0.99583 0.99583 0.99583 0.99583 0.96068 0.99583 0.96257 0.99583 0.96431 0.99583 0.96431 0.99583 0.96257 0.99583 0.97744 0.99583 0.96851 0.86703 0.00000
0.95847 0.97868 0.99583 0.98105 0.99583 0.99583 0.99583 0.99583 0.99583 0.99583 0.99583 0.99583 0.98105 0.99583 0.98314 0.99583 0.98314 0.99583 0.98105 0.99583 0.99583 0.99583 0.96116 0.87390 0.00000
0.96260 0.95109 0.99583 0.98078 0.99583 0.99583 0.99583 0.99583 0.99583 0.99583 0.99583 0.99583 0.98078 0.99583 0.96215 0.99583 0.96215 0.99583 0.98078 0.99583 0.99583 0.99583 0.96501 0.87088 0.00000
0.96260 0.95109 0.99583 0.98078 0.99583 0.99583 0.99583 0.99583 0.99583 0.99583 0.99583 0.99583 0.98078 0.99583 0.96215 0.99583 0.96215 0.99583 0.98078 0.99583 0.99583 0.99583 0.96501 0.87088 0.00000
0.95847 0.97868 0.99583 0.98105 0.99583 0.99583 0.99583 0.99583 0.99583 0.99583 0.99583 0.99583 0.98105 0.99583 0.98314 0.99583 0.98314 0.99583 0.98105 0.99583 0.99583 0.99583 0.96116 0.87390 0.00000
0.96636 0.95390 0.99583 0.96257 0.99583 0.96068 0.99583 0.99583 0.99583 0.99583 0.96068 0.99583 0.96257 0.99583 0.96431 0.99583 0.96431 0.99583 0.96257 0.99583 0.97744 0.99583 0.96851 0.86703 0.00000
0.88236 0.99583 0.99583 0.98175 0.99583 0.99583 0.99583 0.99583 0.99583 0.99583 0.99583 0.99583 0.98175 0.99583 0.99583 0.99583 0.99583 0.99583 0.98175 0.99583 0.99583 0.99583 0.95695 0.87606 0.00000
0.96978 0.95647 0.99583 0.96451 0.98175 0.96257 0.98105 0.98078 0.98078 0.98105 0.96257 0.98175 0.96451 0.99583 0.96628 0.99583 0.96628 0.99583 0.96451 0.98175 0.97961 0.97783 0.97169 0.88845 0.00000
0.88361 0.99583 0.99583 0.99583 0.99583 0.99583 0.99583 0.99583 0.99583 0.99583 0.99583 0.99583 0.99583 0.99583 0.99583 0.99583 0.99583 0.99583 0.99583 0.99583 0.99583 0.99583 0.99583 0.87737 0.00000
0.99583 0.95881 0.99583 0.96628 0.99583 0.96431 0.98314 0.96215 0.96215 0.98314 0.96431 0.99583 0.96628 0.99583 0.96808 0.99583 0.96808 0.99583 0.96628 0.99583 0.98155 0.98044 0.97455 0.29875 0.00000
0.88403 0.99583 0.99583 0.99583 0.99583 0.99583 0.99583 0.99583 0.99583 0.99583 0.99583 0.99583 0.99583 0.99583 0.99583 0.99583 0.99583 0.99583 0.99583 0.99583 0.99583 0.99583 0.99583 0.87780 0.00000
0.99583 0.95881 0.99583 0.96628 0.99583 0.96431 0.98314 0.96215 0.96215 0.98314 0.96431 0.99583 0.96628 0.99583 0.96808 0.99583 0.96808 0.99583 0.96628 0.99583 0.98155 0.98044 0.97455 0.29875 0.00000
0.88361 0.99583 0.99583 0.99583 0.99583 0.99583 0.99583 0.99583 0.99583 0.99583 0.99583 0.99583 0.99583 0.99583 0.99583 0.99583 0.99583 0.99583 0.99583 0.99583 0.99583 0.99583 0.99583 0.87737 0.00000
0.96978 0.95647 0.99583 0.96451 0.98175 0.96257 0.98105 0.98078 0.98078 0.98105 0.96257 0.98175 0.96451 0.99583 0.96628 0.99583 0.96628 0.99583 0.96451 0.98175 0.97961 0.97783 0.97169 0.88845 0.00000
0.88236 0.99583 0.99583 0.98175 0.99583 0.99583 0.99583 0.99583 0.99583 0.99583 0.99583 0.99583 0.98175 0.99583 0.99583 0.99583 0.99583 0.99583 0.98175 0.99583 0.99583 0.99583 0.95695 0.87606 0.00000
0.99583 0.97656 0.99583 0.97961 0.99583 0.97744 0.99583 0.99583 0.99583 0.99583 0.97744 0.99583 0.97961 0.99583 0.98155 0.99583 0.98155 0.99583 0.97961 0.99583 0.99583 0.99583 0.99583 0.89669 0.00000
0.94987 0.97507 0.99583 0.97783 0.99583 0.99583 0.99583 0.99583 0.99583 0.99583 0.99583 0.99583 0.97783 0.99583 0.98044 0.99583 0.98044 0.99583 0.97783 0.99583 0.99583 0.99583 0.95314 0.94700 0.00000
0.99583 0.96721 0.99583 0.97169 0.95695 0.96851 0.96116 0.96501 0.96501 0.96116 0.96851 0.95695 0.97169 0.99583 0.97455 0.99583 0.97455 0.99583 0.97169 0.95695 0.99583 0.95314 0.99583 0.34599 0.00000
0.35526 0.33484 0.92520 0.88845 0.87606 0.86703 0.87390 0.87088 0.87088 0.87390 0.86703 0.87606 0.88845 0.87737 0.29875 0.87780 0.29875 0.87737 0.88845 0.87606 0.89669 0.94700 0.34599 0.36283 0.00000
0.00000 0.00000 0.00000 0.00000 0.00000 0.00000 0.00000 0.00000 0.00000 0.00000 0.00000 0.00000 0.00000 0.00000 0.00000 0.00000 0.00000 0.00000 0.00000 0.00000 0.00000 0.00000 0.00000 0.00000 0.00000
