# name=grid_rotated_30 field=200x200 stride=8
25 25
0.32182 0.72223 0.79302 0.85607 0.86495 0.82991 0.87483 0.85062 0.85733 0.86169 0.63481 0.77881 0.81288 0.84829 0.71266 0.78777 0.82762 0.80131 0.88231 0.86085 0.88462 0.85051 0.72548 0.36968 0.38379
0.34825 0.79272 0.84223 0.87508 0.86242 0.84009 0.89049 0.92155 0.89476 0.87760 0.87777 0.90333 0.80251 0.87060 0.84463 0.85258 0.83779 0.90283 0.89558 0.87652 0.86310 0.85305 0.76132 0.78091 0.70714
0.72900 0.76678 0.83710 0.89261 0.91380 0.88844 0.88971 0.90001 0.90262 0.88027 0.90554 0.92266 0.87346 0.89294 0.86330 0.88097 0.87399 0.88215 0.90683 0.91940 0.92021 0.88831 0.82550 0.82457 0.77111
0.85051 0.85570 0.89429 0.90689 0.90198 0.90815 0.92447 0.92297 0.92069 0.91972 0.89775 0.92225 0.90602 0.88980 0.90074 0.88912 0.91610 0.91144 0.92609 0.90909 0.90754 0.89840 0.87663 0.85181 0.82720
0.88462 0.86310 0.92021 0.90754 0.92748 0.90717 0.92479 0.89508 0.92260 0.92219 0.90900 0.92280 0.92299 0.92304 0.91070 0.90967 0.92638 0.89612 0.92842 0.91196 0.92748 0.89333 0.89726 0.83652 0.83091
0.86085 0.87652 0.91940 0.90909 0.91196 0.89403 0.92538 0.90750 0.92300 0.90483 0.92415 0.89448 0.90649 0.92345 0.92475 0.92328 0.92491 0.92613 0.92779 0.89403 0.90717 0.90152 0.87582 0.81967 0.80331
0.88231 0.89558 0.90683 0.92609 0.92842 0.92779 0.92585 0.92331 0.92279 0.89475 0.92486 0.90342 0.92522 0.91173 0.92467 0.90973 0.92345 0.92444 0.92585 0.92538 0.92479 0.92301 0.88165 0.87842 0.85958
0.80131 0.90283 0.88215 0.91144 0.89612 0.92613 0.92444 0.92467 0.90974 0.92457 0.90478 0.90537 0.89595 0.91401 0.92599 0.92503 0.92322 0.92467 0.92331 0.90750 0.89508 0.92096 0.89616 0.91617 0.84429
0.82762 0.83779 0.87399 0.91610 0.92638 0.92491 0.92345 0.92322 0.89035 0.90608 0.90948 0.92661 0.90892 0.92733 0.91062 0.92609 0.89035 0.90974 0.92279 0.92300 0.92260 0.91812 0.89849 0.88900 0.85037
0.78777 0.85258 0.88097 0.88912 0.90967 0.92328 0.90973 0.92503 0.92609 0.92635 0.91360 0.91311 0.91206 0.92838 0.91151 0.92635 0.90608 0.92457 0.89475 0.90483 0.92219 0.91781 0.87734 0.87308 0.85594
0.71266 0.84463 0.86330 0.90074 0.91070 0.92475 0.92467 0.92599 0.91062 0.91151 0.92846 0.92929 0.92891 0.92921 0.92846 0.91360 0.90948 0.90478 0.92486 0.92415 0.90900 0.89781 0.90442 0.87534 0.63420
0.84829 0.87060 0.89294 0.88980 0.92304 0.92345 0.91173 0.91401 0.92733 0.92838 0.92921 0.91530 0.92901 0.91530 0.92929 0.91311 0.92661 0.90537 0.90342 0.89448 0.92304 0.92276 0.92322 0.88461 0.77590
0.81288 0.80251 0.87346 0.90602 0.92299 0.90649 0.92522 0.89595 0.90892 0.91206 0.92891 0.92901 0.92930 0.92901 0.92891 0.91206 0.90892 0.89595 0.92522 0.90649 0.92325 0.90645 0.87188 0.80040 0.81046
0.77881 0.90333 0.92266 0.92225 0.92280 0.89448 0.90342 0.90537 0.92661 0.91311 0.92929 0.91530 0.92901 0.91530 0.92921 0.92838 0.92733 0.91401 0.91173 0.92345 0.92304 0.88820 0.89103 0.86814 0.84621
0.63481 0.87777 0.90554 0.89775 0.90900 0.92415 0.92486 0.90478 0.90948 0.91360 0.92846 0.92921 0.92891 0.92929 0.92846 0.91151 0.91062 0.92599 0.92467 0.92475 0.91070 0.89928 0.86112 0.84201 0.71546
0.86169 0.87760 0.88027 0.91972 0.92219 0.90483 0.89475 0.92457 0.90608 0.92635 0.91151 0.92838 0.91206 0.91311 0.91360 0.92635 0.92609 0.92503 0.90973 0.92328 0.90967 0.88759 0.87860 0.85014 0.78602
0.85733 0.89476 0.90262 0.92069 0.92260 0.92300 0.92279 0.90974 0.89035 0.92609 0.91062 0.92733 0.90892 0.92661 0.90948 0.90608 0.89035 0.92322 0.92345 0.92491 0.92638 0.91508 0.87189 0.83574 0.82636
0.85062 0.92155 0.90001 0.92297 0.89508 0.90750 0.92331 0.92467 0.92322 0.92503 0.92599 0.91401 0.89595 0.90537 0.90478 0.92457 0.90974 0.92467 0.92444 0.92613 0.89612 0.91044 0.88024 0.89817 0.80040
0.87483 0.89049 0.88971 0.92447 0.92479 0.92538 0.92585 0.92444 0.92345 0.90973 0.92467 0.91173 0.92522 0.90342 0.92486 0.89475 0.92279 0.92331 0.92585 0.92779 0.92842 0.92253 0.90011 0.88687 0.87230
0.82991 0.84009 0.88844 0.90815 0.90717 0.89403 0.92779 0.92613 0.92491 0.92328 0.92475 0.92345 0.90649 0.89448 0.92415 0.90483 0.92300 0.90750 0.92538 0.89403 0.91196 0.90302 0.90829 0.86068 0.84102
0.86495 0.86242 0.91380 0.90198 0.92748 0.91196 0.92842 0.89612 0.92638 0.90967 0.91070 0.92304 0.92325 0.92304 0.90900 0.92219 0.92260 0.89508 0.92479 0.90717 0.92748 0.90077 0.90714 0.84305 0.85626
0.85525 0.87450 0.89221 0.90198 0.90077 0.90302 0.92253 0.91044 0.91508 0.88759 0.89928 0.88820 0.90645 0.92276 0.89781 0.91781 0.91812 0.92096 0.92301 0.90152 0.89333 0.89428 0.87960 0.83765 0.82702
0.79239 0.84164 0.83148 0.88409 0.90714 0.90829 0.90011 0.88024 0.87189 0.87860 0.86112 0.89103 0.87188 0.92322 0.90442 0.87734 0.89849 0.89616 0.88165 0.87582 0.89726 0.87626 0.82042 0.75315 0.71822
0.72229 0.79274 0.75727 0.83862 0.84305 0.86068 0.88687 0.89817 0.83574 0.85014 0.84201 0.86814 0.80040 0.88461 0.87534 0.87308 0.88900 0.91617 0.87842 0.81967 0.83652 0.85129 0.82402 0.78094 0.37018
0.32255 0.34896 0.71735 0.82702 0.85626 0.84102 0.87230 0.80040 0.82636 0.78602 0.71546 0.84621 0.81046 0.77590 0.63420 0.85594 0.85037 0.84429 0.85958 0.80331 0.83091 0.82648 0.77055 0.70721 0.38443
