# name=grid_nonrect_buildings field=200x200 stride=8
25 25
0.00000 0.13915 0.13637 0.12994 0.12581 0.13867 0.12881 0.11948 0.10603 0.11147 0.11814 0.30452 0.30078 0.11448 0.30395 0.11581 0.31545 0.32552 0.33579 0.34054 0.13616 0.13850 0.14286 0.00000 0.00000
0.12658 0.34227 0.96022 0.92455 0.31448 0.94398 0.92133 0.93557 0.94384 0.31473 0.93417 0.89518 0.89558 0.90750 0.43865 0.91691 0.36938 0.90244 0.91705 0.87756 0.93091 0.96892 0.35199 0.14156 0.00000
0.11832 0.95438 0.95567 0.92706 0.96764 0.94610 0.98298 0.98488 0.94771 0.97604 0.93994 0.96206 0.95748 0.91825 0.95580 0.92862 0.96264 0.96336 0.92789 0.96287 0.93419 0.96744 0.97073 0.13788 0.13788
0.29487 0.90865 0.91758 0.93028 0.93113 0.94946 0.95037 0.95204 0.92453 0.94433 0.91838 0.94104 0.93917 0.96168 0.93749 0.94019 0.94274 0.94264 0.93564 0.93166 0.93966 0.93007 0.92487 0.13754 0.13754
0.29786 0.85615 0.95307 0.92733 0.96392 0.94602 0.92940 0.93786 0.95015 0.97430 0.94463 0.92247 0.92219 0.93643 0.96639 0.94281 0.96920 0.92773 0.93386 0.96164 0.93540 0.96109 0.31183 0.12082 0.12234
0.29472 0.91458 0.92167 0.93708 0.94231 0.94733 0.95441 0.95597 0.92907 0.95042 0.92608 0.94484 0.94451 0.91706 0.94161 0.94625 0.93889 0.93847 0.96535 0.93016 0.90680 0.92988 0.92473 0.11649 0.11643
0.30844 0.89647 0.95949 0.93305 0.92880 0.95179 0.94105 0.98244 0.95153 0.97856 0.94934 0.92153 0.97236 0.94182 0.92269 0.94400 0.96945 0.96850 0.93728 0.96403 0.93537 0.95809 0.88461 0.30680 0.12008
0.30586 0.90265 0.96047 0.93443 0.92406 0.95177 0.98002 0.98173 0.94953 0.93314 0.95026 0.97368 0.97337 0.94271 0.91977 0.94378 0.97003 0.96912 0.93853 0.92284 0.93732 0.96047 0.90587 0.30647 0.11819
0.29903 0.91324 0.92354 0.93449 0.93413 0.94214 0.94205 0.94410 0.94563 0.94290 0.92171 0.94958 0.95045 0.94437 0.94185 0.94180 0.94594 0.94559 0.90857 0.93688 0.94606 0.92699 0.91785 0.31134 0.11689
0.30333 0.30722 0.95593 0.92706 0.95785 0.93304 0.96219 0.92471 0.93683 0.96997 0.94476 0.97327 0.93200 0.94727 0.97563 0.95051 0.97055 0.92804 0.93775 0.97090 0.94533 0.97052 0.45368 0.32573 0.32477
0.11637 0.92394 0.92918 0.95205 0.92955 0.92515 0.93109 0.93425 0.91206 0.94080 0.94503 0.93983 0.94297 0.94882 0.94419 0.97380 0.94014 0.93919 0.94708 0.94971 0.94819 0.94255 0.93477 0.13718 0.13718
0.30844 0.89296 0.95637 0.92612 0.90802 0.93009 0.95346 0.95709 0.93589 0.92127 0.94141 0.96887 0.96904 0.94252 0.93274 0.94812 0.92673 0.97003 0.93700 0.92219 0.94819 0.97594 0.54618 0.34998 0.13886
0.30586 0.90047 0.95831 0.92903 0.90705 0.93369 0.95715 0.96069 0.93706 0.91754 0.94183 0.96525 0.96532 0.93577 0.92680 0.94659 0.97166 0.96934 0.93739 0.93139 0.94514 0.92926 0.92352 0.34859 0.13904
0.29903 0.91389 0.92485 0.93968 0.93418 0.93884 0.93080 0.93481 0.94588 0.94505 0.92241 0.93607 0.93373 0.93626 0.93843 0.94949 0.94043 0.93988 0.97032 0.93992 0.94961 0.94174 0.93865 0.13937 0.13947
0.30333 0.46787 0.96583 0.94053 0.97197 0.94496 0.92422 0.92875 0.94084 0.97251 0.94414 0.91852 0.92403 0.93799 0.97205 0.94999 0.92918 0.93221 0.94269 0.97275 0.94949 0.98106 0.32072 0.12509 0.00000
0.11637 0.93351 0.94548 0.95173 0.95285 0.93190 0.95134 0.94914 0.97417 0.95045 0.92070 0.94003 0.94043 0.95037 0.95416 0.93057 0.94895 0.94714 0.95319 0.95370 0.95534 0.95717 0.95625 0.00000 0.00000
0.32613 0.91446 0.97430 0.94660 0.93120 0.95876 0.97758 0.97574 0.94592 0.92786 0.95052 0.97423 0.97452 0.94494 0.93104 0.95939 0.98341 0.98173 0.95029 0.93962 0.95615 0.92826 0.91852 0.10974 0.00000
0.33413 0.91147 0.97535 0.94758 0.93909 0.95779 0.97662 0.97476 0.94633 0.93275 0.95160 0.97474 0.97505 0.94717 0.93308 0.96067 0.98555 0.98390 0.95238 0.93395 0.95454 0.97776 0.91903 0.11208 0.12086
0.12766 0.92603 0.93793 0.97474 0.94492 0.95163 0.94211 0.94292 0.94611 0.94157 0.92113 0.94844 0.94955 0.94821 0.94900 0.95510 0.95278 0.95178 0.91775 0.94293 0.91838 0.93962 0.93179 0.11779 0.11779
0.12005 0.31079 0.96931 0.93959 0.96958 0.94307 0.97207 0.93606 0.94531 0.97404 0.94456 0.91556 0.92233 0.93670 0.96975 0.94596 0.97465 0.93725 0.94316 0.96975 0.94012 0.96178 0.43895 0.23883 0.23883
0.00000 0.93506 0.93956 0.94129 0.93841 0.91590 0.94559 0.95096 0.91992 0.94159 0.91390 0.93747 0.93346 0.93309 0.93377 0.91478 0.94264 0.94550 0.91815 0.93983 0.91507 0.92725 0.91825 0.03058 0.03058
0.00000 0.96609 0.96306 0.92274 0.95970 0.93393 0.96676 0.92427 0.94353 0.97351 0.94135 0.96152 0.95630 0.91597 0.95269 0.92487 0.95821 0.91369 0.93293 0.96379 0.93051 0.95884 0.95617 0.03206 0.03206
0.00000 0.34613 0.96201 0.91363 0.65756 0.92724 0.47482 0.91279 0.93251 0.31541 0.93631 0.89502 0.90250 0.90806 0.30556 0.91061 0.45770 0.89942 0.92109 0.44820 0.92624 0.96172 0.35447 0.03808 0.00000
0.00000 0.12796 0.11857 0.30310 0.30806 0.11643 0.31959 0.32867 0.12890 0.12027 0.00000 0.11046 0.11165 0.11559 0.29934 0.11418 0.29987 0.30178 0.11018 0.10665 0.00000 0.00000 0.00000 0.00000 0.00000
0.00000 0.00000 0.11831 0.11714 0.12149 0.11648 0.11941 0.13788 0.13754 0.00000 0.00000 0.00000 0.11949 0.11552 0.29788 0.11418 0.11698 0.11819 0.11689 0.10521 0.00000 0.00000 0.00000 0.00000 0.00000
