# name=grid_sheared field=200x200 stride=8
25 25
0.77106 0.77929 0.87038 0.87118 0.93390 0.90324 0.93390 0.90324 0.93390 0.90324 0.93390 0.90324 0.93390 0.90324 0.93390 0.90324 0.93390 0.90324 0.93390 0.90324 0.95349 0.95312 0.95277 0.95224 0.11192
0.83824 0.90119 0.91938 0.91886 0.94701 0.94693 0.94701 0.94693 0.94701 0.94693 0.94701 0.94693 0.94701 0.94693 0.94701 0.94693 0.94701 0.94693 0.94701 0.94693 0.94701 0.94620 0.94543 0.88710 0.27722
0.90065 0.91735 0.92948 0.93879 0.94654 0.94731 0.94654 0.94731 0.94654 0.94731 0.94654 0.94731 0.94654 0.94731 0.94654 0.94731 0.94654 0.94731 0.94654 0.94731 0.94654 0.94687 0.94677 0.85297 0.27699
0.88221 0.89690 0.92920 0.91742 0.92009 0.91772 0.92009 0.91772 0.92009 0.91772 0.92009 0.91772 0.92009 0.91772 0.92009 0.91772 0.92009 0.91772 0.92009 0.91772 0.92009 0.93729 0.91414 0.89936 0.42912
0.85740 0.92611 0.94593 0.93027 0.94612 0.93028 0.94612 0.93028 0.94612 0.93028 0.94612 0.93028 0.94612 0.93028 0.94612 0.93028 0.94612 0.93028 0.94612 0.93028 0.94612 0.94514 0.94568 0.94555 0.85967
0.89368 0.90869 0.92199 0.93949 0.93803 0.93949 0.93803 0.93949 0.93803 0.93949 0.93803 0.93949 0.93803 0.93949 0.93803 0.93949 0.93803 0.93949 0.93803 0.93949 0.93803 0.93949 0.93681 0.90224 0.84458
0.84479 0.88274 0.91256 0.93030 0.94607 0.94523 0.94607 0.94523 0.94607 0.94523 0.94607 0.94523 0.94607 0.94523 0.94607 0.94523 0.94607 0.94523 0.94607 0.94523 0.94607 0.94522 0.94586 0.94508 0.85748
0.77714 0.88233 0.88283 0.91720 0.91733 0.92143 0.91733 0.92143 0.91733 0.92143 0.91733 0.92143 0.91733 0.92143 0.91733 0.92143 0.91733 0.92143 0.91733 0.92143 0.91733 0.92109 0.92898 0.86830 0.88262
0.73308 0.86230 0.88175 0.92323 0.93028 0.94612 0.93028 0.94612 0.93028 0.94612 0.93028 0.94612 0.93028 0.94612 0.93028 0.94612 0.93028 0.94612 0.93028 0.94612 0.93003 0.93707 0.92766 0.91578 0.90004
0.81002 0.90017 0.91546 0.91331 0.93949 0.93803 0.93949 0.93803 0.93949 0.93803 0.93949 0.93803 0.93949 0.93803 0.93949 0.93803 0.93949 0.93803 0.93949 0.93803 0.93949 0.92591 0.91372 0.86770 0.80866
0.90156 0.91746 0.92902 0.93791 0.94523 0.94607 0.94523 0.94607 0.94523 0.94607 0.94523 0.94607 0.94523 0.94607 0.94523 0.94607 0.94523 0.94607 0.94523 0.94607 0.94523 0.92076 0.89273 0.85787 0.74500
0.88316 0.89767 0.92968 0.91703 0.92143 0.91733 0.92143 0.91733 0.92143 0.91733 0.92143 0.91733 0.92143 0.91733 0.92143 0.91733 0.92143 0.91733 0.92143 0.91733 0.92143 0.91294 0.88353 0.87925 0.73050
0.85740 0.92611 0.94593 0.93027 0.94612 0.93028 0.94612 0.93028 0.94612 0.93028 0.94612 0.93028 0.94612 0.93028 0.94612 0.93028 0.94612 0.93028 0.94612 0.93028 0.94612 0.92852 0.90971 0.87869 0.83981
0.89368 0.90869 0.92199 0.93949 0.93803 0.93949 0.93803 0.93949 0.93803 0.93949 0.93803 0.93949 0.93803 0.93949 0.93803 0.93949 0.93803 0.93949 0.93803 0.93949 0.93803 0.93949 0.92044 0.90696 0.84197
0.84479 0.88274 0.91256 0.93030 0.94607 0.94523 0.94607 0.94523 0.94607 0.94523 0.94607 0.94523 0.94607 0.94523 0.94607 0.94523 0.94607 0.94523 0.94607 0.94523 0.94607 0.94522 0.94586 0.94508 0.85748
0.77714 0.88233 0.88283 0.91720 0.91733 0.92143 0.91733 0.92143 0.91733 0.92143 0.91733 0.92143 0.91733 0.92143 0.91733 0.92143 0.91733 0.92143 0.91733 0.92143 0.91733 0.92109 0.92898 0.86830 0.88262
0.73308 0.86230 0.88175 0.92323 0.93028 0.94612 0.93028 0.94612 0.93028 0.94612 0.93028 0.94612 0.93028 0.94612 0.93028 0.94612 0.93028 0.94612 0.93028 0.94612 0.93003 0.93707 0.92766 0.91578 0.90004
0.81002 0.90017 0.91546 0.91331 0.93949 0.93803 0.93949 0.93803 0.93949 0.93803 0.93949 0.93803 0.93949 0.93803 0.93949 0.93803 0.93949 0.93803 0.93949 0.93803 0.93949 0.92591 0.91372 0.86770 0.80866
0.90156 0.91746 0.92902 0.93791 0.94523 0.94607 0.94523 0.94607 0.94523 0.94607 0.94523 0.94607 0.94523 0.94607 0.94523 0.94607 0.94523 0.94607 0.94523 0.94607 0.94523 0.92076 0.89273 0.85787 0.74500
0.88316 0.89767 0.92968 0.91703 0.92143 0.91733 0.92143 0.91733 0.92143 0.91733 0.92143 0.91733 0.92143 0.91733 0.92143 0.91733 0.92143 0.91733 0.92143 0.91733 0.92143 0.91294 0.88353 0.87925 0.73050
0.85740 0.92611 0.94593 0.93027 0.94612 0.93028 0.94612 0.93028 0.94612 0.93028 0.94612 0.93028 0.94612 0.93028 0.94612 0.93028 0.94612 0.93028 0.94612 0.93028 0.94612 0.92852 0.90971 0.87869 0.83981
0.94315 0.94267 0.94285 0.94424 0.94368 0.94424 0.94368 0.94424 0.94368 0.94424 0.94368 0.94424 0.94368 0.94424 0.94368 0.94424 0.94368 0.94424 0.94368 0.94424 0.94368 0.94424 0.92511 0.90870 0.88978
0.94949 0.95013 0.95053 0.95095 0.90489 0.95095 0.90489 0.95095 0.90489 0.95095 0.90489 0.95095 0.90489 0.95095 0.90489 0.95095 0.90489 0.95095 0.90489 0.95095 0.90489 0.95095 0.89838 0.95164 0.32594
0.34023 0.95512 0.91030 0.83496 0.85668 0.83496 0.85668 0.83496 0.85668 0.83496 0.85668 0.83496 0.85668 0.83496 0.85668 0.83496 0.85668 0.83496 0.85668 0.83496 0.85668 0.83496 0.89462 0.31977 0.34306
0.00000 0.00000 0.00000 0.00000 0.00000 0.00000 0.00000 0.00000 0.00000 0.00000 0.00000 0.00000 0.00000 0.00000 0.00000 0.00000 0.00000 0.00000 0.00000 0.00000 0.00000 0.00000 0.00000 0.00000 0.00000
