# name=grid_streets_w9 field=200x200 stride=8
25 25
0.38250 0.36023 0.32344 0.32430 0.32627 0.00000 0.32873 0.31897 0.31897 0.32873 0.00000 0.32627 0.32430 0.32344 0.32923 0.31563 0.32187 0.32774 0.00000 0.32774 0.32187 0.32890 0.36374 0.00000 0.00000
0.36023 0.99583 0.99583 0.94408 0.93771 0.99583 0.92319 0.95516 0.95516 0.92319 0.99583 0.93771 0.94408 0.96424 0.99583 0.95994 0.94988 0.93076 0.99583 0.93076 0.94988 0.99583 0.99583 0.36150 0.00000
0.32344 0.99583 0.99583 0.99583 0.99583 0.99583 0.99583 0.96441 0.96441 0.99583 0.99583 0.99583 0.99583 0.99583 0.99583 0.96815 0.99583 0.99583 0.99583 0.99583 0.99583 0.99583 0.99583 0.00000 0.00000
0.32430 0.94408 0.99583 0.91292 0.95487 0.99583 0.95415 0.96421 0.96421 0.95415 0.99583 0.95487 0.91292 0.97135 0.95401 0.96797 0.96005 0.95444 0.99583 0.95444 0.96005 0.99583 0.94285 0.32472 0.00000
0.32627 0.93771 0.99583 0.95487 0.90133 0.99583 0.94893 0.96376 0.96376 0.94893 0.99583 0.90133 0.95487 0.97100 0.94877 0.96757 0.95954 0.94926 0.99583 0.94926 0.95954 0.99583 0.93634 0.32672 0.00000
0.00000 0.99583 0.99583 0.99583 0.99583 0.99583 0.99583 0.99583 0.99583 0.99583 0.99583 0.99583 0.99583 0.99583 0.99583 0.99583 0.99583 0.99583 0.99583 0.99583 0.99583 0.99583 0.99583 0.00000 0.00000
0.32873 0.92319 0.99583 0.95415 0.94893 0.99583 0.99583 0.96319 0.96319 0.99583 0.99583 0.94893 0.95415 0.97055 0.93675 0.96707 0.95889 0.94321 0.99583 0.94321 0.95889 0.99583 0.92152 0.32924 0.00000
0.31897 0.95516 0.96441 0.96421 0.96376 0.99583 0.96319 0.93333 0.93333 0.96319 0.99583 0.96376 0.96421 0.96441 0.96307 0.93781 0.92855 0.96342 0.99583 0.96342 0.92855 0.96315 0.95418 0.00000 0.00000
0.31897 0.95516 0.96441 0.96421 0.96376 0.99583 0.96319 0.93333 0.93333 0.96319 0.99583 0.96376 0.96421 0.96441 0.96307 0.93781 0.92855 0.96342 0.99583 0.96342 0.92855 0.96315 0.95418 0.00000 0.00000
0.32873 0.92319 0.99583 0.95415 0.94893 0.99583 0.99583 0.96319 0.96319 0.99583 0.99583 0.94893 0.95415 0.97055 0.93675 0.96707 0.95889 0.94321 0.99583 0.94321 0.95889 0.99583 0.92152 0.32924 0.00000
0.00000 0.99583 0.99583 0.99583 0.99583 0.99583 0.99583 0.99583 0.99583 0.99583 0.99583 0.99583 0.99583 0.99583 0.99583 0.99583 0.99583 0.99583 0.99583 0.99583 0.99583 0.99583 0.99583 0.00000 0.00000
0.32627 0.93771 0.99583 0.95487 0.90133 0.99583 0.94893 0.96376 0.96376 0.94893 0.99583 0.90133 0.95487 0.97100 0.94877 0.96757 0.95954 0.94926 0.99583 0.94926 0.95954 0.99583 0.93634 0.32672 0.00000
0.32430 0.94408 0.99583 0.91292 0.95487 0.99583 0.95415 0.96421 0.96421 0.95415 0.99583 0.95487 0.91292 0.97135 0.95401 0.96797 0.96005 0.95444 0.99583 0.95444 0.96005 0.99583 0.94285 0.32472 0.00000
0.32344 0.96424 0.99583 0.97135 0.97100 0.99583 0.97055 0.96441 0.96441 0.97055 0.99583 0.97100 0.97135 0.99583 0.97046 0.96815 0.99583 0.97073 0.99583 0.97073 0.99583 0.99583 0.96347 0.00000 0.00000
0.32923 0.99583 0.99583 0.95401 0.94877 0.99583 0.93675 0.96307 0.96307 0.93675 0.99583 0.94877 0.95401 0.97046 0.99583 0.96696 0.95876 0.94303 0.99583 0.94303 0.95876 0.99583 0.91315 0.32974 0.00000
0.31563 0.95994 0.96815 0.96797 0.96757 0.99583 0.96707 0.93781 0.93781 0.96707 0.99583 0.96757 0.96797 0.96815 0.96696 0.94212 0.96846 0.96727 0.99583 0.96727 0.96846 0.96703 0.95906 0.00000 0.00000
0.32187 0.94988 0.99583 0.96005 0.95954 0.99583 0.95889 0.92855 0.92855 0.95889 0.99583 0.95954 0.96005 0.99583 0.95876 0.96846 0.92360 0.95915 0.99583 0.95915 0.92360 0.99583 0.94878 0.00000 0.00000
0.32774 0.93076 0.99583 0.95444 0.94926 0.99583 0.94321 0.96342 0.96342 0.94321 0.99583 0.94926 0.95444 0.97073 0.94303 0.96727 0.95915 0.99583 0.99583 0.99583 0.95915 0.99583 0.92924 0.32823 0.00000
0.00000 0.99583 0.99583 0.99583 0.99583 0.99583 0.99583 0.99583 0.99583 0.99583 0.99583 0.99583 0.99583 0.99583 0.99583 0.99583 0.99583 0.99583 0.99583 0.99583 0.99583 0.99583 0.99583 0.00000 0.00000
0.32774 0.93076 0.99583 0.95444 0.94926 0.99583 0.94321 0.96342 0.96342 0.94321 0.99583 0.94926 0.95444 0.97073 0.94303 0.96727 0.95915 0.99583 0.99583 0.99583 0.95915 0.99583 0.92924 0.32823 0.00000
0.32187 0.94988 0.99583 0.96005 0.95954 0.99583 0.95889 0.92855 0.92855 0.95889 0.99583 0.95954 0.96005 0.99583 0.95876 0.96846 0.92360 0.95915 0.99583 0.95915 0.92360 0.99583 0.94878 0.00000 0.00000
0.32890 0.99583 0.99583 0.99583 0.99583 0.99583 0.99583 0.96315 0.96315 0.99583 0.99583 0.99583 0.99583 0.99583 0.99583 0.96703 0.99583 0.99583 0.99583 0.99583 0.99583 0.99583 0.99583 0.00000 0.00000
0.36374 0.99583 0.99583 0.94285 0.93634 0.99583 0.92152 0.95418 0.95418 0.92152 0.99583 0.93634 0.94285 0.96347 0.91315 0.95906 0.94878 0.92924 0.99583 0.92924 0.94878 0.99583 0.35023 0.36511 0.00000
0.00000 0.36150 0.00000 0.32472 0.32672 0.00000 0.32924 0.00000 0.00000 0.32924 0.00000 0.32672 0.32472 0.00000 0.32974 0.00000 0.00000 0.32823 0.00000 0.32823 0.00000 0.00000 0.36511 0.00000 0.00000
0.00000 0.00000 0.00000 0.00000 0.00000 0.00000 0.00000 0.00000 0.00000 0.00000 0.00000 0.00000 0.00000 0.00000 0.00000 0.00000 0.00000 0.00000 0.00000 0.00000 0.00000 0.00000 0.00000 0.00000 0.00000
