# name=grid_streets_w2 field=200x200 stride=8
25 25
0.34347 0.95845 0.99583 0.96108 0.95698 0.95252 0.96483 0.94244 0.94571 0.94768 0.96108 0.95698 0.95252 0.96483 0.94244 0.94571 0.94768 0.96108 0.95698 0.95252 0.96483 0.99583 0.96183 0.34513 0.00000
0.95845 0.93697 0.99583 0.99583 0.99583 0.99583 0.95927 0.99583 0.93432 0.99583 0.99583 0.99583 0.99583 0.95927 0.99583 0.93432 0.99583 0.99583 0.99583 0.99583 0.97438 0.99583 0.93879 0.95783 0.00000
0.99583 0.99583 0.99583 0.99583 0.99583 0.99583 0.99583 0.99583 0.99583 0.99583 0.99583 0.99583 0.99583 0.99583 0.99583 0.99583 0.99583 0.99583 0.99583 0.99583 0.99583 0.99583 0.99583 0.99583 0.00000
0.96108 0.99583 0.99583 0.99583 0.99583 0.99583 0.98442 0.99583 0.98282 0.99583 0.99583 0.99583 0.99583 0.98442 0.99583 0.98282 0.99583 0.99583 0.99583 0.99583 0.99583 0.99583 0.97664 0.96049 0.00000
0.95698 0.99583 0.99583 0.99583 0.99583 0.99583 0.98463 0.99583 0.98306 0.99583 0.99583 0.99583 0.99583 0.98463 0.99583 0.98306 0.99583 0.99583 0.99583 0.99583 0.99583 0.99583 0.97698 0.95633 0.00000
0.95252 0.99583 0.99583 0.99583 0.99583 0.99583 0.98487 0.99583 0.98333 0.99583 0.99583 0.99583 0.99583 0.98487 0.99583 0.98333 0.99583 0.99583 0.99583 0.99583 0.99583 0.99583 0.97737 0.95180 0.00000
0.96483 0.95927 0.99583 0.98442 0.98463 0.98487 0.97286 0.99583 0.95534 0.99583 0.98442 0.98463 0.98487 0.97286 0.99583 0.95534 0.99583 0.98442 0.98463 0.98487 0.98401 0.99583 0.93471 0.96431 0.00000
0.94244 0.99583 0.99583 0.99583 0.99583 0.99583 0.99583 0.99583 0.99583 0.99583 0.99583 0.99583 0.99583 0.99583 0.99583 0.99583 0.99583 0.99583 0.99583 0.99583 0.99583 0.99583 0.99583 0.87230 0.00000
0.94571 0.93432 0.99583 0.98282 0.98306 0.98333 0.95534 0.99583 0.93726 0.99583 0.98282 0.98306 0.98333 0.95534 0.99583 0.93726 0.99583 0.98282 0.98306 0.98333 0.96617 0.99583 0.93517 0.94489 0.00000
0.94768 0.99583 0.99583 0.99583 0.99583 0.99583 0.99583 0.99583 0.99583 0.99583 0.99583 0.99583 0.99583 0.99583 0.99583 0.99583 0.99583 0.99583 0.99583 0.99583 0.99583 0.99583 0.99583 0.94689 0.00000
0.96108 0.99583 0.99583 0.99583 0.99583 0.99583 0.98442 0.99583 0.98282 0.99583 0.99583 0.99583 0.99583 0.98442 0.99583 0.98282 0.99583 0.99583 0.99583 0.99583 0.99583 0.99583 0.97664 0.96049 0.00000
0.95698 0.99583 0.99583 0.99583 0.99583 0.99583 0.98463 0.99583 0.98306 0.99583 0.99583 0.99583 0.99583 0.98463 0.99583 0.98306 0.99583 0.99583 0.99583 0.99583 0.99583 0.99583 0.97698 0.95633 0.00000
0.95252 0.99583 0.99583 0.99583 0.99583 0.99583 0.98487 0.99583 0.98333 0.99583 0.99583 0.99583 0.99583 0.98487 0.99583 0.98333 0.99583 0.99583 0.99583 0.99583 0.99583 0.99583 0.97737 0.95180 0.00000
0.96483 0.95927 0.99583 0.98442 0.98463 0.98487 0.97286 0.99583 0.95534 0.99583 0.98442 0.98463 0.98487 0.97286 0.99583 0.95534 0.99583 0.98442 0.98463 0.98487 0.98401 0.99583 0.93471 0.96431 0.00000
0.94244 0.99583 0.99583 0.99583 0.99583 0.99583 0.99583 0.99583 0.99583 0.99583 0.99583 0.99583 0.99583 0.99583 0.99583 0.99583 0.99583 0.99583 0.99583 0.99583 0.99583 0.99583 0.99583 0.87230 0.00000
0.94571 0.93432 0.99583 0.98282 0.98306 0.98333 0.95534 0.99583 0.93726 0.99583 0.98282 0.98306 0.98333 0.95534 0.99583 0.93726 0.99583 0.98282 0.98306 0.98333 0.96617 0.99583 0.93517 0.94489 0.00000
0.94768 0.99583 0.99583 0.99583 0.99583 0.99583 0.99583 0.99583 0.99583 0.99583 0.99583 0.99583 0.99583 0.99583 0.99583 0.99583 0.99583 0.99583 0.99583 0.99583 0.99583 0.99583 0.99583 0.94689 0.00000
0.96108 0.99583 0.99583 0.99583 0.99583 0.99583 0.98442 0.99583 0.98282 0.99583 0.99583 0.99583 0.99583 0.98442 0.99583 0.98282 0.99583 0.99583 0.99583 0.99583 0.99583 0.99583 0.97664 0.96049 0.00000
0.95698 0.99583 0.99583 0.99583 0.99583 0.99583 0.98463 0.99583 0.98306 0.99583 0.99583 0.99583 0.99583 0.98463 0.99583 0.98306 0.99583 0.99583 0.99583 0.99583 0.99583 0.99583 0.97698 0.95633 0.00000
0.95252 0.99583 0.99583 0.99583 0.99583 0.99583 0.98487 0.99583 0.98333 0.99583 0.99583 0.99583 0.99583 0.98487 0.99583 0.98333 0.99583 0.99583 0.99583 0.99583 0.99583 0.99583 0.97737 0.95180 0.00000
0.96483 0.97438 0.99583 0.99583 0.99583 0.99583 0.98401 0.99583 0.96617 0.99583 0.99583 0.99583 0.99583 0.98401 0.99583 0.96617 0.99583 0.99583 0.99583 0.99583 0.99583 0.99583 0.95039 0.96431 0.00000
0.99583 0.99583 0.99583 0.99583 0.99583 0.99583 0.99583 0.99583 0.99583 0.99583 0.99583 0.99583 0.99583 0.99583 0.99583 0.99583 0.99583 0.99583 0.99583 0.99583 0.99583 0.99583 0.99583 0.92512 0.00000
0.96183 0.93879 0.99583 0.97664 0.97698 0.97737 0.93471 0.99583 0.93517 0.99583 0.97664 0.97698 0.97737 0.93471 0.99583 0.93517 0.99583 0.97664 0.97698 0.97737 0.95039 0.99583 0.94078 0.96126 0.00000
0.34513 0.95783 0.99583 0.96049 0.95633 0.95180 0.96431 0.87230 0.94489 0.94689 0.96049 0.95633 0.95180 0.96431 0.87230 0.94489 0.94689 0.96049 0.95633 0.95180 0.96431 0.92512 0.96126 0.34686 0.00000
0.00000 0.00000 0.00000 0.00000 0.00000 0.00000 0.00000 0.00000 0.00000 0.00000 0.00000 0.00000 0.00000 0.00000 0.00000 0.00000 0.00000 0.00000 0.00000 0.00000 0.00000 0.00000 0.00000 0.00000 0.00000
