# name=grid_streets_mixed field=200x200 stride=8
25 25
0.35163 0.99583 0.94333 0.99583 0.90869 0.99583 0.89240 0.99583 0.88624 0.95886 0.89647 0.87008 0.79661 0.88639 0.83307 0.89370 0.91013 0.94810 0.99583 0.89338 0.92547 0.99583 0.99583 0.35728 0.00000
0.99583 0.99583 0.99583 0.99583 0.99583 0.99583 0.99583 0.97697 0.99583 0.96961 0.94516 0.88939 0.84355 0.87866 0.92073 0.88319 0.89441 0.96282 0.97572 0.96903 0.99583 0.97122 0.99583 0.33307 0.00000
0.93109 0.99583 0.99583 0.99583 0.99583 0.99583 0.99583 0.99583 0.99583 0.97262 0.94418 0.89186 0.84539 0.87278 0.89429 0.88570 0.91844 0.96558 0.99583 0.99583 0.99583 0.99583 0.99583 0.92754 0.00000
0.99583 0.99583 0.99583 0.99583 0.97082 0.99583 0.99583 0.98076 0.99583 0.97025 0.94516 0.88939 0.84391 0.83811 0.84577 0.88319 0.90175 0.96802 0.97975 0.97435 0.99583 0.97612 0.99583 0.30469 0.00000
0.90890 0.96348 0.99583 0.93650 0.99583 0.93854 0.99583 0.97221 0.99583 0.97308 0.94994 0.88793 0.84643 0.83086 0.84497 0.88201 0.92508 0.96657 0.99583 0.99583 0.99583 0.99583 0.91542 0.90430 0.00000
0.99583 0.99583 0.95826 0.99583 0.93249 0.99583 0.96511 0.97978 0.99583 0.96875 0.94516 0.88939 0.81077 0.82723 0.80792 0.88319 0.89984 0.96060 0.97872 0.97298 0.99583 0.97486 0.99583 0.31250 0.12124
0.91505 0.92787 0.99583 0.94088 0.99583 0.94278 0.99583 0.94547 0.99583 0.95209 0.94958 0.88801 0.86317 0.83054 0.83072 0.88206 0.93929 0.96629 0.97339 0.97378 0.97176 0.99583 0.92117 0.91074 0.13659
0.90239 0.99583 0.95756 0.99583 0.93136 0.99583 0.96454 0.97948 0.99583 0.96828 0.94378 0.89299 0.81010 0.82723 0.80722 0.88319 0.89924 0.96000 0.97839 0.97255 0.99583 0.97446 0.99583 0.49192 0.32488
0.91518 0.96974 0.97627 0.94097 0.99583 0.94287 0.99583 0.97683 0.99583 0.95592 0.93268 0.87442 0.83222 0.83053 0.83259 0.88207 0.90554 0.94858 0.97636 0.97668 0.97494 0.97258 0.92129 0.94308 0.11776
0.91402 0.99583 0.99583 0.99583 0.97019 0.99583 0.99583 0.98032 0.99583 0.96957 0.94394 0.89253 0.84388 0.82723 0.80913 0.88319 0.90088 0.96733 0.97928 0.97373 0.99583 0.97555 0.99583 0.30829 0.10701
0.90012 0.97095 0.97709 0.97598 0.99583 0.97671 0.99583 0.96377 0.99583 0.95735 0.92994 0.87866 0.83224 0.82982 0.83300 0.88533 0.88829 0.94988 0.96285 0.95566 0.97578 0.95579 0.96831 0.30647 0.10270
0.91675 0.99583 0.99583 0.99583 0.99583 0.99583 0.99583 0.98104 0.99583 0.97328 0.94398 0.89243 0.84469 0.83069 0.87555 0.88319 0.90230 0.96718 0.98005 0.97475 0.99583 0.97649 0.99583 0.30236 0.00000
0.88975 0.97194 0.97778 0.97678 0.99583 0.97747 0.99583 0.96477 0.99583 0.95845 0.93031 0.87959 0.83267 0.82820 0.90539 0.88270 0.88947 0.95228 0.96387 0.95791 0.97713 0.95702 0.96940 0.30351 0.00000
0.89089 0.97218 0.97796 0.97697 0.99583 0.97766 0.99583 0.96531 0.99583 0.95856 0.93047 0.87969 0.83319 0.82819 0.92227 0.92536 0.92573 0.95239 0.96443 0.97875 0.97732 0.95768 0.96966 0.91419 0.00000
0.91109 0.99583 0.99583 0.99583 0.99583 0.99583 0.99583 0.98115 0.99583 0.97353 0.94390 0.89265 0.88101 0.90902 0.93892 0.90729 0.90635 0.96749 0.98017 0.97491 0.99583 0.97664 0.99583 0.30139 0.00000
0.90362 0.96789 0.99583 0.97352 0.99583 0.97433 0.99583 0.96172 0.99583 0.95515 0.94609 0.89103 0.84573 0.89659 0.87428 0.88499 0.90578 0.96681 0.95980 0.97519 0.97336 0.97757 0.91048 0.89879 0.11275
0.90541 0.97388 0.99583 0.97833 0.97008 0.97898 0.99583 0.96553 0.99583 0.95573 0.94382 0.88106 0.83265 0.82723 0.81018 0.87237 0.88937 0.95409 0.97925 0.95847 0.97866 0.97551 0.97154 0.30853 0.12210
0.88908 0.96778 0.99583 0.97342 0.99583 0.97424 0.99583 0.97538 0.99583 0.95566 0.94591 0.89160 0.84630 0.82839 0.83138 0.88560 0.92217 0.96828 0.97540 0.97493 0.97313 0.99583 0.96481 0.88363 0.12381
0.91049 0.99583 0.99583 0.99583 0.99583 0.99583 0.99583 0.98067 0.99583 0.97356 0.94389 0.89267 0.84412 0.82723 0.84498 0.88319 0.90158 0.96753 0.97966 0.97423 0.99583 0.97601 0.99583 0.30540 0.11555
0.90745 0.96899 0.99583 0.97440 0.99583 0.97518 0.99583 0.97628 0.99583 0.95573 0.94605 0.89095 0.85015 0.82967 0.83215 0.88490 0.93900 0.96664 0.97572 0.97605 0.97427 0.99583 0.91407 0.90280 0.09928
0.99583 0.99583 0.99583 0.99583 0.97197 0.99583 0.99583 0.98102 0.99583 0.97066 0.94516 0.88939 0.84368 0.82723 0.81075 0.88319 0.90227 0.96282 0.98004 0.97473 0.99583 0.97647 0.99583 0.30248 0.10358
0.94079 0.99583 0.99583 0.99583 0.99583 0.99583 0.99583 0.99583 0.99583 0.97218 0.94810 0.88838 0.84572 0.82929 0.84516 0.88233 0.91845 0.96516 0.99583 0.99583 0.99583 0.99583 0.94511 0.93772 0.11747
0.99583 0.99583 0.94614 0.99583 0.91311 0.99583 0.95507 0.97438 0.99583 0.96069 0.94516 0.88939 0.79923 0.82723 0.79602 0.88319 0.88950 0.95039 0.97296 0.96539 0.99583 0.96787 0.99583 0.34977 0.12317
0.36302 0.33892 0.93808 0.52799 0.90049 0.54791 0.88295 0.48496 0.87633 0.84040 0.85119 0.75699 0.79187 0.74393 0.78838 0.75486 0.85965 0.86544 0.90534 0.88400 0.91865 0.99583 0.35197 0.37036 0.00000
0.14394 0.14013 0.35276 0.36421 0.36307 0.36265 0.32757 0.12029 0.27442 0.10652 0.10235 0.26239 0.29233 0.48304 0.29230 0.26539 0.10103 0.10818 0.12401 0.35799 0.36589 0.15557 0.15570 0.00000 0.00000
