# name=grid_mixed_sizes field=200x200 stride=8
25 25
0.00000 0.00000 0.00000 0.00000 0.00000 0.05409 0.26301 0.24712 0.33023 0.32497 0.33175 0.34675 0.14100 0.32868 0.31298 0.29981 0.76777 0.29616 0.77406 0.49267 0.47636 0.33471 0.14459 0.00000 0.00000
0.00000 0.00000 0.00000 0.00000 0.00000 0.28763 0.27082 0.25632 0.76257 0.73045 0.88122 0.81201 0.93409 0.86708 0.76140 0.28200 0.77596 0.27672 0.74692 0.48598 0.92736 0.93046 0.93561 0.14126 0.00000
0.14147 0.37225 0.89722 0.84220 0.52169 0.78968 0.55213 0.77728 0.80371 0.84709 0.86046 0.93962 0.90521 0.86132 0.84563 0.74719 0.83821 0.64438 0.81186 0.88114 0.93024 0.93190 0.89330 0.13330 0.13330
0.13339 0.93283 0.89097 0.83932 0.82864 0.77526 0.82023 0.76849 0.80420 0.84561 0.87898 0.93349 0.89679 0.87344 0.89463 0.74839 0.81574 0.80553 0.91396 0.94412 0.91972 0.90802 0.93423 0.13159 0.13159
0.32527 0.92414 0.88363 0.80200 0.81116 0.72718 0.86369 0.78963 0.76499 0.86957 0.86861 0.90449 0.90629 0.90170 0.80985 0.74635 0.85411 0.85048 0.87621 0.94672 0.88040 0.84929 0.83162 0.35790 0.00000
0.33949 0.32826 0.98074 0.92658 0.80507 0.82509 0.75400 0.45650 0.76742 0.77041 0.61241 0.28195 0.82427 0.76797 0.76721 0.88843 0.86547 0.96655 0.82861 0.91548 0.78286 0.50730 0.51535 0.13339 0.13339
0.34001 0.99668 0.99668 0.97898 0.95704 0.83986 0.86065 0.79146 0.81261 0.82259 0.28025 0.78257 0.80628 0.81707 0.78610 0.69404 0.81395 0.76941 0.83053 0.79040 0.74692 0.79245 0.33145 0.13155 0.13155
0.99718 0.99718 0.99718 0.97563 0.89895 0.77662 0.82703 0.83060 0.84153 0.93992 0.82804 0.86874 0.77067 0.82449 0.79997 0.71864 0.82560 0.48387 0.78677 0.65513 0.70490 0.75462 0.52208 0.35766 0.00000
0.35902 0.99763 0.99763 0.88292 0.76896 0.79142 0.59158 0.80046 0.77976 0.82064 0.72880 0.42272 0.78325 0.31562 0.31555 0.46522 0.48310 0.81877 0.78279 0.78545 0.80788 0.50293 0.13330 0.13330 0.13330
0.00000 0.31134 0.43992 0.55169 0.80513 0.47006 0.73893 0.78345 0.79698 0.78822 0.72957 0.45619 0.82767 0.55297 0.43422 0.29558 0.82186 0.31686 0.82275 0.47461 0.48818 0.50465 0.13159 0.13159 0.13159
0.30128 0.29878 0.40814 0.44908 0.78453 0.74653 0.74193 0.28090 0.78685 0.27431 0.78690 0.76246 0.83621 0.77389 0.41379 0.76759 0.79236 0.79798 0.74634 0.83552 0.82730 0.82971 0.36139 0.13822 0.00000
0.05388 0.25599 0.47995 0.47497 0.45103 0.44067 0.30257 0.83524 0.27921 0.78945 0.82282 0.72670 0.70286 0.79082 0.78143 0.44750 0.63635 0.67291 0.80466 0.78560 0.77177 0.11307 0.05130 0.05187 0.00000
0.00000 0.00000 0.13317 0.47872 0.69496 0.25853 0.90981 0.87737 0.85403 0.78416 0.80416 0.83516 0.44594 0.10284 0.08348 0.04880 0.04436 0.44719 0.46276 0.45954 0.46127 0.12139 0.05023 0.05042 0.00000
0.00000 0.00000 0.29587 0.48386 0.50889 0.85484 0.89438 0.93136 0.86362 0.76401 0.71666 0.79088 0.74535 0.71166 0.79859 0.76966 0.28085 0.76218 0.11338 0.77007 0.78865 0.33146 0.12408 0.05050 0.00000
0.00000 0.00000 0.29286 0.27826 0.25638 0.32142 0.00000 0.00000 0.52189 0.70235 0.70580 0.83387 0.76406 0.78412 0.77549 0.45976 0.81027 0.82153 0.81910 0.84433 0.82961 0.00000 0.00000 0.00000 0.00000
0.00000 0.09139 0.47906 0.45229 0.41215 0.44873 0.20590 0.69088 0.80092 0.70163 0.72718 0.73231 0.78906 0.79958 0.78732 0.65122 0.70545 0.79133 0.80310 0.48387 0.47250 0.00000 0.00000 0.00000 0.00000
0.00000 0.00000 0.12278 0.11870 0.71791 0.76529 0.70002 0.68609 0.78384 0.69957 0.72357 0.75029 0.63845 0.28894 0.64888 0.76596 0.79762 0.81206 0.77558 0.75102 0.47066 0.00000 0.00000 0.00000 0.00000
0.00000 0.00000 0.00000 0.83385 0.78803 0.73505 0.69816 0.68126 0.49143 0.48263 0.82135 0.83523 0.87610 0.97283 0.82188 0.91366 0.83795 0.81402 0.76158 0.73247 0.71450 0.00000 0.00000 0.00000 0.00000
0.12301 0.12510 0.12707 0.64681 0.27386 0.29967 0.53990 0.70235 0.74767 0.86883 0.87703 0.94112 0.95261 0.95676 0.96481 0.94210 0.94204 0.90018 0.90019 0.80585 0.70886 0.00000 0.00000 0.00000 0.00000
0.05020 0.05041 0.09567 0.79793 0.84674 0.81287 0.70863 0.67575 0.72718 0.86549 0.83308 0.95975 0.91336 0.92681 0.91138 0.97438 0.90507 0.90817 0.93354 0.80248 0.84837 0.00000 0.00000 0.00000 0.00000
0.05085 0.11919 0.11151 0.83595 0.83695 0.84474 0.44189 0.71096 0.72357 0.75029 0.63845 0.28894 0.62180 0.26728 0.77032 0.87765 0.91405 0.91335 0.85997 0.27863 0.24146 0.00000 0.00000 0.00000 0.00000
0.05250 0.13034 0.12218 0.12388 0.84329 0.30020 0.47449 0.48380 0.46781 0.29701 0.51669 0.10377 0.62156 0.27318 0.77417 0.89674 0.94737 0.95778 0.89843 0.28400 0.24295 0.00000 0.00000 0.00000 0.00000
0.00000 0.14126 0.13330 0.13159 0.35790 0.13339 0.32642 0.32940 0.30964 0.29889 0.51032 0.10377 0.50508 0.28149 0.76378 0.90499 0.95172 0.96124 0.51119 0.28743 0.05091 0.00000 0.00000 0.00000 0.00000
0.00000 0.14126 0.13330 0.13159 0.35790 0.13339 0.13155 0.34016 0.05241 0.30151 0.29331 0.10377 0.29339 0.29738 0.31322 0.33098 0.14100 0.14179 0.33330 0.05037 0.05049 0.00000 0.00000 0.00000 0.00000
0.00000 0.00000 0.13330 0.13159 0.00000 0.13339 0.13155 0.00000 0.00000 0.00000 0.00000 0.00000 0.00000 0.00000 0.00000 0.14268 0.14100 0.14179 0.00000 0.00000 0.00000 0.00000 0.00000 0.00000 0.00000
