# name=grid_variable_rows field=200x200 stride=8
25 25
0.00000 0.00000 0.00000 0.00000 0.00000 0.00000 0.00000 0.00000 0.00000 0.00000 0.00000 0.02050 0.01871 0.14970 0.01898 0.14914 0.01911 0.15123 0.01691 0.02158 0.00000 0.00000 0.00000 0.00000 0.00000
0.00000 0.36474 0.99783 0.94996 0.31744 0.92008 0.90520 0.90158 0.90832 0.88767 0.87932 0.87563 0.96916 0.86909 0.94480 0.86461 0.97267 0.88338 0.89242 0.90623 0.31720 0.95506 0.34437 0.36678 0.13134
0.00000 0.99783 0.99775 0.95811 0.99751 0.93281 0.99728 0.96837 0.99708 0.96594 0.97601 0.99667 0.97390 0.99642 0.95353 0.99632 0.97676 0.99655 0.99681 0.92095 0.99744 0.96239 0.99757 0.34183 0.12091
0.00000 0.94996 0.95811 0.99748 0.96450 0.99724 0.96634 0.99703 0.99692 0.99678 0.99664 0.99648 0.97904 0.99621 0.96306 0.99612 0.99612 0.99633 0.96765 0.99698 0.96455 0.99741 0.95672 0.94876 0.29912
0.00000 0.31744 0.99751 0.96450 0.99724 0.94304 0.99699 0.97216 0.99676 0.97089 0.97925 0.96538 0.97741 0.99604 0.96030 0.99593 0.97974 0.99616 0.99647 0.93286 0.99717 0.96809 0.99731 0.47169 0.30314
0.00000 0.95647 0.96350 0.99728 0.96897 0.99701 0.97049 0.99678 0.97141 0.99650 0.97199 0.99618 0.95561 0.99589 0.94047 0.99578 0.97239 0.99603 0.97151 0.99673 0.96899 0.99719 0.96227 0.95536 0.11473
0.00000 0.92548 0.99747 0.96490 0.99720 0.94369 0.99695 0.97265 0.99672 0.97041 0.97944 0.99623 0.97762 0.99593 0.96072 0.99584 0.97991 0.99606 0.99642 0.96862 0.99713 0.96844 0.99728 0.92389 0.30262
0.00000 0.93151 0.99757 0.96593 0.99730 0.94528 0.99709 0.97353 0.99686 0.97138 0.99655 0.99642 0.97830 0.99614 0.96187 0.99605 0.99604 0.99626 0.99656 0.96961 0.99730 0.96937 0.99738 0.93002 0.30131
0.00000 0.95938 0.96600 0.97393 0.97115 0.91922 0.97259 0.95026 0.97346 0.97571 0.97402 0.97653 0.95606 0.99638 0.93956 0.99629 0.97443 0.97636 0.97358 0.97535 0.97117 0.96568 0.96485 0.95836 0.11841
0.00000 0.32684 0.99784 0.96232 0.99761 0.93941 0.99739 0.92496 0.99719 0.96836 0.97836 0.96348 0.97645 0.95680 0.95812 0.99649 0.97901 0.91040 0.99694 0.92861 0.99755 0.96618 0.99767 0.48208 0.31932
0.00000 0.96286 0.96895 0.99784 0.97367 0.94265 0.97500 0.97312 0.97580 0.97786 0.97632 0.97861 0.97661 0.99675 0.97665 0.99667 0.97670 0.97846 0.97590 0.99740 0.97370 0.96806 0.96789 0.99773 0.12024
0.00000 0.32347 0.99787 0.96329 0.95343 0.94093 0.99746 0.97171 0.99726 0.96942 0.97835 0.96353 0.97704 0.99664 0.95917 0.99656 0.97953 0.99673 0.99703 0.93037 0.95353 0.96705 0.94315 0.47196 0.31754
0.00000 0.94220 0.95161 0.96317 0.95907 0.94079 0.99732 0.97163 0.99711 0.96935 0.97824 0.99670 0.97624 0.99645 0.95900 0.99636 0.97937 0.99656 0.99686 0.93022 0.95913 0.96694 0.95006 0.49893 0.31736
0.00000 0.94996 0.95811 0.99748 0.96450 0.99724 0.96634 0.99703 0.99692 0.99678 0.99664 0.99648 0.97904 0.99621 0.96306 0.99612 0.99612 0.99633 0.96765 0.99698 0.96455 0.99741 0.95672 0.94876 0.29912
0.00000 0.31744 0.99751 0.96450 0.99724 0.94304 0.99699 0.97216 0.99676 0.97089 0.97925 0.96538 0.97741 0.99604 0.96030 0.99593 0.97974 0.99616 0.99647 0.93286 0.99717 0.96809 0.99731 0.47169 0.30314
0.00000 0.92415 0.93627 0.97679 0.94599 0.97803 0.94886 0.97774 0.95065 0.97791 0.95192 0.97851 0.93772 0.99588 0.92420 0.99578 0.95306 0.97834 0.95107 0.97772 0.94608 0.99719 0.93429 0.92253 0.11473
0.00000 0.91213 0.99737 0.96588 0.99709 0.94530 0.99683 0.97326 0.99659 0.97192 0.97988 0.99613 0.97809 0.99583 0.96173 0.99571 0.98029 0.99593 0.99628 0.96936 0.99702 0.96931 0.99717 0.91033 0.29514
0.00000 0.93425 0.99737 0.99722 0.99707 0.94706 0.99684 0.97426 0.99660 0.99644 0.99627 0.99612 0.97873 0.99581 0.96292 0.99571 0.99571 0.99594 0.99628 0.99667 0.99706 0.97030 0.99717 0.93277 0.29414
0.00000 0.93956 0.99746 0.99730 0.95704 0.94491 0.99692 0.97332 0.99668 0.99653 0.97931 0.99621 0.97804 0.99591 0.96153 0.99581 0.98027 0.99605 0.99639 0.99675 0.95709 0.96912 0.94768 0.93818 0.30162
0.00000 0.91659 0.99754 0.96505 0.99728 0.94389 0.99703 0.97274 0.99681 0.97050 0.97958 0.99638 0.97777 0.99611 0.96091 0.99600 0.98006 0.99621 0.99652 0.93385 0.99721 0.96858 0.99735 0.46147 0.30241
0.00000 0.96413 0.96995 0.99755 0.97444 0.99732 0.97568 0.99711 0.97641 0.97837 0.97686 0.97904 0.95992 0.99632 0.94435 0.99622 0.97715 0.97887 0.97647 0.99706 0.97445 0.99746 0.96891 0.99742 0.11752
0.00000 0.35123 0.99778 0.95474 0.99754 0.92752 0.99732 0.91055 0.99712 0.96327 0.97421 0.95628 0.97195 0.99648 0.94992 0.99638 0.97508 0.95126 0.99686 0.91483 0.99748 0.95936 0.99761 0.35269 0.12443
0.00000 0.37082 0.34411 0.94762 0.31878 0.91647 0.31016 0.89725 0.30427 0.88283 0.29963 0.87038 0.28741 0.86363 0.49701 0.85900 0.29442 0.87841 0.30229 0.90207 0.31852 0.95296 0.34811 0.37315 0.00000
0.00000 0.00000 0.00000 0.00000 0.00000 0.00000 0.00000 0.00000 0.00000 0.00000 0.00000 0.02050 0.01871 0.14970 0.01898 0.14914 0.01911 0.15123 0.01691 0.02398 0.00000 0.00000 0.00000 0.00000 0.00000
0.00000 0.00000 0.00000 0.00000 0.00000 0.00000 0.00000 0.00000 0.00000 0.00000 0.00000 0.00000 0.01871 0.00000 0.01898 0.00000 0.01911 0.00000 0.01691 0.00000 0.00000 0.00000 0.00000 0.00000 0.00000
