# name=grid_uniform field=200x200 stride=8
25 25
0.36169 0.34337 0.94697 0.89343 0.89010 0.89343 0.89010 0.89343 0.89010 0.89343 0.89010 0.89343 0.89010 0.89343 0.89010 0.89343 0.89010 0.89343 0.89010 0.89343 0.93032 0.99583 0.35573 0.13169 0.00000
0.34337 0.99583 0.95367 0.99583 0.95998 0.99583 0.95998 0.99583 0.95998 0.99583 0.95998 0.99583 0.95998 0.99583 0.95998 0.99583 0.95998 0.99583 0.95998 0.99583 0.99583 0.99583 0.99583 0.12366 0.12366
0.94697 0.95367 0.99583 0.99583 0.99583 0.99583 0.99583 0.99583 0.99583 0.99583 0.99583 0.99583 0.99583 0.99583 0.99583 0.99583 0.99583 0.99583 0.99583 0.99583 0.99583 0.99583 0.94926 0.29549 0.11929
0.89343 0.99583 0.99583 0.99583 0.99583 0.99583 0.99583 0.99583 0.99583 0.99583 0.99583 0.99583 0.99583 0.99583 0.99583 0.99583 0.99583 0.99583 0.99583 0.99583 0.99583 0.99583 0.99583 0.29675 0.29675
0.89010 0.95998 0.99583 0.99583 0.99583 0.99583 0.99583 0.99583 0.99583 0.99583 0.99583 0.99583 0.99583 0.99583 0.99583 0.99583 0.99583 0.99583 0.99583 0.99583 0.99583 0.99583 0.89466 0.65345 0.11929
0.89343 0.99583 0.99583 0.99583 0.99583 0.99583 0.99583 0.99583 0.99583 0.99583 0.99583 0.99583 0.99583 0.99583 0.99583 0.99583 0.99583 0.99583 0.99583 0.99583 0.99583 0.99583 0.99583 0.29675 0.29675
0.89010 0.95998 0.99583 0.99583 0.99583 0.99583 0.99583 0.99583 0.99583 0.99583 0.99583 0.99583 0.99583 0.99583 0.99583 0.99583 0.99583 0.99583 0.99583 0.99583 0.99583 0.99583 0.89466 0.65345 0.11929
0.89343 0.99583 0.99583 0.99583 0.99583 0.99583 0.99583 0.99583 0.99583 0.99583 0.99583 0.99583 0.99583 0.99583 0.99583 0.99583 0.99583 0.99583 0.99583 0.99583 0.99583 0.99583 0.99583 0.29675 0.29675
0.89010 0.95998 0.99583 0.99583 0.99583 0.99583 0.99583 0.99583 0.99583 0.99583 0.99583 0.99583 0.99583 0.99583 0.99583 0.99583 0.99583 0.99583 0.99583 0.99583 0.99583 0.99583 0.89466 0.65345 0.11929
0.89343 0.99583 0.99583 0.99583 0.99583 0.99583 0.99583 0.99583 0.99583 0.99583 0.99583 0.99583 0.99583 0.99583 0.99583 0.99583 0.99583 0.99583 0.99583 0.99583 0.99583 0.99583 0.99583 0.29675 0.29675
0.89010 0.95998 0.99583 0.99583 0.99583 0.99583 0.99583 0.99583 0.99583 0.99583 0.99583 0.99583 0.99583 0.99583 0.99583 0.99583 0.99583 0.99583 0.99583 0.99583 0.99583 0.99583 0.89466 0.65345 0.11929
0.89343 0.99583 0.99583 0.99583 0.99583 0.99583 0.99583 0.99583 0.99583 0.99583 0.99583 0.99583 0.99583 0.99583 0.99583 0.99583 0.99583 0.99583 0.99583 0.99583 0.99583 0.99583 0.99583 0.29675 0.29675
0.89010 0.95998 0.99583 0.99583 0.99583 0.99583 0.99583 0.99583 0.99583 0.99583 0.99583 0.99583 0.99583 0.99583 0.99583 0.99583 0.99583 0.99583 0.99583 0.99583 0.99583 0.99583 0.89466 0.65345 0.11929
0.89343 0.99583 0.99583 0.99583 0.99583 0.99583 0.99583 0.99583 0.99583 0.99583 0.99583 0.99583 0.99583 0.99583 0.99583 0.99583 0.99583 0.99583 0.99583 0.99583 0.99583 0.99583 0.99583 0.29675 0.29675
0.89010 0.95998 0.99583 0.99583 0.99583 0.99583 0.99583 0.99583 0.99583 0.99583 0.99583 0.99583 0.99583 0.99583 0.99583 0.99583 0.99583 0.99583 0.99583 0.99583 0.99583 0.99583 0.89466 0.65345 0.11929
0.89343 0.99583 0.99583 0.99583 0.99583 0.99583 0.99583 0.99583 0.99583 0.99583 0.99583 0.99583 0.99583 0.99583 0.99583 0.99583 0.99583 0.99583 0.99583 0.99583 0.99583 0.99583 0.99583 0.29675 0.29675
0.89010 0.95998 0.99583 0.99583 0.99583 0.99583 0.99583 0.99583 0.99583 0.99583 0.99583 0.99583 0.99583 0.99583 0.99583 0.99583 0.99583 0.99583 0.99583 0.99583 0.99583 0.99583 0.89466 0.65345 0.11929
0.89343 0.99583 0.99583 0.99583 0.99583 0.99583 0.99583 0.99583 0.99583 0.99583 0.99583 0.99583 0.99583 0.99583 0.99583 0.99583 0.99583 0.99583 0.99583 0.99583 0.99583 0.99583 0.99583 0.29675 0.29675
0.89010 0.95998 0.99583 0.99583 0.99583 0.99583 0.99583 0.99583 0.99583 0.99583 0.99583 0.99583 0.99583 0.99583 0.99583 0.99583 0.99583 0.99583 0.99583 0.99583 0.99583 0.99583 0.89466 0.65345 0.11929
0.89343 0.99583 0.99583 0.99583 0.99583 0.99583 0.99583 0.99583 0.99583 0.99583 0.99583 0.99583 0.99583 0.99583 0.99583 0.99583 0.99583 0.99583 0.99583 0.99583 0.99583 0.99583 0.99583 0.29675 0.29675
0.93032 0.99583 0.99583 0.99583 0.99583 0.99583 0.99583 0.99583 0.99583 0.99583 0.99583 0.99583 0.99583 0.99583 0.99583 0.99583 0.99583 0.99583 0.99583 0.99583 0.99583 0.99583 0.93332 0.29607 0.11929
0.99583 0.99583 0.99583 0.99583 0.99583 0.99583 0.99583 0.99583 0.99583 0.99583 0.99583 0.99583 0.99583 0.99583 0.99583 0.99583 0.99583 0.99583 0.99583 0.99583 0.99583 0.99583 0.99583 0.12138 0.12138
0.35573 0.99583 0.94926 0.99583 0.89466 0.99583 0.89466 0.99583 0.89466 0.99583 0.89466 0.99583 0.89466 0.99583 0.89466 0.99583 0.89466 0.99583 0.89466 0.99583 0.93332 0.99583 0.35047 0.12851 0.00000
0.13169 0.12366 0.29549 0.29675 0.65345 0.29675 0.65345 0.29675 0.65345 0.29675 0.65345 0.29675 0.65345 0.29675 0.65345 0.29675 0.65345 0.29675 0.65345 0.29675 0.29607 0.12138 0.12851 0.00000 0.00000
0.00000 0.12366 0.11929 0.29675 0.11929 0.29675 0.11929 0.29675 0.11929 0.29675 0.11929 0.29675 0.11929 0.29675 0.11929 0.29675 0.11929 0.29675 0.11929 0.29675 0.11929 0.12138 0.00000 0.00000 0.00000
