# name=grid_with_holes field=200x200 stride=8
25 25
0.13169 0.12366 0.31825 0.33436 0.35573 0.13169 0.28576 0.00000 0.35134 0.34297 0.67380 0.67830 0.89010 0.89343 0.89010 0.89343 0.89010 0.89343 0.69765 0.46762 0.29607 0.12138 0.12851 0.00000 0.00000
0.13169 0.33814 0.31059 0.32452 0.33944 0.27336 0.83614 0.00000 0.33242 0.84571 0.84905 0.88135 0.90349 0.99583 0.95998 0.99583 0.95998 0.90646 0.79587 0.44284 0.44393 0.12138 0.12851 0.00000 0.00000
0.72704 0.72885 0.86093 0.83043 0.79261 0.65775 0.87290 0.32020 0.99583 0.99583 0.95521 0.99583 0.95926 0.99583 0.99583 0.99583 0.96988 0.93077 0.96484 0.82460 0.65668 0.30782 0.12851 0.00000 0.00000
0.80496 0.87470 0.83696 0.78572 0.87969 0.82370 0.86770 0.80350 0.96659 0.99583 0.99583 0.99583 0.99583 0.99583 0.99583 0.99583 0.97941 0.99583 0.97576 0.82539 0.80853 0.28193 0.29960 0.00000 0.00000
0.83203 0.84003 0.85121 0.80806 0.91862 0.96520 0.96648 0.85706 0.92214 0.99583 0.99583 0.99583 0.96684 0.99583 0.99583 0.99583 0.97523 0.99583 0.99583 0.86999 0.92889 0.79621 0.28238 0.00000 0.00000
0.88955 0.93236 0.88353 0.91090 0.99583 0.99583 0.96644 0.91090 0.99583 0.99583 0.99583 0.99583 0.99583 0.99583 0.99583 0.99583 0.97013 0.99583 0.99583 0.89075 0.87036 0.30854 0.32004 0.00000 0.00000
0.94697 0.92712 0.96278 0.95844 0.96374 0.99583 0.96684 0.95844 0.93724 0.97814 0.94271 0.96893 0.99583 0.99583 0.99583 0.99583 0.99583 0.99583 0.91276 0.88899 0.96326 0.89557 0.90094 0.13169 0.00000
0.89343 0.99583 0.99583 0.99583 0.99583 0.99583 0.99583 0.99583 0.99583 0.99583 0.99583 0.99583 0.99583 0.99583 0.99583 0.99583 0.99583 0.99583 0.96756 0.99583 0.99583 0.88633 0.88858 0.12366 0.12366
0.93032 0.99583 0.97241 0.97013 0.99583 0.99583 0.97299 0.99583 0.96918 0.97576 0.97131 0.96686 0.96374 0.99583 0.97299 0.97941 0.95092 0.96756 0.99583 0.99583 0.95295 0.83875 0.46207 0.29549 0.11929
0.99583 0.94721 0.93678 0.99583 0.99583 0.99583 0.97941 0.95298 0.92051 0.88764 0.90804 0.93974 0.97179 0.99583 0.99583 0.99583 0.97753 0.99583 0.99583 0.99583 0.99583 0.80278 0.77589 0.29675 0.29675
0.84185 0.85709 0.99583 0.99583 0.96374 0.99583 0.97081 0.95316 0.96626 0.95448 0.99583 0.99583 0.96988 0.99583 0.99583 0.99583 0.97131 0.99583 0.95751 0.99583 0.99583 0.84009 0.69067 0.65345 0.11929
0.80496 0.87470 0.99583 0.99583 0.99583 0.99583 0.99583 0.95516 0.92361 0.89407 0.91910 0.94978 0.95610 0.99583 0.99583 0.99583 0.96374 0.99583 0.99583 0.99583 0.99583 0.88853 0.87082 0.29675 0.29675
0.83203 0.84003 0.99583 0.99583 0.94040 0.99583 0.97178 0.93147 0.94828 0.99583 0.91679 0.99583 0.94271 0.99583 0.99583 0.99583 0.99583 0.99583 0.93180 0.99583 0.96400 0.94889 0.89466 0.65345 0.11929
0.88955 0.93236 0.99583 0.99583 0.97863 0.99583 0.96452 0.99583 0.99583 0.99583 0.99583 0.99583 0.96893 0.99583 0.99583 0.99583 0.99583 0.99583 0.99583 0.99583 0.99583 0.99583 0.99583 0.29675 0.29675
0.99583 0.96572 0.93472 0.96893 0.97523 0.99583 0.99583 0.99583 0.92338 0.97532 0.90801 0.96893 0.99583 0.99583 0.96374 0.99583 0.94040 0.97863 0.97523 0.97013 0.99583 0.99583 0.89466 0.65345 0.11929
0.99583 0.94721 0.93678 0.99583 0.96917 0.99583 0.99583 0.99583 0.99583 0.99583 0.99583 0.99583 0.99583 0.99583 0.99583 0.99583 0.99583 0.99583 0.99583 0.99583 0.99583 0.99583 0.99583 0.29675 0.29675
0.84185 0.85709 0.99583 0.99583 0.96374 0.99583 0.93893 0.99583 0.96186 0.99583 0.99583 0.99583 0.96374 0.99583 0.97299 0.99583 0.99583 0.99583 0.96867 0.97729 0.93552 0.96251 0.89466 0.65345 0.11929
0.80496 0.87470 0.99583 0.99583 0.99583 0.99583 0.97941 0.99583 0.99583 0.99583 0.99583 0.99583 0.99583 0.99583 0.97941 0.99583 0.99583 0.99583 0.99583 0.99583 0.99583 0.91228 0.89786 0.29675 0.29675
0.83203 0.84003 0.96334 0.97702 0.94409 0.97013 0.95092 0.97753 0.97131 0.96374 0.99583 0.99583 0.96684 0.99583 0.95092 0.97753 0.94205 0.95961 0.96223 0.97207 0.92579 0.80677 0.70066 0.65345 0.11929
0.88955 0.88709 0.91819 0.99583 0.99583 0.93025 0.90937 0.99583 0.99583 0.99583 0.99583 0.99583 0.99583 0.99583 0.96756 0.99583 0.97485 0.85060 0.82190 0.87041 0.88857 0.43158 0.45923 0.29675 0.29675
0.31651 0.88601 0.95059 0.99583 0.96553 0.87014 0.95388 0.99583 0.95295 0.99583 0.92521 0.99583 0.97081 0.99583 0.99583 0.99583 0.94717 0.83173 0.83189 0.92775 0.93603 0.43747 0.29607 0.29607 0.11929
0.33471 0.32741 0.88161 0.86047 0.84540 0.75380 0.84606 0.86047 0.88886 0.92408 0.96548 0.99583 0.97445 0.94070 0.90344 0.86047 0.87079 0.32359 0.94543 0.99583 0.99583 0.12138 0.12138 0.12138 0.12138
0.12851 0.35623 0.72629 0.89761 0.75094 0.80283 0.72629 0.89761 0.82632 0.94532 0.94926 0.99583 0.93332 0.95732 0.84346 0.89761 0.75094 0.35278 0.35802 0.99583 0.34747 0.12851 0.12851 0.12851 0.00000
0.00000 0.00000 0.00000 0.00000 0.00000 0.00000 0.00000 0.00000 0.11515 0.12366 0.29549 0.29675 0.29607 0.12138 0.11776 0.00000 0.00000 0.00000 0.00000 0.00000 0.00000 0.00000 0.00000 0.00000 0.00000
0.00000 0.00000 0.00000 0.00000 0.00000 0.00000 0.00000 0.00000 0.00000 0.12366 0.11929 0.29675 0.11929 0.12138 0.00000 0.00000 0.00000 0.00000 0.00000 0.00000 0.00000 0.00000 0.00000 0.00000 0.00000
