# name=grid_streets_w1 field=200x200 stride=8
25 25
0.82600 0.79046 0.85387 0.91948 0.88510 0.91254 0.88510 0.91948 0.91753 0.87595 0.91523 0.89380 0.89380 0.91523 0.87595 0.91753 0.91948 0.88510 0.91254 0.88510 0.91948 0.85387 0.79046 0.82600 0.33745
0.79046 0.93054 0.91183 0.96274 0.95592 0.95213 0.95592 0.96369 0.95943 0.97617 0.95589 0.95397 0.95397 0.95589 0.97617 0.95943 0.96369 0.95592 0.95213 0.95592 0.96274 0.91183 0.93054 0.79046 0.51876
0.85387 0.91183 0.91212 0.95009 0.98320 0.94784 0.98320 0.98275 0.94956 0.98159 0.94881 0.97630 0.97630 0.94881 0.98159 0.94956 0.98275 0.98320 0.94784 0.98320 0.95009 0.91212 0.91183 0.85387 0.83205
0.91948 0.96274 0.95009 0.97433 0.99583 0.96938 0.99583 0.99583 0.97596 0.99583 0.97751 0.99583 0.99583 0.97751 0.99583 0.97596 0.99583 0.99583 0.96938 0.99583 0.97433 0.95009 0.96274 0.91948 0.46353
0.88510 0.95592 0.98320 0.99583 0.99583 0.99583 0.99583 0.99583 0.99583 0.99583 0.99583 0.99583 0.99583 0.99583 0.99583 0.99583 0.99583 0.99583 0.99583 0.99583 0.99583 0.98320 0.95592 0.88510 0.46202
0.91254 0.95213 0.94784 0.96938 0.99583 0.96991 0.99583 0.96938 0.96967 0.99583 0.96985 0.99583 0.99583 0.96985 0.99583 0.96967 0.96938 0.99583 0.96991 0.99583 0.96938 0.94784 0.95213 0.91254 0.75843
0.88510 0.95592 0.98320 0.99583 0.99583 0.99583 0.99583 0.99583 0.99583 0.99583 0.99583 0.99583 0.99583 0.99583 0.99583 0.99583 0.99583 0.99583 0.99583 0.99583 0.99583 0.98320 0.95592 0.88510 0.46202
0.91948 0.96369 0.98275 0.99583 0.99583 0.96938 0.99583 0.98614 0.99583 0.99583 0.97751 0.98600 0.98600 0.97751 0.99583 0.99583 0.98614 0.99583 0.96938 0.99583 0.99583 0.98275 0.96369 0.91948 0.46353
0.91753 0.95943 0.94956 0.97596 0.99583 0.96967 0.99583 0.99583 0.97746 0.99583 0.97001 0.99583 0.99583 0.97001 0.99583 0.97746 0.99583 0.99583 0.96967 0.99583 0.97596 0.94956 0.95943 0.91753 0.78380
0.87595 0.97617 0.98159 0.99583 0.99583 0.99583 0.99583 0.99583 0.99583 0.99583 0.99583 0.99583 0.99583 0.99583 0.99583 0.99583 0.99583 0.99583 0.99583 0.99583 0.99583 0.98159 0.97617 0.87595 0.46112
0.91523 0.95589 0.94881 0.97751 0.99583 0.96985 0.99583 0.97751 0.97001 0.99583 0.96999 0.99583 0.99583 0.96999 0.99583 0.97001 0.97751 0.99583 0.96985 0.99583 0.97751 0.94881 0.95589 0.91523 0.77128
0.89380 0.95397 0.97630 0.99583 0.99583 0.99583 0.99583 0.98600 0.99583 0.99583 0.99583 0.98463 0.98463 0.99583 0.99583 0.99583 0.98600 0.99583 0.99583 0.99583 0.99583 0.97630 0.95397 0.89380 0.46283
0.89380 0.95397 0.97630 0.99583 0.99583 0.99583 0.99583 0.98600 0.99583 0.99583 0.99583 0.98463 0.98463 0.99583 0.99583 0.99583 0.98600 0.99583 0.99583 0.99583 0.99583 0.97630 0.95397 0.89380 0.46283
0.91523 0.95589 0.94881 0.97751 0.99583 0.96985 0.99583 0.97751 0.97001 0.99583 0.96999 0.99583 0.99583 0.96999 0.99583 0.97001 0.97751 0.99583 0.96985 0.99583 0.97751 0.94881 0.95589 0.91523 0.77128
0.87595 0.97617 0.98159 0.99583 0.99583 0.99583 0.99583 0.99583 0.99583 0.99583 0.99583 0.99583 0.99583 0.99583 0.99583 0.99583 0.99583 0.99583 0.99583 0.99583 0.99583 0.98159 0.97617 0.87595 0.46112
0.91753 0.95943 0.94956 0.97596 0.99583 0.96967 0.99583 0.99583 0.97746 0.99583 0.97001 0.99583 0.99583 0.97001 0.99583 0.97746 0.99583 0.99583 0.96967 0.99583 0.97596 0.94956 0.95943 0.91753 0.78380
0.91948 0.96369 0.98275 0.99583 0.99583 0.96938 0.99583 0.98614 0.99583 0.99583 0.97751 0.98600 0.98600 0.97751 0.99583 0.99583 0.98614 0.99583 0.96938 0.99583 0.99583 0.98275 0.96369 0.91948 0.46353
0.88510 0.95592 0.98320 0.99583 0.99583 0.99583 0.99583 0.99583 0.99583 0.99583 0.99583 0.99583 0.99583 0.99583 0.99583 0.99583 0.99583 0.99583 0.99583 0.99583 0.99583 0.98320 0.95592 0.88510 0.46202
0.91254 0.95213 0.94784 0.96938 0.99583 0.96991 0.99583 0.96938 0.96967 0.99583 0.96985 0.99583 0.99583 0.96985 0.99583 0.96967 0.96938 0.99583 0.96991 0.99583 0.96938 0.94784 0.95213 0.91254 0.75843
0.88510 0.95592 0.98320 0.99583 0.99583 0.99583 0.99583 0.99583 0.99583 0.99583 0.99583 0.99583 0.99583 0.99583 0.99583 0.99583 0.99583 0.99583 0.99583 0.99583 0.99583 0.98320 0.95592 0.88510 0.46202
0.91948 0.96274 0.95009 0.97433 0.99583 0.96938 0.99583 0.99583 0.97596 0.99583 0.97751 0.99583 0.99583 0.97751 0.99583 0.97596 0.99583 0.99583 0.96938 0.99583 0.97433 0.95009 0.96274 0.91948 0.46353
0.85387 0.91183 0.91212 0.95009 0.98320 0.94784 0.98320 0.98275 0.94956 0.98159 0.94881 0.97630 0.97630 0.94881 0.98159 0.94956 0.98275 0.98320 0.94784 0.98320 0.95009 0.91212 0.91183 0.85387 0.83205
0.79046 0.93054 0.91183 0.96274 0.95592 0.95213 0.95592 0.96369 0.95943 0.97617 0.95589 0.95397 0.95397 0.95589 0.97617 0.95943 0.96369 0.95592 0.95213 0.95592 0.96274 0.91183 0.93054 0.79046 0.51876
0.82600 0.79046 0.85387 0.91948 0.88510 0.91254 0.88510 0.91948 0.91753 0.87595 0.91523 0.89380 0.89380 0.91523 0.87595 0.91753 0.91948 0.88510 0.91254 0.88510 0.91948 0.85387 0.79046 0.82600 0.33745
0.33745 0.51876 0.83205 0.46353 0.46202 0.75843 0.46202 0.46353 0.78380 0.46112 0.77128 0.46283 0.46283 0.77128 0.46112 0.78380 0.46353 0.46202 0.75843 0.46202 0.46353 0.83205 0.51876 0.33745 0.00000
