# name=hexagonal field=200x200 stride=8
25 25
0.73686 0.72533 0.78446 0.73225 0.79087 0.73202 0.78934 0.73090 0.73002 0.78791 0.73157 0.79053 0.73225 0.79087 0.73202 0.78934 0.73090 0.73002 0.78791 0.73157 0.79053 0.73225 0.78527 0.72713 0.73777
0.68918 0.72419 0.74081 0.76091 0.75737 0.74165 0.75601 0.74407 0.74500 0.74575 0.74295 0.75680 0.74018 0.75737 0.74165 0.75601 0.74407 0.74500 0.74575 0.74295 0.75680 0.73570 0.74088 0.72329 0.68935
0.65656 0.72727 0.75300 0.76765 0.77798 0.77224 0.76048 0.78461 0.76137 0.76103 0.77183 0.75973 0.77244 0.77798 0.77224 0.76048 0.78461 0.76137 0.76103 0.77183 0.75973 0.76735 0.75201 0.72652 0.65603
0.81182 0.79776 0.73919 0.76803 0.74404 0.77231 0.74619 0.76833 0.76572 0.76313 0.77192 0.74518 0.77251 0.74404 0.77231 0.74619 0.76833 0.76572 0.76313 0.77192 0.74518 0.76775 0.73802 0.80072 0.73268
0.78519 0.78245 0.78949 0.75724 0.77312 0.74285 0.77253 0.74453 0.78208 0.78434 0.74376 0.77292 0.76075 0.77312 0.74285 0.77253 0.74453 0.78208 0.78434 0.74376 0.77292 0.75702 0.79175 0.78466 0.78835
0.78749 0.78484 0.78916 0.75929 0.77252 0.74450 0.77193 0.74623 0.76574 0.76835 0.74544 0.77233 0.76285 0.77252 0.74450 0.77193 0.74623 0.76574 0.76835 0.74544 0.77233 0.75907 0.79146 0.78710 0.79070
0.73525 0.79777 0.73853 0.76804 0.76285 0.77233 0.74544 0.76835 0.76574 0.74623 0.77193 0.74450 0.77252 0.76285 0.77233 0.74544 0.76835 0.76574 0.74623 0.77193 0.74450 0.76776 0.73742 0.80072 0.73714
0.73190 0.79826 0.73697 0.76868 0.76075 0.77292 0.74376 0.78434 0.78208 0.74453 0.77253 0.74285 0.77312 0.76075 0.77292 0.74376 0.78434 0.78208 0.74453 0.77253 0.74285 0.76840 0.73590 0.80119 0.73370
0.78745 0.78570 0.78915 0.76058 0.77251 0.74518 0.77192 0.76313 0.76572 0.76833 0.74619 0.77231 0.74404 0.77251 0.74518 0.77192 0.76313 0.76572 0.76833 0.74619 0.77231 0.74036 0.79145 0.78789 0.79067
0.78522 0.78165 0.78950 0.75605 0.77313 0.74222 0.77255 0.74377 0.76381 0.78435 0.74307 0.77293 0.75963 0.77313 0.74222 0.77255 0.74377 0.76381 0.78435 0.74307 0.77293 0.75583 0.79176 0.78394 0.78838
0.81437 0.79733 0.74065 0.75517 0.74556 0.75901 0.74776 0.76982 0.76722 0.76463 0.75827 0.74673 0.75958 0.74556 0.75901 0.74776 0.76982 0.76722 0.76463 0.75827 0.74673 0.75490 0.73945 0.80030 0.73570
0.73484 0.79840 0.73656 0.76913 0.75939 0.77336 0.74323 0.78469 0.76394 0.74388 0.78690 0.74242 0.77355 0.75939 0.77336 0.74323 0.78469 0.76394 0.74388 0.78690 0.74242 0.76885 0.73558 0.80129 0.73671
0.78818 0.78782 0.77573 0.76302 0.75857 0.74634 0.75727 0.76368 0.76630 0.76892 0.74747 0.75801 0.74507 0.75857 0.74634 0.75727 0.76368 0.76630 0.76892 0.74747 0.75801 0.74141 0.77845 0.78998 0.79146
0.78141 0.80198 0.78950 0.75292 0.77340 0.73934 0.78674 0.76338 0.76381 0.76405 0.76276 0.77320 0.75648 0.77340 0.73934 0.78674 0.76338 0.76381 0.76405 0.76276 0.77320 0.75270 0.79174 0.78024 0.78451
0.81654 0.72536 0.74282 0.76647 0.74776 0.77105 0.75010 0.78355 0.76877 0.76619 0.77064 0.74900 0.77126 0.74776 0.77105 0.75010 0.78355 0.76877 0.76619 0.77064 0.74900 0.76617 0.74156 0.72461 0.73309
0.77104 0.79882 0.73414 0.76944 0.75632 0.77364 0.76264 0.76364 0.76350 0.76317 0.78705 0.73988 0.77383 0.75632 0.77364 0.76264 0.76364 0.76350 0.76317 0.78705 0.73988 0.76916 0.73321 0.80171 0.77383
0.80956 0.79085 0.78952 0.76554 0.77097 0.74891 0.77033 0.76603 0.76862 0.78328 0.75003 0.77075 0.74765 0.77097 0.74891 0.77033 0.76603 0.76862 0.78328 0.75003 0.77075 0.75916 0.79200 0.79306 0.81317
0.78020 0.80165 0.79036 0.75032 0.77462 0.76274 0.78758 0.76387 0.76416 0.76425 0.76340 0.77444 0.75383 0.77462 0.76274 0.78758 0.76387 0.76416 0.76425 0.76340 0.77444 0.75011 0.79254 0.80433 0.78323
0.81665 0.72485 0.74349 0.76616 0.72277 0.77074 0.76343 0.78327 0.76861 0.76602 0.77032 0.74969 0.77095 0.72277 0.77074 0.76343 0.78327 0.76861 0.76602 0.77032 0.74969 0.76586 0.71675 0.72410 0.81738
0.77435 0.79944 0.79145 0.77029 0.75291 0.77444 0.76268 0.76333 0.76331 0.76309 0.76316 0.77656 0.77462 0.75291 0.77444 0.76268 0.76333 0.76331 0.76309 0.76316 0.77656 0.77002 0.79410 0.80228 0.77722
0.80934 0.81894 0.78937 0.76833 0.77081 0.76169 0.77017 0.77814 0.78066 0.78314 0.77559 0.77059 0.73356 0.77081 0.76169 0.77017 0.77814 0.78066 0.78314 0.77559 0.77059 0.77109 0.79186 0.81014 0.81296
0.77559 0.80074 0.79081 0.77236 0.77557 0.77676 0.76397 0.76404 0.76420 0.76418 0.76368 0.77539 0.77655 0.77557 0.77676 0.76397 0.76404 0.76420 0.76418 0.76368 0.77539 0.77209 0.79292 0.80347 0.77852
0.73095 0.72529 0.76650 0.76629 0.73426 0.77087 0.77585 0.78334 0.78088 0.77838 0.77045 0.77328 0.77108 0.73426 0.77087 0.77585 0.78334 0.78088 0.77838 0.77045 0.77328 0.76599 0.72760 0.72454 0.72835
0.66830 0.73272 0.75370 0.77108 0.77517 0.77465 0.76073 0.76048 0.76078 0.76086 0.75997 0.77494 0.77583 0.77517 0.77465 0.76073 0.76048 0.76078 0.76086 0.75997 0.77494 0.77078 0.75308 0.73199 0.66806
0.70991 0.75075 0.76020 0.75113 0.77313 0.75975 0.77224 0.76296 0.76423 0.76527 0.76146 0.77283 0.72066 0.77313 0.75975 0.77224 0.76296 0.76423 0.76527 0.76146 0.77283 0.75296 0.76044 0.75002 0.71046
