# name=mixed_regions field=200x200 stride=8
25 25
0.36169 0.34337 0.94697 0.89343 0.89010 0.89343 0.89010 0.89343 0.93032 0.99583 0.35573 0.13169 0.00000 0.00000 0.00000 0.00000 0.00000 0.00000 0.00000 0.00000 0.03429 0.03117 0.03533 0.00000 0.00000
0.34337 0.99583 0.95367 0.99583 0.95998 0.99583 0.95998 0.99583 0.99583 0.99583 0.99583 0.10426 0.07350 0.00000 0.00000 0.00000 0.07101 0.07178 0.00000 0.11306 0.03353 0.08330 0.10391 0.04875 0.04831
0.94697 0.95367 0.99583 0.99583 0.99583 0.99583 0.99583 0.99583 0.99583 0.99583 0.94926 0.42001 0.07504 0.00000 0.00000 0.00000 0.07511 0.08067 0.00000 0.36272 0.54119 0.60083 0.67421 0.27254 0.04717
0.89343 0.99583 0.99583 0.99583 0.99583 0.99583 0.99583 0.99583 0.99583 0.99583 0.99583 0.44158 0.35041 0.00000 0.00000 0.00000 0.08202 0.09205 0.09529 0.35231 0.52554 0.59215 0.65089 0.26182 0.04664
0.89010 0.95998 0.99583 0.99583 0.99583 0.99583 0.99583 0.99583 0.99583 0.99583 0.89466 0.60197 0.22541 0.00000 0.00000 0.00000 0.08576 0.22179 0.27946 0.56094 0.53051 0.58943 0.63225 0.25190 0.26413
0.89343 0.99583 0.99583 0.99583 0.99583 0.99583 0.99583 0.99583 0.99583 0.99583 0.99583 0.29675 0.60917 0.00000 0.02917 0.14765 0.13198 0.22362 0.24972 0.26210 0.56514 0.63317 0.37319 0.41629 0.25875
0.89010 0.95998 0.99583 0.99583 0.99583 0.99583 0.99583 0.99583 0.99583 0.99583 0.89466 0.63179 0.07994 0.00000 0.29868 0.34670 0.33306 0.35692 0.07269 0.17958 0.29565 0.36911 0.36269 0.36713 0.22015
0.89343 0.99583 0.99583 0.99583 0.99583 0.99583 0.99583 0.99583 0.99583 0.99583 0.99583 0.29622 0.20661 0.00000 0.21329 0.20289 0.36229 0.38152 0.56835 0.59984 0.57777 0.59253 0.38914 0.22851 0.00000
0.89010 0.95998 0.99583 0.99583 0.99583 0.99583 0.99583 0.99583 0.99583 0.99583 0.87457 0.48281 0.16501 0.03490 0.19504 0.32650 0.20605 0.22180 0.34118 0.61835 0.62679 0.65265 0.42509 0.26386 0.00000
0.89343 0.99583 0.99583 0.99583 0.99583 0.99583 0.99583 0.99583 0.99583 0.99583 0.92324 0.36105 0.28412 0.21146 0.20441 0.28028 0.29005 0.54406 0.53686 0.54627 0.53757 0.08925 0.22088 0.24883 0.00000
0.89010 0.95998 0.99583 0.99583 0.99583 0.99583 0.99583 0.99583 0.99583 0.99583 0.82295 0.45928 0.31093 0.21434 0.19882 0.23493 0.26180 0.45402 0.46658 0.53213 0.52608 0.19602 0.19027 0.22364 0.04717
0.89343 0.99583 0.99583 0.99583 0.99583 0.99583 0.99583 0.99583 0.99583 0.99583 0.92229 0.21569 0.50979 0.24646 0.21978 0.20268 0.23438 0.51700 0.47957 0.48912 0.62416 0.61911 0.63856 0.27058 0.00000
0.89010 0.95998 0.99583 0.99583 0.99583 0.99583 0.99583 0.99583 0.99583 0.99583 0.85177 0.53234 0.53658 0.08360 0.38591 0.59233 0.42115 0.42867 0.65965 0.55430 0.57999 0.59361 0.60711 0.09122 0.00000
0.89343 0.99583 0.99583 0.99583 0.99583 0.99583 0.99583 0.99583 0.99583 0.99583 0.99583 0.40777 0.56882 0.33356 0.35697 0.58058 0.54731 0.52532 0.54388 0.52165 0.56023 0.61519 0.08291 0.03740 0.00000
0.89010 0.95998 0.99583 0.99583 0.99583 0.99583 0.99583 0.99583 0.99583 0.99583 0.89466 0.59027 0.31895 0.22153 0.20859 0.57778 0.59543 0.58176 0.17797 0.32310 0.48115 0.48960 0.32030 0.08233 0.03825
0.89343 0.99583 0.99583 0.99583 0.99583 0.99583 0.99583 0.99583 0.99583 0.99583 0.93469 0.23137 0.22249 0.19147 0.32996 0.56614 0.57926 0.37847 0.17567 0.32688 0.48883 0.49013 0.08385 0.07595 0.07886
0.89010 0.95998 0.99583 0.99583 0.99583 0.99583 0.99583 0.99583 0.99583 0.99583 0.84010 0.56301 0.37853 0.19273 0.20759 0.35822 0.36244 0.60371 0.27811 0.19243 0.22924 0.22185 0.10372 0.09889 0.00000
0.89343 0.99583 0.99583 0.99583 0.99583 0.99583 0.99583 0.99583 0.99583 0.99583 0.99583 0.41490 0.57163 0.29417 0.28408 0.45451 0.61594 0.67404 0.53969 0.51453 0.27111 0.23546 0.23595 0.04388 0.00000
0.89010 0.95998 0.99583 0.99583 0.99583 0.99583 0.99583 0.99583 0.99583 0.99583 0.89466 0.62064 0.45280 0.03210 0.42997 0.41176 0.39798 0.28442 0.56872 0.15252 0.46622 0.21987 0.04120 0.04119 0.04119
0.89343 0.99583 0.99583 0.99583 0.99583 0.99583 0.99583 0.99583 0.99583 0.99583 0.93082 0.22644 0.56469 0.03550 0.21538 0.21374 0.22784 0.08738 0.27525 0.16659 0.16866 0.03480 0.03742 0.04119 0.04120
0.93032 0.99583 0.99583 0.99583 0.99583 0.99583 0.99583 0.99583 0.99583 0.99583 0.85845 0.21585 0.04874 0.04159 0.22756 0.22416 0.20928 0.19398 0.18587 0.18023 0.19463 0.03286 0.03678 0.04391 0.00000
0.99583 0.99583 0.99583 0.99583 0.99583 0.99583 0.99583 0.99583 0.99583 0.99583 0.91197 0.08615 0.05186 0.00000 0.24321 0.23643 0.20086 0.08163 0.19553 0.18749 0.21523 0.00000 0.00000 0.00000 0.00000
0.35573 0.99583 0.94926 0.99583 0.89466 0.99583 0.89466 0.99583 0.93332 0.99583 0.35047 0.09513 0.00000 0.00000 0.00000 0.00000 0.08206 0.00000 0.00000 0.17400 0.00000 0.00000 0.00000 0.00000 0.00000
0.14589 0.14270 0.34013 0.34464 0.70723 0.34464 0.70723 0.34464 0.34247 0.14182 0.14461 0.00000 0.00000 0.00000 0.00000 0.00000 0.00000 0.00000 0.00000 0.00000 0.00000 0.00000 0.00000 0.00000 0.00000
0.00000 0.14270 0.14103 0.34464 0.14103 0.34464 0.14103 0.34464 0.14103 0.14182 0.00000 0.00000 0.00000 0.00000 0.00000 0.00000 0.00000 0.00000 0.00000 0.00000 0.00000 0.00000 0.00000 0.00000 0.00000
