# name=organic_walks field=200x200 stride=8
25 25
0.00000 0.00000 0.00000 0.00000 0.00000 0.02646 0.01857 0.00000 0.10882 0.11938 0.11728 0.00000 0.04331 0.00000 0.00000 0.00000 0.00000 0.00000 0.00000 0.00000 0.00000 0.00000 0.00000 0.00000 0.00000
0.00000 0.00000 0.00000 0.00000 0.03868 0.03084 0.02368 0.09371 0.09776 0.10234 0.12001 0.04486 0.04290 0.04669 0.00000 0.00000 0.00000 0.00000 0.00000 0.00000 0.00000 0.00000 0.00000 0.00000 0.00000
0.00000 0.00000 0.00000 0.10620 0.09964 0.03482 0.02896 0.13184 0.08694 0.24143 0.31353 0.31279 0.04275 0.04583 0.11556 0.09898 0.07245 0.07614 0.08520 0.03245 0.02624 0.03793 0.00000 0.00000 0.00000
0.00000 0.00000 0.00000 0.09881 0.09982 0.03822 0.03394 0.11626 0.17547 0.24040 0.32086 0.29845 0.40633 0.36604 0.10152 0.07920 0.06453 0.06751 0.00000 0.03014 0.05471 0.06873 0.00000 0.00000 0.00000
0.00000 0.00000 0.00000 0.09117 0.10469 0.04098 0.15852 0.49851 0.47454 0.58222 0.11711 0.11565 0.62917 0.32996 0.02815 0.07271 0.06582 0.07777 0.00000 0.04350 0.07803 0.09473 0.03406 0.03529 0.00000
0.00000 0.03762 0.03152 0.18168 0.19175 0.36916 0.09731 0.50637 0.57186 0.56105 0.24251 0.36576 0.57380 0.54552 0.08127 0.15530 0.07787 0.03639 0.03948 0.07561 0.09970 0.07868 0.03657 0.03796 0.03934
0.00000 0.00000 0.00000 0.02360 0.41332 0.24384 0.24848 0.08668 0.53947 0.21109 0.35532 0.56172 0.31330 0.28840 0.03647 0.03786 0.03153 0.03690 0.04138 0.31983 0.30006 0.28671 0.16266 0.16113 0.04593
0.03483 0.03735 0.04034 0.04380 0.24454 0.24365 0.25916 0.12775 0.16998 0.21495 0.23341 0.22450 0.31527 0.27583 0.06348 0.03002 0.02814 0.02437 0.16548 0.27452 0.53091 0.19986 0.20319 0.09370 0.09123
0.04448 0.04428 0.04233 0.04060 0.21982 0.22620 0.23683 0.24424 0.34765 0.39110 0.53396 0.31198 0.52535 0.28066 0.07159 0.02471 0.18263 0.28919 0.14977 0.13295 0.17194 0.18331 0.19299 0.20043 0.07888
0.04582 0.04469 0.04062 0.53284 0.62526 0.25642 0.69271 0.41534 0.50558 0.31107 0.49700 0.27766 0.07472 0.39451 0.36422 0.16999 0.18214 0.16381 0.03493 0.19785 0.19419 0.16893 0.30269 0.20162 0.00000
0.04759 0.08767 0.16628 0.50563 0.62291 0.28656 0.41659 0.39927 0.57899 0.32967 0.17164 0.17512 0.29254 0.39914 0.12864 0.17647 0.19147 0.16310 0.30476 0.30095 0.44768 0.46625 0.13095 0.13713 0.03105
0.03667 0.08174 0.45865 0.47902 0.60924 0.27861 0.11844 0.10263 0.15063 0.09528 0.33246 0.24162 0.28771 0.41860 0.40582 0.14564 0.26728 0.52968 0.53606 0.33561 0.40368 0.40601 0.16128 0.07239 0.00000
0.03201 0.03203 0.07970 0.51467 0.61811 0.61731 0.26173 0.21247 0.44606 0.30368 0.20955 0.19802 0.33072 0.52211 0.55226 0.53969 0.45954 0.44557 0.50739 0.29438 0.39133 0.38324 0.14377 0.03425 0.00000
0.03453 0.03679 0.16852 0.16601 0.51507 0.53156 0.32381 0.29795 0.30432 0.32204 0.30898 0.21127 0.35234 0.34792 0.52435 0.56803 0.58637 0.53079 0.27112 0.26887 0.42796 0.48856 0.19515 0.20882 0.04741
0.00000 0.03879 0.03864 0.07820 0.16151 0.15063 0.16240 0.25330 0.20132 0.30486 0.29328 0.08789 0.20982 0.37406 0.59050 0.55920 0.55690 0.48816 0.52131 0.42617 0.39579 0.08049 0.08676 0.09251 0.04502
0.00000 0.02844 0.03010 0.03309 0.23431 0.25207 0.31518 0.31176 0.16479 0.00000 0.09604 0.22381 0.08323 0.08913 0.63436 0.60667 0.55546 0.16063 0.29932 0.16824 0.27998 0.27987 0.19813 0.10140 0.04462
0.00000 0.02443 0.02621 0.07652 0.15966 0.16597 0.08599 0.18860 0.17525 0.07590 0.31427 0.07621 0.06809 0.07490 0.08439 0.52608 0.26727 0.25264 0.47772 0.17545 0.16231 0.29741 0.19944 0.10255 0.04532
0.00000 0.00000 0.03116 0.19821 0.47052 0.17129 0.09745 0.33844 0.07931 0.07354 0.09848 0.13969 0.14548 0.02432 0.18800 0.48531 0.27646 0.48461 0.28451 0.48945 0.57932 0.63742 0.04469 0.04468 0.04472
0.00000 0.00000 0.02686 0.23785 0.28151 0.57780 0.11211 0.15413 0.08074 0.26782 0.02442 0.02784 0.03289 0.03939 0.34529 0.51658 0.58818 0.54014 0.33911 0.55704 0.54572 0.59801 0.24413 0.04577 0.04607
0.00000 0.00000 0.00000 0.08154 0.31194 0.36424 0.03345 0.02786 0.12632 0.29818 0.09103 0.06882 0.27640 0.23849 0.32158 0.51773 0.60934 0.59735 0.33458 0.52526 0.58064 0.59999 0.24492 0.04788 0.00000
0.00000 0.00000 0.00000 0.10198 0.20767 0.20820 0.03197 0.11197 0.13274 0.29753 0.12281 0.08013 0.27346 0.26958 0.31245 0.34021 0.54818 0.56346 0.56482 0.54483 0.50918 0.03813 0.04019 0.00000 0.00000
0.00000 0.00000 0.00000 0.00000 0.22632 0.18913 0.03967 0.12773 0.08011 0.09382 0.11631 0.30699 0.28204 0.27393 0.34752 0.36046 0.19489 0.20404 0.55474 0.21561 0.03599 0.03320 0.03875 0.00000 0.00000
0.00000 0.00000 0.00000 0.00000 0.00000 0.00000 0.00000 0.06169 0.07647 0.09187 0.10571 0.33008 0.30253 0.03650 0.04215 0.19227 0.21331 0.20447 0.21957 0.04238 0.04258 0.04003 0.03814 0.00000 0.00000
0.00000 0.00000 0.00000 0.00000 0.00000 0.00000 0.00000 0.04185 0.07625 0.09306 0.10865 0.12888 0.03761 0.03770 0.00000 0.00000 0.00000 0.00000 0.04503 0.04319 0.04230 0.00000 0.00000 0.00000 0.00000
0.00000 0.00000 0.00000 0.00000 0.00000 0.00000 0.00000 0.04203 0.03753 0.03681 0.04062 0.00000 0.00000 0.03709 0.00000 0.00000 0.00000 0.00000 0.00000 0.00000 0.00000 0.00000 0.00000 0.00000 0.00000
