# name=rect_rotated_scattered field=200x200 stride=8
25 25
0.00000 0.00000 0.00000 0.00000 0.00000 0.00000 0.00000 0.00000 0.00000 0.00000 0.00000 0.00000 0.00000 0.00000 0.00000 0.00000 0.00000 0.00000 0.00000 0.00000 0.00000 0.00000 0.00000 0.00000 0.00000
0.00000 0.00000 0.00000 0.00000 0.00000 0.00000 0.00000 0.00000 0.00000 0.00000 0.00000 0.00000 0.00000 0.00000 0.00000 0.00000 0.00000 0.00000 0.00000 0.00000 0.00000 0.00000 0.00000 0.00000 0.00000
0.00000 0.00000 0.00000 0.00000 0.00000 0.00000 0.00000 0.00000 0.00000 0.00000 0.00000 0.00000 0.00000 0.00000 0.00000 0.00000 0.00000 0.00000 0.00000 0.00000 0.00000 0.00000 0.00000 0.00000 0.00000
0.00000 0.00000 0.00000 0.00000 0.00000 0.00000 0.00000 0.00000 0.00000 0.00000 0.00000 0.00000 0.00000 0.00000 0.00000 0.00000 0.00000 0.00000 0.00000 0.00000 0.00000 0.00000 0.00000 0.00000 0.00000
0.00000 0.00000 0.00000 0.00000 0.07407 0.00000 0.00000 0.00000 0.00000 0.00000 0.11038 0.08185 0.00000 0.00000 0.14404 0.00000 0.00000 0.00000 0.00000 0.00000 0.02830 0.03327 0.00000 0.00000 0.00000
0.00000 0.00000 0.00000 0.00000 0.06320 0.05445 0.00000 0.06751 0.02725 0.27638 0.29261 0.07540 0.00000 0.19045 0.19212 0.26391 0.00000 0.00000 0.06972 0.18222 0.03300 0.03707 0.04149 0.04545 0.00000
0.00000 0.00000 0.00000 0.01976 0.07858 0.07711 0.03990 0.03712 0.03492 0.29372 0.32623 0.00000 0.00000 0.13762 0.12969 0.13520 0.00000 0.05161 0.09909 0.16930 0.03267 0.03664 0.04105 0.00000 0.00000
0.00000 0.00000 0.00000 0.00000 0.00000 0.00000 0.03775 0.04350 0.04275 0.09186 0.21153 0.07953 0.07197 0.12444 0.13028 0.27699 0.00000 0.06123 0.06133 0.05818 0.11183 0.00000 0.00000 0.00000 0.00000
0.06615 0.07074 0.07716 0.08442 0.00000 0.06915 0.07563 0.08818 0.04340 0.25809 0.22077 0.08991 0.08891 0.24031 0.21063 0.21163 0.23844 0.23804 0.07169 0.06562 0.10793 0.00000 0.00000 0.00000 0.00000
0.03970 0.09039 0.08960 0.04094 0.08657 0.07108 0.07000 0.07773 0.23174 0.47531 0.21996 0.21008 0.10192 0.03422 0.26242 0.26780 0.28807 0.28974 0.41408 0.07506 0.18947 0.09897 0.08858 0.08649 0.00000
0.04237 0.03984 0.03491 0.28871 0.07929 0.08292 0.06822 0.06822 0.14648 0.16827 0.21370 0.21547 0.20454 0.03290 0.24563 0.45608 0.32592 0.29362 0.24005 0.07073 0.17277 0.19459 0.26071 0.04312 0.00000
0.04226 0.03741 0.03442 0.27077 0.27610 0.31716 0.00000 0.09651 0.12797 0.14970 0.08908 0.15812 0.34927 0.52247 0.29200 0.43288 0.27478 0.24085 0.21760 0.20628 0.21745 0.25122 0.28198 0.04878 0.04871
0.03811 0.03337 0.03029 0.45544 0.44037 0.47002 0.00000 0.01751 0.00000 0.01825 0.08965 0.08628 0.33920 0.53296 0.27344 0.35821 0.22349 0.19288 0.19916 0.36376 0.33640 0.10138 0.10187 0.04736 0.04730
0.02728 0.02891 0.03086 0.27562 0.26727 0.06507 0.06554 0.04830 0.05448 0.14349 0.07745 0.08085 0.35672 0.57140 0.28378 0.20866 0.39376 0.19953 0.21433 0.15829 0.09705 0.08969 0.08825 0.04667 0.04667
0.02729 0.02897 0.07790 0.07941 0.28286 0.06304 0.06127 0.04657 0.05582 0.16909 0.03483 0.03504 0.21147 0.24853 0.22633 0.22438 0.43969 0.08696 0.08766 0.08670 0.49666 0.52739 0.24785 0.28663 0.29051
0.00000 0.00000 0.02916 0.03054 0.03329 0.17166 0.00000 0.06870 0.16511 0.08322 0.03791 0.03473 0.03817 0.21242 0.09765 0.09230 0.17270 0.07637 0.07585 0.23187 0.26460 0.50108 0.25630 0.28072 0.28474
0.00000 0.06818 0.16232 0.26000 0.16339 0.31988 0.19477 0.15871 0.02052 0.03859 0.04234 0.08095 0.14133 0.27174 0.07770 0.17761 0.00000 0.00000 0.06203 0.26206 0.28460 0.23997 0.26678 0.10928 0.10893
0.00000 0.06953 0.17842 0.25853 0.44348 0.19795 0.18012 0.16516 0.13927 0.02884 0.02970 0.17887 0.15516 0.03522 0.03959 0.07377 0.06854 0.08126 0.05065 0.00000 0.20661 0.23494 0.29197 0.11682 0.11524
0.00000 0.00000 0.07420 0.07291 0.47520 0.17343 0.20288 0.19329 0.00000 0.02101 0.02394 0.19826 0.20273 0.00000 0.09201 0.08792 0.07432 0.07657 0.26064 0.38769 0.08863 0.08908 0.26406 0.12853 0.00000
0.00000 0.00000 0.16729 0.16949 0.15816 0.46841 0.07607 0.08616 0.08512 0.28581 0.15203 0.20622 0.08786 0.07520 0.28906 0.11087 0.19785 0.38386 0.24726 0.39739 0.37811 0.09771 0.04172 0.04294 0.00000
0.00000 0.03619 0.07532 0.06830 0.46331 0.46951 0.51007 0.07424 0.19204 0.10727 0.10334 0.09238 0.08008 0.26649 0.23501 0.09003 0.09463 0.54077 0.24947 0.23472 0.40967 0.04589 0.04367 0.04204 0.00000
0.03299 0.03120 0.03064 0.07739 0.18652 0.54466 0.49690 0.08529 0.09175 0.12793 0.11808 0.03910 0.07580 0.21139 0.19279 0.16879 0.10032 0.08742 0.07911 0.04437 0.04824 0.00000 0.00000 0.00000 0.00000
0.03070 0.03181 0.03406 0.03700 0.22009 0.10792 0.51913 0.00000 0.10786 0.00000 0.03918 0.04271 0.03550 0.03056 0.08176 0.09353 0.04563 0.08873 0.07597 0.04470 0.00000 0.00000 0.00000 0.00000 0.00000
0.00000 0.03763 0.04077 0.00000 0.05139 0.05028 0.05029 0.00000 0.00000 0.00000 0.00000 0.00000 0.00000 0.00000 0.00000 0.04842 0.04683 0.04571 0.07774 0.04507 0.00000 0.00000 0.00000 0.00000 0.00000
0.00000 0.00000 0.00000 0.00000 0.05154 0.05035 0.05024 0.00000 0.00000 0.00000 0.00000 0.00000 0.00000 0.00000 0.00000 0.00000 0.00000 0.00000 0.00000 0.00000 0.00000 0.00000 0.00000 0.00000 0.00000
