# name=rect_scattered field=200x200 stride=8
25 25
0.00000 0.00000 0.04326 0.00000 0.00000 0.00000 0.00000 0.07394 0.07428 0.00000 0.07074 0.06574 0.00000 0.00000 0.00000 0.08095 0.08714 0.03882 0.03959 0.04238 0.00000 0.00000 0.00000 0.00000 0.00000
0.00000 0.00000 0.04127 0.03888 0.03718 0.16441 0.07474 0.15094 0.16306 0.00000 0.06773 0.06686 0.02712 0.02271 0.00000 0.18938 0.08594 0.03880 0.04041 0.04160 0.04050 0.00000 0.00000 0.00000 0.00000
0.07921 0.07093 0.19662 0.52450 0.55851 0.16272 0.07284 0.23075 0.14907 0.00000 0.11594 0.16847 0.03245 0.02802 0.17841 0.18057 0.18683 0.03636 0.03867 0.03894 0.03608 0.19595 0.09727 0.04199 0.04145
0.08291 0.07731 0.53103 0.54609 0.55462 0.47451 0.06588 0.23071 0.04944 0.00000 0.26042 0.15487 0.03587 0.03405 0.00000 0.16711 0.18188 0.17277 0.03606 0.03630 0.20738 0.20561 0.09283 0.03787 0.03750
0.04285 0.08313 0.22575 0.22448 0.56741 0.18068 0.05183 0.05806 0.05256 0.00000 0.18035 0.07682 0.07601 0.07884 0.00000 0.14771 0.42453 0.14935 0.05760 0.00000 0.20629 0.08382 0.08975 0.09551 0.03619
0.08417 0.08307 0.22815 0.21371 0.08475 0.19763 0.21690 0.17814 0.48901 0.00000 0.15781 0.02257 0.07147 0.00000 0.00000 0.00000 0.02397 0.02589 0.00000 0.00000 0.21139 0.20023 0.09142 0.10196 0.03844
0.06500 0.06914 0.35756 0.36487 0.29687 0.27459 0.31239 0.22110 0.24183 0.21976 0.00000 0.00000 0.00000 0.02874 0.03023 0.07230 0.02994 0.19480 0.00000 0.00000 0.03412 0.31628 0.20730 0.11072 0.04274
0.00000 0.08049 0.27110 0.54689 0.27692 0.26884 0.57583 0.61405 0.28405 0.00000 0.07709 0.00000 0.16391 0.13806 0.03409 0.31769 0.22263 0.21615 0.21143 0.00000 0.42002 0.05831 0.06266 0.00000 0.00000
0.00000 0.09828 0.11023 0.45615 0.57113 0.13435 0.62875 0.73143 0.73877 0.52371 0.07741 0.00000 0.06109 0.03704 0.22608 0.51127 0.30977 0.22727 0.22387 0.21514 0.20016 0.52639 0.00000 0.00000 0.00000
0.00000 0.03701 0.32089 0.56279 0.53063 0.30547 0.65521 0.68891 0.62767 0.54857 0.51767 0.00000 0.07025 0.18713 0.20835 0.32620 0.29750 0.30174 0.33807 0.26497 0.23337 0.19117 0.00000 0.00000 0.00000
0.00000 0.41370 0.40719 0.39460 0.51956 0.44491 0.28231 0.66047 0.62617 0.57780 0.18906 0.17950 0.36348 0.17128 0.03058 0.08529 0.26730 0.28718 0.42826 0.24611 0.22641 0.27061 0.00000 0.00000 0.00000
0.00000 0.39063 0.38649 0.31388 0.58096 0.54879 0.68336 0.64740 0.66187 0.39146 0.18937 0.09645 0.26358 0.26991 0.07391 0.19604 0.16098 0.51015 0.18473 0.21430 0.23648 0.37986 0.02902 0.00000 0.00000
0.00000 0.07529 0.18461 0.55941 0.58138 0.68257 0.55806 0.61408 0.60978 0.41073 0.18619 0.08551 0.45266 0.45131 0.19141 0.07522 0.26588 0.49087 0.57507 0.67893 0.39639 0.03542 0.03101 0.03335 0.00000
0.00000 0.10152 0.11087 0.45305 0.56858 0.56778 0.59479 0.64383 0.63661 0.13198 0.17247 0.50499 0.47297 0.51070 0.08638 0.08051 0.03586 0.08282 0.07918 0.00000 0.00000 0.03795 0.03629 0.04175 0.00000
0.00000 0.00000 0.11489 0.14075 0.22502 0.17169 0.61288 0.15444 0.15237 0.13183 0.06096 0.06636 0.07853 0.28841 0.12090 0.41253 0.24822 0.54336 0.52789 0.03626 0.03707 0.09762 0.11240 0.12276 0.00000
0.00000 0.02343 0.05662 0.13656 0.43373 0.47430 0.52672 0.67495 0.36605 0.30792 0.02332 0.26829 0.08047 0.08349 0.46472 0.45403 0.53580 0.23396 0.25106 0.12737 0.29740 0.36705 0.10115 0.00000 0.00000
0.06715 0.06265 0.06186 0.17610 0.17432 0.46544 0.51427 0.34829 0.30909 0.02859 0.17012 0.06053 0.40906 0.58210 0.55159 0.50366 0.47931 0.45437 0.55756 0.55397 0.28255 0.34153 0.39894 0.00000 0.00000
0.04144 0.03632 0.19388 0.28090 0.47189 0.28611 0.56942 0.37278 0.05861 0.04241 0.02561 0.17689 0.18589 0.59703 0.58828 0.56635 0.47948 0.35043 0.36108 0.33829 0.14270 0.03202 0.10685 0.00000 0.00000
0.00000 0.24005 0.21547 0.32014 0.30528 0.08230 0.48522 0.12498 0.02552 0.02239 0.14809 0.18833 0.20423 0.64528 0.57915 0.56499 0.50376 0.56227 0.36921 0.15425 0.32849 0.17454 0.19996 0.00000 0.00000
0.00000 0.46262 0.41488 0.36275 0.34214 0.18827 0.32602 0.06576 0.02516 0.02451 0.15623 0.50130 0.51516 0.34122 0.51612 0.48771 0.47587 0.47916 0.48268 0.31905 0.50531 0.16546 0.17386 0.05649 0.00000
0.10828 0.10076 0.37726 0.32241 0.25049 0.19812 0.07418 0.22671 0.04816 0.15612 0.46164 0.51488 0.61643 0.34869 0.33254 0.43089 0.17719 0.43458 0.49383 0.16129 0.17081 0.25542 0.07317 0.07164 0.00000
0.08911 0.08616 0.08294 0.07700 0.00000 0.03733 0.02602 0.21396 0.14367 0.06605 0.47374 0.53326 0.20273 0.20374 0.19898 0.07246 0.17688 0.13636 0.39934 0.41296 0.15136 0.06594 0.07432 0.04050 0.00000
0.00000 0.07264 0.07644 0.00000 0.00000 0.02498 0.02924 0.00000 0.03123 0.02947 0.06505 0.29686 0.17618 0.19326 0.19338 0.18340 0.02521 0.02612 0.35707 0.12163 0.05710 0.06751 0.07822 0.00000 0.00000
0.00000 0.00000 0.00000 0.00000 0.00000 0.00000 0.02712 0.00000 0.02746 0.02709 0.06506 0.07687 0.07654 0.18588 0.19025 0.00000 0.00000 0.00000 0.00000 0.00000 0.05931 0.00000 0.00000 0.00000 0.00000
0.00000 0.00000 0.00000 0.00000 0.00000 0.00000 0.00000 0.00000 0.00000 0.02519 0.00000 0.02851 0.03344 0.03909 0.03073 0.00000 0.00000 0.00000 0.00000 0.00000 0.00000 0.00000 0.00000 0.00000 0.00000
