# name=row_only field=200x200 stride=8
25 25
0.00000 0.00000 0.31786 0.32986 0.35297 0.30645 0.26207 0.25117 0.27703 0.28941 0.30800 0.33303 0.31926 0.33564 0.34982 0.13653 0.13631 0.34842 0.27314 0.27699 0.12748 0.00000 0.00000 0.00000 0.00000
0.00000 0.29636 0.28538 0.73275 0.69062 0.28942 0.72705 0.68684 0.74182 0.86523 0.92063 0.83518 0.85293 0.78709 0.47807 0.17372 0.46023 0.45746 0.39771 0.40831 0.41653 0.00000 0.00000 0.00000 0.00000
0.00000 0.00000 0.74885 0.72638 0.70637 0.76358 0.71972 0.67704 0.75196 0.87202 0.89105 0.91278 0.83621 0.77476 0.43858 0.39630 0.40331 0.41364 0.39099 0.39600 0.40357 0.10141 0.00000 0.00000 0.00000
0.02623 0.16181 0.79124 0.73389 0.77683 0.77644 0.79596 0.86495 0.83195 0.80369 0.87494 0.91722 0.85050 0.81751 0.80633 0.68404 0.65378 0.67388 0.76025 0.78593 0.79532 0.43369 0.00000 0.00000 0.00000
0.02526 0.19890 0.63435 0.78588 0.77714 0.71316 0.78232 0.85109 0.82417 0.76067 0.82750 0.84613 0.83486 0.79619 0.65942 0.75059 0.69765 0.70352 0.75620 0.82853 0.78850 0.45451 0.00000 0.00000 0.00000
0.23811 0.22841 0.78044 0.75449 0.62782 0.73141 0.70271 0.72429 0.71527 0.71221 0.75173 0.82131 0.76026 0.82037 0.82552 0.76904 0.74862 0.70220 0.76562 0.83438 0.79392 0.84276 0.00000 0.00000 0.00000
0.23756 0.23381 0.65075 0.76531 0.75841 0.71213 0.67851 0.68477 0.71346 0.71183 0.78917 0.78397 0.79603 0.81351 0.76559 0.82456 0.81519 0.80077 0.75421 0.79578 0.79208 0.59981 0.23266 0.00000 0.00000
0.25987 0.37958 0.72828 0.74815 0.75817 0.73627 0.79236 0.69811 0.71636 0.75504 0.78171 0.78103 0.74571 0.80370 0.74724 0.75770 0.83959 0.79822 0.78745 0.84791 0.85291 0.39300 0.26956 0.30002 0.00000
0.03736 0.74556 0.84590 0.80329 0.86389 0.80078 0.73551 0.80285 0.73249 0.85929 0.81502 0.86125 0.80133 0.81467 0.82410 0.82131 0.82334 0.79645 0.77634 0.84694 0.87960 0.82952 0.82535 0.30160 0.00000
0.03641 0.33219 0.85216 0.83716 0.86674 0.84182 0.80087 0.80608 0.75908 0.84278 0.83179 0.79392 0.79450 0.86236 0.82177 0.79872 0.78947 0.73884 0.70089 0.82290 0.79960 0.82163 0.81755 0.29329 0.00000
0.00000 0.41832 0.83423 0.84117 0.82975 0.80396 0.84222 0.82968 0.81090 0.76267 0.79697 0.78188 0.84889 0.82209 0.81038 0.82807 0.81661 0.84304 0.75104 0.77825 0.81005 0.83348 0.83841 0.00000 0.00000
0.00000 0.81889 0.81379 0.85677 0.83039 0.78318 0.85270 0.85803 0.71925 0.75684 0.77184 0.79543 0.76013 0.74269 0.81062 0.76296 0.86129 0.89555 0.86980 0.84484 0.80525 0.81071 0.81508 0.00000 0.00000
0.00000 0.77353 0.79726 0.83378 0.83737 0.75027 0.83059 0.84121 0.73993 0.76503 0.77931 0.79177 0.76151 0.73630 0.80688 0.82146 0.81011 0.84550 0.82202 0.77908 0.82091 0.82733 0.77900 0.36213 0.00000
0.00000 0.24964 0.84727 0.81838 0.77816 0.75580 0.80014 0.78851 0.72698 0.78779 0.74848 0.78428 0.81521 0.79096 0.73403 0.79425 0.79668 0.75871 0.78582 0.83520 0.79478 0.78967 0.38089 0.37391 0.00000
0.00000 0.23338 0.69413 0.73957 0.72297 0.72622 0.73659 0.70830 0.72034 0.72355 0.75632 0.80792 0.82981 0.83479 0.69747 0.69727 0.77423 0.64688 0.80183 0.83490 0.74551 0.72545 0.75003 0.00000 0.00000
0.00000 0.00000 0.75277 0.72552 0.73957 0.78822 0.77832 0.76884 0.75904 0.76173 0.79627 0.81377 0.86566 0.84471 0.72950 0.80146 0.71744 0.71051 0.80728 0.82285 0.74079 0.63971 0.66873 0.00000 0.00000
0.03111 0.06302 0.70706 0.72980 0.75470 0.82228 0.81434 0.80244 0.79715 0.73325 0.72984 0.81464 0.82539 0.83007 0.82141 0.69966 0.72441 0.76787 0.80370 0.73336 0.72467 0.67569 0.33688 0.00000 0.00000
0.02475 0.17793 0.61608 0.67822 0.78935 0.85549 0.85238 0.82239 0.80957 0.76855 0.78450 0.75091 0.82999 0.82347 0.73782 0.76004 0.64211 0.70824 0.78910 0.77575 0.80031 0.62815 0.07075 0.07211 0.00000
0.00000 0.45208 0.76813 0.75741 0.80640 0.73462 0.81361 0.81431 0.70643 0.74137 0.67571 0.78354 0.79864 0.75790 0.76177 0.74191 0.75426 0.80169 0.74601 0.76430 0.81823 0.80992 0.08415 0.08050 0.00000
0.35570 0.34784 0.81555 0.83015 0.84638 0.79941 0.78704 0.79148 0.76379 0.79246 0.79891 0.76879 0.81140 0.81361 0.80043 0.82768 0.77730 0.80400 0.81998 0.80219 0.80827 0.46621 0.00000 0.00000 0.00000
0.07363 0.82306 0.82840 0.87045 0.87634 0.81561 0.83996 0.82065 0.83166 0.83634 0.77067 0.77865 0.81511 0.86566 0.89840 0.81740 0.77884 0.78970 0.77117 0.79743 0.84005 0.45366 0.00000 0.00000 0.00000
0.00000 0.91150 0.92016 0.90019 0.91501 0.86898 0.89718 0.87769 0.82423 0.79026 0.81171 0.78870 0.84359 0.85748 0.85506 0.79632 0.65441 0.74520 0.78288 0.48978 0.52573 0.26236 0.00000 0.00000 0.00000
0.00000 0.32461 0.93461 0.90592 0.93151 0.88160 0.89485 0.83993 0.82974 0.81892 0.81098 0.79691 0.31683 0.86220 0.83646 0.79777 0.65458 0.72842 0.72633 0.50148 0.54785 0.00000 0.00000 0.00000 0.00000
0.00000 0.34806 0.32285 0.31301 0.31415 0.32827 0.32707 0.33518 0.15360 0.34446 0.14306 0.14162 0.32660 0.32404 0.29313 0.28264 0.11303 0.33183 0.30005 0.14261 0.12960 0.00000 0.00000 0.00000 0.00000
0.00000 0.00000 0.11886 0.11628 0.32595 0.13557 0.13727 0.15388 0.15360 0.15418 0.14306 0.14162 0.34260 0.11689 0.29313 0.29425 0.11303 0.11939 0.14185 0.14261 0.00000 0.00000 0.00000 0.00000 0.00000
