# name=two_districts field=200x200 stride=8
25 25
0.36169 0.34337 0.94697 0.89343 0.89010 0.89343 0.89010 0.89343 0.93032 0.90773 0.26867 0.66580 0.35779 0.32430 0.70023 0.73213 0.84485 0.88768 0.83294 0.86455 0.82760 0.86224 0.90665 0.94432 0.69294
0.34337 0.99583 0.95367 0.99583 0.95998 0.99583 0.95998 0.99583 0.99583 0.93201 0.81952 0.68941 0.61447 0.53771 0.78112 0.79095 0.87271 0.88089 0.90157 0.88783 0.90490 0.94209 0.85722 0.88677 0.86002
0.94697 0.95367 0.99583 0.99583 0.99583 0.99583 0.99583 0.99583 0.99583 0.99583 0.80467 0.72107 0.63645 0.75297 0.80831 0.85191 0.89630 0.91841 0.92768 0.89250 0.91712 0.91741 0.86565 0.88667 0.86413
0.89343 0.99583 0.99583 0.99583 0.99583 0.99583 0.99583 0.99583 0.99583 0.99583 0.75075 0.67265 0.63942 0.87862 0.85991 0.89350 0.92197 0.91328 0.93643 0.92362 0.91115 0.91425 0.87202 0.86029 0.82977
0.89010 0.95998 0.99583 0.99583 0.99583 0.99583 0.99583 0.99583 0.99583 0.99583 0.69500 0.63469 0.73549 0.89489 0.91921 0.93421 0.90109 0.93396 0.92159 0.92162 0.93723 0.90615 0.90403 0.84915 0.79012
0.89343 0.99583 0.99583 0.99583 0.99583 0.99583 0.99583 0.99583 0.99583 0.95190 0.87518 0.60411 0.65916 0.86490 0.89425 0.93399 0.93264 0.93335 0.93465 0.91463 0.93653 0.89094 0.90989 0.86922 0.83705
0.89010 0.95998 0.99583 0.99583 0.99583 0.99583 0.99583 0.99583 0.99583 0.99583 0.79989 0.64936 0.65809 0.91337 0.91979 0.91527 0.91715 0.93387 0.93396 0.93482 0.93552 0.91823 0.89409 0.83684 0.81916
0.89343 0.99583 0.99583 0.99583 0.99583 0.99583 0.99583 0.99583 0.99583 0.99583 0.89499 0.61737 0.61269 0.85088 0.85800 0.90884 0.91812 0.91165 0.90449 0.93451 0.93522 0.90105 0.87791 0.84890 0.81212
0.89010 0.95998 0.99583 0.99583 0.99583 0.99583 0.99583 0.99583 0.99583 0.99583 0.82125 0.67831 0.74685 0.89848 0.89148 0.93672 0.93577 0.93573 0.91739 0.93477 0.92030 0.91175 0.88574 0.83923 0.72975
0.89343 0.99583 0.99583 0.99583 0.99583 0.99583 0.99583 0.99583 0.99583 0.99583 0.89436 0.49040 0.73253 0.87529 0.90952 0.91639 0.93668 0.92055 0.92068 0.93672 0.90480 0.92280 0.89369 0.86820 0.84005
0.89010 0.95998 0.99583 0.99583 0.99583 0.99583 0.99583 0.99583 0.99583 0.99583 0.80265 0.65751 0.62885 0.83740 0.93800 0.91975 0.93749 0.91628 0.93907 0.93935 0.93804 0.92749 0.91638 0.87640 0.88281
0.89343 0.99583 0.99583 0.99583 0.99583 0.99583 0.99583 0.99583 0.99583 0.99583 0.91328 0.61531 0.66039 0.89279 0.90730 0.92098 0.92141 0.90940 0.94073 0.94059 0.92570 0.93738 0.92551 0.89752 0.82635
0.89010 0.95998 0.99583 0.99583 0.99583 0.99583 0.99583 0.99583 0.99583 0.99583 0.85923 0.59736 0.61632 0.87132 0.89324 0.91610 0.93857 0.94054 0.94155 0.92760 0.92551 0.92322 0.89141 0.88444 0.85975
0.89343 0.99583 0.99583 0.99583 0.99583 0.99583 0.99583 0.99583 0.99583 0.99583 0.89827 0.35436 0.76284 0.88610 0.90096 0.93640 0.92240 0.93989 0.94058 0.94055 0.93950 0.91135 0.91416 0.90080 0.82218
0.89010 0.95998 0.99583 0.99583 0.99583 0.99583 0.99583 0.99583 0.99583 0.99583 0.79356 0.49554 0.72697 0.87548 0.86963 0.93595 0.93745 0.91062 0.91939 0.90568 0.93795 0.93735 0.93826 0.93958 0.85782
0.89343 0.99583 0.99583 0.99583 0.99583 0.99583 0.99583 0.99583 0.99583 0.99583 0.89725 0.63086 0.64045 0.90588 0.91584 0.92099 0.92308 0.93693 0.93685 0.92097 0.93640 0.91981 0.91225 0.88720 0.87871
0.89010 0.95998 0.99583 0.99583 0.99583 0.99583 0.99583 0.99583 0.99583 0.99583 0.83422 0.57984 0.46862 0.77068 0.85728 0.90644 0.90344 0.91642 0.91686 0.92094 0.93564 0.91850 0.91826 0.90521 0.89147
0.89343 0.99583 0.99583 0.99583 0.99583 0.99583 0.99583 0.99583 0.99583 0.99583 0.91353 0.55836 0.54445 0.89568 0.91107 0.92281 0.91805 0.93470 0.91397 0.93388 0.92001 0.91660 0.89852 0.84889 0.47318
0.89010 0.95998 0.99583 0.99583 0.99583 0.99583 0.99583 0.99583 0.99583 0.99583 0.80157 0.48783 0.63334 0.87762 0.90873 0.91483 0.90520 0.91517 0.90425 0.93366 0.91168 0.93251 0.93354 0.91440 0.79379
0.89343 0.99583 0.99583 0.99583 0.99583 0.99583 0.99583 0.99583 0.99583 0.99583 0.89870 0.30332 0.68129 0.85504 0.94048 0.92368 0.93696 0.93591 0.91959 0.91815 0.91691 0.93121 0.93121 0.86574 0.87746
0.93032 0.99583 0.99583 0.99583 0.99583 0.99583 0.99583 0.99583 0.99583 0.99583 0.89328 0.60317 0.62197 0.89203 0.90602 0.92238 0.91693 0.93714 0.93541 0.93466 0.93338 0.93072 0.92997 0.89118 0.89690
0.99583 0.99583 0.99583 0.99583 0.99583 0.99583 0.99583 0.99583 0.99583 0.99583 0.92053 0.62662 0.60376 0.87477 0.89694 0.91599 0.93765 0.91770 0.92015 0.91884 0.92102 0.90133 0.88046 0.85727 0.85291
0.35573 0.99583 0.94926 0.99583 0.89466 0.99583 0.89466 0.99583 0.93332 0.99583 0.29919 0.36920 0.27369 0.91507 0.90533 0.94087 0.93970 0.88166 0.91797 0.92048 0.90681 0.87485 0.79600 0.75543 0.71954
0.13471 0.12777 0.30512 0.30712 0.51411 0.30712 0.51411 0.30712 0.30610 0.12581 0.10727 0.27207 0.29640 0.94273 0.91841 0.86185 0.91809 0.84884 0.87276 0.89307 0.88910 0.84308 0.77654 0.74422 0.33197
0.00000 0.12777 0.12403 0.30712 0.12403 0.30712 0.12403 0.30712 0.12403 0.12581 0.00000 0.00000 0.33650 0.94307 0.94317 0.88622 0.79695 0.65879 0.84116 0.89506 0.86896 0.76610 0.69967 0.65677 0.31586
