# name=grid_nonrect_buildings field=200x200 stride=8
25 25
0.00000 0.00000 0.00000 0.00000 0.00000 0.00000 0.00000 0.00000 0.00000 0.44192 0.48399 0.50385 0.00000 0.00000 0.00000 0.00000 0.25602 0.46495 0.27415 0.64692 0.42077 0.50409 0.54373 0.59524 0.59524
0.00000 0.45761 0.43483 0.83096 0.42587 0.43229 0.45165 0.47907 0.97610 0.43013 0.46577 0.74019 0.69311 0.64867 0.32250 0.34407 0.41352 0.42776 0.78574 0.73171 0.63213 0.62843 0.67282 0.69902 0.59524
0.00000 0.42716 0.80344 0.81137 0.78929 0.84144 0.89688 0.94449 0.92500 0.86380 0.83684 0.81794 0.82076 0.78651 0.74916 0.70094 0.78436 0.82596 0.79772 0.84115 0.81221 0.86361 0.87576 0.70178 0.72901
0.00000 0.77631 0.78078 0.78635 0.82543 0.86279 0.90851 0.92611 0.93599 0.89844 0.87797 0.83996 0.84723 0.82275 0.82593 0.82773 0.83323 0.84148 0.81250 0.83936 0.84534 0.85761 0.87215 0.70671 0.72901
0.00000 0.36430 0.78045 0.78303 0.81510 0.85561 0.86867 0.87052 0.89052 0.90110 0.88490 0.86250 0.87147 0.84332 0.85601 0.82981 0.82515 0.85625 0.82657 0.84170 0.83344 0.83689 0.84578 0.67901 0.70291
0.00000 0.36747 0.73740 0.79035 0.82034 0.86010 0.86985 0.87660 0.89195 0.91088 0.89348 0.87254 0.88885 0.85866 0.87450 0.84287 0.83235 0.82479 0.83074 0.83020 0.82290 0.81821 0.82293 0.65522 0.66846
0.00000 0.38279 0.77348 0.78120 0.81839 0.84693 0.86640 0.89846 0.93901 0.89140 0.88510 0.89621 0.89430 0.87945 0.85984 0.85229 0.81654 0.83885 0.81492 0.80861 0.79423 0.80554 0.80053 0.65160 0.64069
0.00000 0.39970 0.81736 0.82131 0.80035 0.84777 0.88300 0.91956 0.90592 0.87318 0.87143 0.87200 0.88710 0.87022 0.84149 0.80394 0.83558 0.86043 0.83319 0.83516 0.79343 0.80844 0.80002 0.63308 0.64337
0.00000 0.37233 0.76932 0.80127 0.82148 0.83887 0.86839 0.88701 0.89934 0.86042 0.85732 0.89240 0.88906 0.87081 0.84080 0.83216 0.86741 0.84187 0.81846 0.81015 0.80536 0.82240 0.82357 0.64799 0.64699
0.00000 0.36637 0.77645 0.81327 0.82312 0.78810 0.81119 0.82477 0.83270 0.87736 0.88089 0.86620 0.88103 0.87146 0.88803 0.83267 0.84588 0.83279 0.84486 0.84262 0.86623 0.86214 0.85366 0.67996 0.69159
0.00000 0.34897 0.78138 0.80784 0.77212 0.79547 0.78015 0.78740 0.81228 0.85758 0.86545 0.86324 0.87908 0.87355 0.88960 0.88571 0.85236 0.83412 0.84783 0.87867 0.88027 0.88293 0.88011 0.70418 0.71564
0.00000 0.80110 0.79541 0.81027 0.78194 0.77078 0.76859 0.78165 0.80731 0.83673 0.85083 0.86421 0.86963 0.86845 0.87316 0.86893 0.86393 0.85420 0.84926 0.85990 0.87229 0.90330 0.90435 0.72832 0.73368
0.00000 0.71800 0.82729 0.81864 0.80188 0.79489 0.78817 0.80513 0.82473 0.85096 0.85966 0.86197 0.86005 0.86224 0.86681 0.87827 0.87784 0.86861 0.86416 0.87137 0.88808 0.90038 0.90640 0.91306 0.74665
0.00000 0.80635 0.80778 0.82494 0.79977 0.78941 0.80678 0.79998 0.82355 0.84022 0.85027 0.85512 0.84675 0.83797 0.84358 0.85449 0.85679 0.85114 0.84414 0.86972 0.87700 0.90268 0.91299 0.92956 0.75954
0.00000 0.36025 0.78743 0.84610 0.84617 0.83986 0.82139 0.80818 0.84558 0.86150 0.86753 0.84970 0.84760 0.83661 0.85852 0.87218 0.86656 0.87743 0.85879 0.88026 0.89833 0.91714 0.93108 0.94364 0.77904
0.00000 0.37294 0.77244 0.86612 0.85241 0.87865 0.85595 0.81773 0.85492 0.85722 0.88003 0.85127 0.86099 0.85062 0.87739 0.86202 0.87716 0.83997 0.86200 0.89860 0.89465 0.93462 0.95390 0.96297 0.80005
0.00000 0.39512 0.83587 0.87158 0.88790 0.89506 0.88631 0.87279 0.84715 0.86941 0.87427 0.88171 0.88154 0.86907 0.88246 0.88983 0.91024 0.89558 0.86812 0.89922 0.91863 0.94283 0.95422 0.77412 0.81650
0.00000 0.42191 0.87881 0.90181 0.87359 0.89096 0.87857 0.89538 0.86255 0.86793 0.86576 0.87564 0.89413 0.88065 0.87136 0.86947 0.91278 0.92936 0.89969 0.92870 0.88674 0.92116 0.92524 0.74334 0.75993
0.00000 0.82849 0.84554 0.86899 0.88978 0.88942 0.87090 0.85785 0.83571 0.87087 0.87411 0.88173 0.88367 0.87568 0.89034 0.89968 0.92040 0.91701 0.89209 0.87943 0.86866 0.88724 0.88221 0.70326 0.70451
0.31891 0.59075 0.87784 0.86463 0.86367 0.83167 0.84869 0.88813 0.87133 0.88628 0.85037 0.84739 0.86009 0.83903 0.86396 0.83901 0.85506 0.89682 0.87095 0.87249 0.83310 0.83626 0.82366 0.65073 0.66499
0.41310 0.64726 0.81391 0.84071 0.80842 0.83681 0.83003 0.84148 0.87779 0.85020 0.86837 0.83911 0.83167 0.81179 0.81472 0.81655 0.80974 0.81234 0.84558 0.81714 0.83311 0.81864 0.80453 0.63645 0.00000
0.49207 0.85368 0.83911 0.81970 0.81207 0.81313 0.82886 0.86040 0.88295 0.88013 0.86491 0.83990 0.82112 0.79731 0.78804 0.78116 0.78666 0.80387 0.82166 0.82877 0.82283 0.81259 0.80195 0.64346 0.00000
0.53365 0.64299 0.83745 0.81264 0.80248 0.80413 0.82446 0.85568 0.87938 0.88591 0.86704 0.84214 0.82468 0.80423 0.77599 0.76513 0.75977 0.77806 0.80631 0.83254 0.82550 0.82489 0.81543 0.80943 0.00000
0.59524 0.66894 0.65532 0.63702 0.63442 0.63667 0.65070 0.67358 0.69296 0.70572 0.69911 0.84032 0.82399 0.64331 0.62215 0.59912 0.58968 0.60780 0.79621 0.65600 0.66760 0.83207 0.82345 0.66350 0.00000
0.59524 0.59524 0.68129 0.65464 0.64476 0.63430 0.66001 0.69513 0.72901 0.71673 0.70568 0.69929 0.00000 0.00000 0.00000 0.00000 0.57655 0.61270 0.64699 0.67228 0.00000 0.00000 0.00000 0.00000 0.00000
