# name=grid_sheared field=200x200 stride=8
25 25
0.75781 0.75250 0.83944 0.83831 0.88811 0.87909 0.91051 0.87909 0.91051 0.87909 0.91051 0.87909 0.91051 0.87909 0.91051 0.87909 0.91051 0.87909 0.91051 0.91057 0.91053 0.91051 0.91049 0.91044 0.74334
0.81251 0.80061 0.87813 0.82677 0.89488 0.87706 0.89282 0.87706 0.89282 0.87706 0.89282 0.87706 0.89282 0.87706 0.89282 0.87706 0.89282 0.87706 0.89282 0.91028 0.89599 0.91019 0.89677 0.91010 0.72281
0.80560 0.87728 0.88920 0.89973 0.89161 0.90983 0.89041 0.90983 0.89041 0.90983 0.89041 0.90983 0.89041 0.90983 0.89041 0.90983 0.89041 0.90983 0.89041 0.90982 0.89322 0.90979 0.89472 0.90971 0.72044
0.88446 0.85612 0.88273 0.89172 0.90028 0.90315 0.89918 0.90315 0.89918 0.90315 0.89918 0.90315 0.89918 0.90315 0.89918 0.90315 0.89918 0.90315 0.90183 0.90943 0.89697 0.90946 0.90943 0.90940 0.90935
0.80779 0.90364 0.90618 0.91115 0.90272 0.90924 0.90212 0.90924 0.90212 0.90924 0.90212 0.90924 0.90212 0.90924 0.90212 0.90924 0.90212 0.90924 0.90243 0.90922 0.90379 0.90923 0.90919 0.90920 0.90909
0.73920 0.89093 0.89177 0.91089 0.90993 0.90110 0.90909 0.89736 0.90993 0.90110 0.90909 0.89736 0.90993 0.90110 0.90909 0.89736 0.90993 0.90110 0.90909 0.89889 0.90972 0.90955 0.90909 0.91010 0.91070
0.80258 0.83283 0.88343 0.88081 0.91085 0.91075 0.91107 0.89490 0.91085 0.91075 0.91107 0.89490 0.91085 0.91075 0.91107 0.89490 0.91085 0.91075 0.91096 0.89669 0.91042 0.91017 0.91101 0.91136 0.91239
0.70696 0.83949 0.86794 0.87401 0.91215 0.89865 0.90687 0.89865 0.91215 0.89865 0.90687 0.89865 0.91215 0.89865 0.90687 0.89865 0.91215 0.89865 0.91241 0.91205 0.91150 0.91200 0.91244 0.91352 0.91510
0.69675 0.83329 0.87816 0.88492 0.90122 0.89998 0.91336 0.90022 0.91295 0.89998 0.91336 0.90022 0.91295 0.89998 0.91336 0.90022 0.91295 0.89998 0.91336 0.90089 0.91225 0.91292 0.91373 0.91518 0.91707
0.77269 0.85449 0.88514 0.87237 0.90327 0.89970 0.90268 0.90760 0.90529 0.89970 0.90268 0.90760 0.90529 0.89970 0.90268 0.90760 0.90529 0.89970 0.90268 0.91309 0.90593 0.91321 0.90585 0.90813 0.91231
0.80112 0.85215 0.86769 0.90257 0.91315 0.91227 0.91247 0.91227 0.91212 0.91227 0.91247 0.91227 0.91212 0.91227 0.91247 0.91227 0.91212 0.91227 0.91247 0.91201 0.89924 0.91232 0.89001 0.90891 0.90923
0.88343 0.87227 0.87594 0.90603 0.89558 0.91064 0.90372 0.91064 0.89455 0.91064 0.90372 0.91064 0.89455 0.91064 0.90372 0.91064 0.89455 0.91064 0.91095 0.91050 0.89853 0.90489 0.90530 0.91259 0.91432
0.81167 0.90372 0.89385 0.90482 0.90310 0.90297 0.90201 0.90294 0.90228 0.90297 0.90201 0.90294 0.90228 0.90297 0.90201 0.90294 0.90228 0.90297 0.90233 0.90365 0.90388 0.90510 0.90407 0.91097 0.91204
0.73920 0.89093 0.89177 0.91089 0.90993 0.90110 0.90909 0.89736 0.90993 0.90110 0.90909 0.89736 0.90993 0.90110 0.90909 0.89736 0.90993 0.90110 0.90909 0.89889 0.90972 0.90955 0.90446 0.90170 0.88084
0.80258 0.83283 0.88343 0.88081 0.91085 0.91075 0.91107 0.89490 0.91085 0.91075 0.91107 0.89490 0.91085 0.91075 0.91107 0.89490 0.91085 0.91075 0.91096 0.89669 0.91042 0.91017 0.91101 0.91136 0.90088
0.70696 0.83949 0.86794 0.87401 0.91215 0.89865 0.90687 0.89865 0.91215 0.89865 0.90687 0.89865 0.91215 0.89865 0.90687 0.89865 0.91215 0.89865 0.91241 0.91205 0.91150 0.91200 0.91244 0.91352 0.91510
0.69675 0.83329 0.87816 0.88492 0.90122 0.89998 0.91336 0.90022 0.91295 0.89998 0.91336 0.90022 0.91295 0.89998 0.91336 0.90022 0.91295 0.89998 0.91336 0.90089 0.91225 0.91292 0.91373 0.91518 0.91707
0.77269 0.85449 0.88514 0.87237 0.90327 0.89970 0.90268 0.90760 0.90529 0.89970 0.90268 0.90760 0.90529 0.89970 0.90268 0.90760 0.90529 0.89970 0.90268 0.91309 0.90593 0.91321 0.90585 0.90813 0.91231
0.80112 0.85215 0.86769 0.90257 0.91315 0.91227 0.91247 0.91227 0.91212 0.91227 0.91247 0.91227 0.91212 0.91227 0.91247 0.91227 0.91212 0.91227 0.91247 0.91201 0.89924 0.91232 0.89001 0.90891 0.90923
0.88343 0.89278 0.89289 0.90620 0.90462 0.91055 0.91095 0.91056 0.90362 0.91055 0.91095 0.91056 0.90362 0.91055 0.91095 0.91056 0.90362 0.91055 0.91089 0.91043 0.91043 0.90514 0.90546 0.91233 0.91404
0.87106 0.90444 0.89597 0.90546 0.90398 0.90388 0.89530 0.90386 0.90328 0.90388 0.89530 0.90386 0.90328 0.90388 0.89530 0.90386 0.90328 0.90388 0.89582 0.90449 0.90465 0.90573 0.89462 0.91067 0.91154
0.91315 0.91180 0.91078 0.90997 0.90909 0.90909 0.90909 0.90909 0.90909 0.90909 0.90909 0.90909 0.90909 0.90909 0.90909 0.90909 0.90909 0.90909 0.90909 0.90909 0.90909 0.90909 0.90173 0.89543 0.88630
0.88013 0.88877 0.90981 0.89527 0.90909 0.89619 0.90909 0.89619 0.90909 0.89619 0.90909 0.89619 0.90909 0.89619 0.90909 0.89619 0.90909 0.89619 0.90909 0.89810 0.90909 0.90097 0.90909 0.90909 0.89983
0.67347 0.90909 0.90909 0.90909 0.90909 0.90909 0.90909 0.90909 0.90909 0.90909 0.90909 0.90909 0.90909 0.90909 0.90909 0.90909 0.90909 0.90909 0.90909 0.90909 0.90909 0.90909 0.90909 0.90909 0.90909
0.56566 0.71005 0.90909 0.72170 0.90909 0.72352 0.90909 0.72352 0.90909 0.72352 0.90909 0.72352 0.90909 0.72352 0.90909 0.72352 0.90909 0.72352 0.90909 0.72598 0.90909 0.90909 0.90909 0.90909 0.90909
