# name=organic_walks field=200x200 stride=8
25 25
0.00000 0.00000 0.00000 0.00000 0.00000 0.00000 0.00000 0.00000 0.24229 0.22646 0.21248 0.00000 0.00000 0.00000 0.00000 0.00000 0.00000 0.00000 0.00000 0.00000 0.00000 0.00000 0.00000 0.00000 0.00000
0.00000 0.00000 0.00000 0.00000 0.00000 0.00000 0.00000 0.00000 0.38536 0.37147 0.20105 0.17415 0.00000 0.00000 0.00000 0.00000 0.00000 0.00000 0.00000 0.00000 0.00000 0.00000 0.00000 0.00000 0.00000
0.00000 0.00000 0.00000 0.00000 0.00000 0.00000 0.00000 0.00000 0.37044 0.35492 0.32113 0.15615 0.00000 0.00000 0.00000 0.00000 0.00000 0.00000 0.00000 0.00000 0.00000 0.00000 0.00000 0.00000 0.00000
0.00000 0.00000 0.00000 0.00000 0.00000 0.00000 0.00000 0.00000 0.35259 0.44924 0.43895 0.33085 0.00000 0.00000 0.00000 0.00000 0.00000 0.00000 0.00000 0.00000 0.00000 0.00000 0.00000 0.00000 0.00000
0.00000 0.00000 0.00000 0.00000 0.00000 0.00000 0.00000 0.00000 0.58075 0.60039 0.41251 0.19561 0.00000 0.00000 0.00000 0.00000 0.00000 0.00000 0.00000 0.00000 0.46994 0.66152 0.81451 0.80911 0.80356
0.00000 0.00000 0.00000 0.00000 0.00000 0.00000 0.00000 0.00000 0.60942 0.60746 0.53910 0.10089 0.00000 0.00000 0.00000 0.00000 0.00000 0.00000 0.00000 0.00000 0.47131 0.63456 0.72236 0.75320 0.75291
0.00000 0.00000 0.00000 0.00000 0.00000 0.00000 0.00000 0.00000 0.49143 0.45276 0.37227 0.41140 0.00000 0.00000 0.00000 0.00000 0.00000 0.00000 0.00000 0.00000 0.48660 0.63035 0.70992 0.71410 0.71790
0.00000 0.00000 0.00000 0.00000 0.00000 0.00000 0.00000 0.00000 0.50760 0.38200 0.36493 0.44356 0.00000 0.00000 0.00000 0.00000 0.00000 0.00000 0.00000 0.00000 0.48117 0.59472 0.64828 0.66312 0.66831
0.00000 0.00000 0.00000 0.00000 0.37189 0.51945 0.56050 0.39982 0.00000 0.00000 0.00000 0.00000 0.22869 0.28697 0.39615 0.20159 0.00000 0.00000 0.00000 0.00000 0.00000 0.00000 0.00000 0.00000 0.00000
0.00000 0.00000 0.00000 0.00000 0.33342 0.48899 0.44834 0.55984 0.00000 0.00000 0.00000 0.00000 0.32991 0.39044 0.40727 0.43583 0.00000 0.00000 0.00000 0.00000 0.00000 0.00000 0.00000 0.00000 0.00000
0.00000 0.00000 0.00000 0.00000 0.36798 0.29923 0.47160 0.48668 0.00000 0.00000 0.00000 0.00000 0.49495 0.52492 0.58022 0.63446 0.00000 0.00000 0.00000 0.00000 0.00000 0.00000 0.00000 0.00000 0.00000
0.00000 0.00000 0.00000 0.00000 0.28331 0.22735 0.09722 0.12275 0.00000 0.00000 0.00000 0.00000 0.56504 0.61484 0.61069 0.69688 0.00000 0.00000 0.00000 0.00000 0.00000 0.00000 0.00000 0.00000 0.00000
0.00000 0.00000 0.00000 0.00000 0.21240 0.11743 0.29863 0.24381 0.00000 0.00000 0.00000 0.00000 0.66690 0.66804 0.68541 0.72211 0.51699 0.54875 0.55844 0.55143 0.56630 0.59927 0.63187 0.63894 0.68144
0.00000 0.00000 0.00000 0.00000 0.35967 0.48041 0.61594 0.58088 0.00000 0.00000 0.00000 0.00000 0.48315 0.62336 0.64459 0.67720 0.50594 0.53413 0.54132 0.58310 0.57088 0.69120 0.67499 0.67815 0.70378
0.00000 0.00000 0.00000 0.00000 0.54407 0.57632 0.67821 0.68765 0.00000 0.00000 0.00000 0.00000 0.37309 0.55051 0.57148 0.52900 0.41675 0.41605 0.45749 0.45269 0.60441 0.66585 0.66121 0.69506 0.74068
0.00000 0.00000 0.00000 0.00000 0.62753 0.69683 0.68406 0.70142 0.00000 0.00000 0.00000 0.00000 0.22827 0.25834 0.48627 0.47929 0.22690 0.43773 0.49222 0.56150 0.54166 0.60467 0.68310 0.71042 0.74829
0.00000 0.00000 0.20217 0.21138 0.60155 0.63783 0.47992 0.49672 0.00000 0.00000 0.00000 0.00000 0.06004 0.04933 0.00000 0.00000 0.39293 0.28147 0.46652 0.51892 0.00000 0.00000 0.00000 0.00000 0.00000
0.00000 0.00000 0.25512 0.39681 0.53649 0.42209 0.42633 0.48601 0.00000 0.00000 0.00000 0.00000 0.28167 0.06263 0.00000 0.10831 0.32379 0.23348 0.38781 0.55751 0.00000 0.00000 0.00000 0.00000 0.00000
0.00000 0.00000 0.21183 0.36405 0.29264 0.42036 0.35616 0.52765 0.00000 0.00000 0.00000 0.00000 0.32654 0.09589 0.05841 0.05399 0.28799 0.43756 0.51130 0.58745 0.00000 0.00000 0.00000 0.00000 0.00000
0.00000 0.00000 0.00000 0.35282 0.27961 0.27459 0.58467 0.66937 0.00000 0.00000 0.00000 0.00000 0.35663 0.26179 0.20249 0.33516 0.50113 0.59511 0.57887 0.62525 0.00000 0.00000 0.00000 0.00000 0.00000
0.00000 0.00000 0.00000 0.00000 0.00000 0.00000 0.00000 0.00000 0.70205 0.73968 0.75416 0.72647 0.00000 0.00000 0.00000 0.00000 0.00000 0.00000 0.00000 0.00000 0.00000 0.00000 0.00000 0.00000 0.00000
0.00000 0.00000 0.00000 0.00000 0.00000 0.00000 0.00000 0.00000 0.75106 0.76270 0.76252 0.74526 0.00000 0.00000 0.00000 0.00000 0.00000 0.00000 0.00000 0.00000 0.00000 0.00000 0.00000 0.00000 0.00000
0.00000 0.00000 0.00000 0.00000 0.00000 0.00000 0.00000 0.00000 0.79217 0.78274 0.77499 0.75621 0.00000 0.00000 0.00000 0.00000 0.00000 0.00000 0.00000 0.00000 0.00000 0.00000 0.00000 0.00000 0.00000
0.00000 0.00000 0.00000 0.00000 0.00000 0.00000 0.00000 0.00000 0.79471 0.78488 0.77603 0.77011 0.00000 0.00000 0.00000 0.00000 0.00000 0.00000 0.00000 0.00000 0.00000 0.00000 0.00000 0.00000 0.00000
0.00000 0.00000 0.00000 0.00000 0.00000 0.00000 0.00000 0.00000 0.65206 0.64399 0.63566 0.50868 0.00000 0.00000 0.00000 0.00000 0.00000 0.00000 0.00000 0.00000 0.00000 0.00000 0.00000 0.00000 0.00000
