# name=rect_rotated_scattered field=200x200 stride=8
25 25
0.00000 0.00000 0.00000 0.00000 0.00000 0.00000 0.00000 0.00000 0.00000 0.00000 0.00000 0.00000 0.00000 0.00000 0.00000 0.00000 0.00000 0.00000 0.00000 0.00000 0.00000 0.00000 0.00000 0.00000 0.00000
0.00000 0.00000 0.00000 0.00000 0.00000 0.00000 0.00000 0.00000 0.00000 0.00000 0.00000 0.00000 0.00000 0.00000 0.00000 0.00000 0.00000 0.00000 0.00000 0.00000 0.00000 0.00000 0.00000 0.00000 0.00000
0.00000 0.00000 0.00000 0.00000 0.00000 0.00000 0.00000 0.00000 0.00000 0.00000 0.00000 0.00000 0.00000 0.00000 0.00000 0.00000 0.00000 0.00000 0.00000 0.00000 0.00000 0.00000 0.00000 0.00000 0.00000
0.00000 0.00000 0.00000 0.00000 0.00000 0.00000 0.00000 0.00000 0.00000 0.00000 0.00000 0.00000 0.00000 0.00000 0.00000 0.00000 0.00000 0.00000 0.00000 0.00000 0.00000 0.00000 0.00000 0.00000 0.00000
0.00000 0.00000 0.00000 0.00000 0.00000 0.49281 0.64587 0.74064 0.88307 0.93042 0.93972 0.69492 0.69380 0.28767 0.00000 0.00000 0.00000 0.20844 0.00000 0.00000 0.30580 0.35175 0.41323 0.48159 0.00000
0.00000 0.00000 0.00000 0.00000 0.00000 0.52261 0.65396 0.72978 0.86120 0.87831 0.84730 0.77417 0.40540 0.42802 0.32489 0.00000 0.00000 0.00000 0.00000 0.31144 0.53050 0.58633 0.63559 0.67488 0.00000
0.00000 0.00000 0.00000 0.00000 0.28231 0.33736 0.64599 0.65385 0.77324 0.70978 0.72221 0.63326 0.27576 0.50598 0.38658 0.13878 0.00000 0.00000 0.31712 0.57869 0.63733 0.68557 0.71294 0.73958 0.00000
0.00000 0.00000 0.00000 0.00000 0.44772 0.46465 0.22245 0.34140 0.62217 0.59904 0.53573 0.27677 0.57165 0.30907 0.24032 0.15449 0.07118 0.00000 0.59363 0.67545 0.70016 0.74915 0.76037 0.79911 0.00000
0.00000 0.00000 0.00000 0.00000 0.00000 0.00000 0.00000 0.00000 0.12318 0.31743 0.70049 0.70595 0.67613 0.70590 0.75060 0.45309 0.00000 0.00000 0.47030 0.62583 0.00000 0.00000 0.00000 0.00000 0.00000
0.00000 0.00000 0.00000 0.00000 0.00000 0.00000 0.00000 0.00000 0.47052 0.62699 0.75547 0.75066 0.73601 0.81227 0.78990 0.65518 0.00000 0.00000 0.46570 0.58539 0.00000 0.00000 0.00000 0.00000 0.00000
0.00000 0.00000 0.00000 0.00000 0.00000 0.00000 0.00000 0.00000 0.56771 0.75148 0.77008 0.78778 0.77272 0.82581 0.78062 0.59223 0.00000 0.00000 0.48099 0.63467 0.00000 0.00000 0.00000 0.00000 0.00000
0.00000 0.00000 0.00000 0.00000 0.00000 0.00000 0.00000 0.00000 0.51640 0.72513 0.74610 0.74051 0.80255 0.79085 0.83246 0.68715 0.44771 0.54133 0.48323 0.47799 0.00000 0.00000 0.00000 0.00000 0.00000
0.00000 0.00000 0.21151 0.25366 0.00000 0.00000 0.00000 0.00000 0.38611 0.56072 0.54245 0.49621 0.38028 0.31103 0.48763 0.57884 0.00000 0.00000 0.00000 0.00000 0.63436 0.70104 0.73715 0.75652 0.00000
0.00000 0.00000 0.00000 0.39529 0.00000 0.00000 0.00000 0.00000 0.32026 0.57658 0.55132 0.53452 0.34743 0.41696 0.44633 0.29529 0.00000 0.00000 0.00000 0.00000 0.63095 0.69393 0.73665 0.75774 0.00000
0.00000 0.00000 0.00000 0.12141 0.00000 0.00000 0.00000 0.00000 0.48200 0.45245 0.31486 0.47211 0.37427 0.36807 0.23486 0.34068 0.00000 0.00000 0.00000 0.00000 0.65897 0.74700 0.76862 0.77858 0.00000
0.00000 0.00000 0.00000 0.10751 0.00000 0.00000 0.00000 0.00000 0.45484 0.29685 0.29877 0.26872 0.14195 0.40890 0.26776 0.37105 0.00000 0.00000 0.00000 0.00000 0.61400 0.72464 0.76983 0.80384 0.00000
0.00000 0.00000 0.00000 0.00000 0.00000 0.00000 0.00000 0.00000 0.53997 0.60957 0.42305 0.30788 0.00000 0.00000 0.00000 0.00000 0.00000 0.00000 0.00000 0.00000 0.52233 0.67116 0.77271 0.83107 0.68104
0.00000 0.00000 0.00000 0.00000 0.00000 0.00000 0.00000 0.00000 0.63876 0.63842 0.61402 0.58230 0.00000 0.00000 0.00000 0.00000 0.00000 0.00000 0.00000 0.00000 0.37461 0.53009 0.62528 0.69795 0.69585
0.00000 0.00000 0.00000 0.00000 0.00000 0.00000 0.00000 0.00000 0.69744 0.70512 0.63717 0.55119 0.00000 0.00000 0.00000 0.00000 0.00000 0.00000 0.00000 0.00000 0.48725 0.66660 0.77254 0.71002 0.70846
0.00000 0.00000 0.00000 0.00000 0.00000 0.00000 0.00000 0.00000 0.71761 0.70643 0.70942 0.65269 0.00000 0.00000 0.00000 0.00000 0.00000 0.00000 0.00000 0.00000 0.65132 0.70565 0.78811 0.88136 0.59451
0.00000 0.00000 0.00000 0.00000 0.00000 0.00000 0.00000 0.00000 0.00000 0.00000 0.00000 0.00000 0.72042 0.72720 0.63450 0.56009 0.27070 0.31562 0.14272 0.21800 0.00000 0.00000 0.00000 0.00000 0.00000
0.00000 0.00000 0.00000 0.00000 0.00000 0.00000 0.00000 0.00000 0.00000 0.00000 0.00000 0.00000 0.81754 0.81972 0.74728 0.69869 0.30622 0.27565 0.49140 0.24825 0.00000 0.00000 0.00000 0.00000 0.00000
0.00000 0.00000 0.00000 0.00000 0.00000 0.00000 0.00000 0.00000 0.00000 0.00000 0.00000 0.00000 0.89002 0.87486 0.82037 0.77752 0.39995 0.38467 0.54615 0.20195 0.00000 0.00000 0.00000 0.00000 0.00000
0.00000 0.00000 0.00000 0.00000 0.00000 0.00000 0.00000 0.00000 0.00000 0.00000 0.00000 0.00000 0.91456 0.89910 0.87760 0.84974 0.47897 0.44120 0.60648 0.20906 0.00000 0.00000 0.00000 0.00000 0.00000
0.00000 0.57863 0.57863 0.57863 0.84237 0.81239 0.77248 0.73961 0.00000 0.00000 0.00000 0.00000 0.00000 0.00000 0.00000 0.00000 0.00000 0.00000 0.00000 0.00000 0.00000 0.00000 0.00000 0.00000 0.00000
