# name=grid_rotated_30 field=200x200 stride=8
25 25
0.32273 0.36183 0.75509 0.81927 0.83100 0.83261 0.70625 0.75669 0.83271 0.83980 0.52968 0.52532 0.76244 0.76464 0.78572 0.69856 0.77882 0.76126 0.79247 0.81944 0.86025 0.88955 0.82389 0.85368 0.86671
0.35071 0.48928 0.74612 0.80698 0.86275 0.85044 0.84256 0.86369 0.81878 0.84489 0.80417 0.83754 0.76149 0.75780 0.80885 0.78769 0.79664 0.79891 0.83985 0.88617 0.86576 0.88801 0.87532 0.85204 0.85085
0.36049 0.70947 0.81269 0.85087 0.87084 0.84693 0.88178 0.87862 0.84619 0.85168 0.80404 0.84972 0.84954 0.81876 0.82961 0.84603 0.85115 0.83469 0.85573 0.88485 0.87072 0.86617 0.88682 0.88685 0.88769
0.54256 0.79952 0.84454 0.86630 0.88545 0.87388 0.86104 0.85112 0.85432 0.86825 0.84561 0.85106 0.86973 0.84329 0.85390 0.86230 0.85287 0.85699 0.88178 0.88348 0.87593 0.87816 0.88589 0.88597 0.88619
0.84243 0.85546 0.84504 0.88616 0.87459 0.87355 0.88042 0.87635 0.87070 0.85674 0.85282 0.85652 0.87079 0.86048 0.87531 0.86320 0.87940 0.85239 0.87972 0.88272 0.88403 0.88367 0.88376 0.88405 0.88351
0.85752 0.86163 0.86723 0.88531 0.88411 0.88189 0.87952 0.87545 0.85788 0.86919 0.84973 0.87251 0.87538 0.87681 0.86575 0.85183 0.87792 0.85782 0.87922 0.87156 0.88207 0.87576 0.87582 0.85943 0.86161
0.81305 0.88818 0.88516 0.88339 0.88204 0.86941 0.86748 0.87464 0.87191 0.85774 0.86130 0.87591 0.86453 0.87942 0.86704 0.87830 0.85778 0.87750 0.85190 0.87948 0.87950 0.87960 0.86637 0.87911 0.85466
0.77966 0.85365 0.86385 0.88074 0.87917 0.87826 0.84941 0.85993 0.87300 0.87211 0.87605 0.87977 0.88127 0.88280 0.85538 0.87899 0.84979 0.87568 0.86267 0.87590 0.87663 0.87620 0.85945 0.87580 0.86578
0.81588 0.83470 0.85284 0.86462 0.85003 0.85628 0.85667 0.87491 0.85982 0.85334 0.86572 0.88156 0.87356 0.88481 0.88290 0.88028 0.86492 0.86172 0.87473 0.87464 0.86367 0.87135 0.87053 0.87092 0.87221
0.85557 0.84560 0.88007 0.86691 0.87802 0.87729 0.85745 0.85049 0.86532 0.87765 0.86733 0.88193 0.88467 0.88507 0.87002 0.85615 0.87801 0.85568 0.87501 0.86404 0.87190 0.86235 0.86790 0.85769 0.85248
0.82537 0.84180 0.87914 0.86467 0.86335 0.85169 0.87790 0.86146 0.88004 0.85526 0.88192 0.88251 0.87164 0.87340 0.88421 0.88194 0.86513 0.86366 0.87688 0.86152 0.85739 0.86871 0.85425 0.84038 0.82857
0.87897 0.87824 0.87796 0.87736 0.87589 0.86549 0.86584 0.85341 0.88141 0.86881 0.88260 0.88405 0.88414 0.85864 0.86758 0.88245 0.88022 0.88024 0.87839 0.87604 0.87325 0.86165 0.85725 0.85620 0.84883
0.77423 0.77197 0.82658 0.84842 0.86231 0.87602 0.87815 0.88082 0.88272 0.88351 0.87163 0.85711 0.86346 0.86378 0.88476 0.87119 0.88389 0.87102 0.88023 0.86316 0.87503 0.87153 0.87034 0.85622 0.83385
0.77053 0.77470 0.85465 0.87200 0.87201 0.87443 0.86117 0.87923 0.87092 0.88410 0.87265 0.88481 0.88467 0.88499 0.86025 0.87415 0.88463 0.88431 0.88182 0.87884 0.87621 0.86545 0.86080 0.84849 0.83622
0.52299 0.83979 0.85134 0.85315 0.85631 0.87113 0.87419 0.87743 0.88177 0.88404 0.88457 0.88532 0.85875 0.88540 0.86992 0.88619 0.87227 0.88406 0.85537 0.87960 0.87695 0.86832 0.86762 0.85764 0.84810
0.52603 0.80170 0.82611 0.84538 0.85215 0.84745 0.85851 0.87658 0.86834 0.88390 0.88502 0.88469 0.87239 0.87226 0.88460 0.88515 0.86197 0.88299 0.88084 0.87887 0.86701 0.87431 0.86871 0.85997 0.85027
0.83373 0.84042 0.84885 0.86734 0.85517 0.86899 0.85729 0.87451 0.86021 0.88210 0.86115 0.87111 0.88303 0.88291 0.88262 0.88283 0.88243 0.86964 0.86732 0.87876 0.87813 0.87584 0.86414 0.86434 0.87303
0.82596 0.81432 0.84348 0.85336 0.87113 0.85968 0.87398 0.87620 0.86526 0.87002 0.88275 0.88215 0.88123 0.86701 0.87964 0.86598 0.86209 0.86674 0.87824 0.87796 0.87924 0.87115 0.86632 0.85427 0.88314
0.79118 0.87824 0.87582 0.84816 0.87570 0.86153 0.87623 0.86190 0.87767 0.86799 0.86323 0.85414 0.87930 0.87726 0.87386 0.87648 0.87672 0.87751 0.86434 0.86563 0.87907 0.87938 0.88075 0.86668 0.86624
0.61049 0.88204 0.88008 0.85923 0.87878 0.87831 0.86803 0.86439 0.85905 0.87746 0.87839 0.87869 0.87806 0.86071 0.87405 0.85779 0.86335 0.87633 0.87718 0.87833 0.86967 0.87936 0.87994 0.88126 0.88301
0.84537 0.85503 0.86360 0.87198 0.87999 0.87919 0.86937 0.87748 0.87645 0.87690 0.86711 0.87744 0.87685 0.87561 0.87279 0.85661 0.87134 0.86499 0.87609 0.87703 0.87803 0.87840 0.87900 0.88038 0.88232
0.84770 0.86689 0.87101 0.88209 0.87247 0.88004 0.87952 0.87820 0.86810 0.87441 0.87429 0.87089 0.86960 0.87480 0.86365 0.86930 0.86111 0.87163 0.87507 0.87696 0.87780 0.87832 0.88008 0.87289 0.88355
0.84122 0.84703 0.85722 0.86742 0.87469 0.87326 0.88050 0.87959 0.86367 0.86340 0.86148 0.87093 0.86643 0.87425 0.86116 0.85542 0.86736 0.87068 0.85691 0.86340 0.87214 0.87873 0.88087 0.88227 0.88423
0.79895 0.81577 0.83443 0.85490 0.85450 0.88251 0.87326 0.86573 0.85288 0.86405 0.86187 0.86292 0.85533 0.86261 0.85941 0.84307 0.85604 0.87041 0.87418 0.87740 0.86702 0.88057 0.88192 0.88323 0.87701
0.59240 0.61277 0.79362 0.84116 0.86377 0.88556 0.88487 0.85760 0.83522 0.83172 0.82713 0.85207 0.83725 0.84237 0.85201 0.82701 0.84982 0.87099 0.87541 0.87905 0.86247 0.88210 0.88369 0.88507 0.88729
