# name=grid_sheared field=200x200 stride=8
25 25
0.78593 0.78263 0.87561 0.87674 0.93086 0.92001 0.95525 0.92001 0.95525 0.92001 0.95525 0.92001 0.95525 0.92001 0.95525 0.92001 0.95525 0.92001 0.95525 0.95529 0.95527 0.95526 0.95525 0.95522 0.77992
0.84341 0.83312 0.91653 0.86488 0.93784 0.90655 0.93690 0.90655 0.93690 0.90655 0.93690 0.90655 0.93690 0.90655 0.93690 0.90655 0.93690 0.90655 0.93690 0.93505 0.94022 0.95509 0.94107 0.95505 0.75856
0.83710 0.91418 0.92870 0.94188 0.93343 0.95491 0.93336 0.95491 0.93336 0.95491 0.93336 0.95491 0.93336 0.95491 0.93336 0.95491 0.93336 0.95491 0.93336 0.95491 0.93749 0.95489 0.93910 0.95486 0.75621
0.92096 0.89342 0.92311 0.93416 0.93865 0.94119 0.93809 0.94119 0.93809 0.94119 0.93809 0.94119 0.93809 0.94119 0.93809 0.94119 0.93809 0.94119 0.93864 0.95472 0.94162 0.95473 0.95471 0.95470 0.95467
0.84326 0.94483 0.94895 0.95558 0.93581 0.95462 0.93537 0.95462 0.93537 0.95462 0.93537 0.95462 0.93537 0.95462 0.93537 0.95462 0.93537 0.95462 0.93623 0.95461 0.93999 0.95461 0.95460 0.95460 0.95455
0.77367 0.93342 0.93523 0.95545 0.95496 0.94036 0.93697 0.94036 0.95496 0.94036 0.93697 0.94036 0.95496 0.94036 0.93697 0.94036 0.95496 0.94036 0.93778 0.94221 0.95486 0.94545 0.95455 0.94516 0.95535
0.84074 0.87298 0.92611 0.92374 0.95543 0.91951 0.95553 0.91952 0.95543 0.91951 0.95553 0.91952 0.95543 0.91951 0.95553 0.91952 0.95543 0.91951 0.95548 0.92390 0.95521 0.93173 0.95551 0.94298 0.95620
0.73990 0.87899 0.90917 0.91593 0.94383 0.94177 0.94421 0.94177 0.94383 0.94177 0.94421 0.94177 0.94383 0.94177 0.94421 0.94177 0.94383 0.94177 0.95621 0.94321 0.95575 0.94591 0.95622 0.95676 0.95755
0.72423 0.87136 0.91894 0.91822 0.94356 0.94271 0.95668 0.94271 0.95647 0.94271 0.95668 0.94271 0.95647 0.94271 0.95668 0.94271 0.95647 0.94271 0.95668 0.94360 0.95612 0.95646 0.95686 0.95759 0.95853
0.80634 0.89261 0.92565 0.91202 0.94420 0.94238 0.94432 0.93169 0.94386 0.94238 0.94432 0.93169 0.94386 0.94238 0.94432 0.93169 0.94386 0.94238 0.94432 0.93307 0.94565 0.95660 0.94851 0.94993 0.95328
0.83525 0.88788 0.89558 0.94485 0.92258 0.94792 0.88693 0.94803 0.92251 0.94792 0.88693 0.94803 0.92251 0.94792 0.88693 0.94803 0.92251 0.94792 0.88693 0.94857 0.92777 0.95616 0.93227 0.95136 0.95044
0.92176 0.89342 0.91364 0.91990 0.92245 0.92552 0.91998 0.92546 0.92191 0.92552 0.91998 0.92546 0.92191 0.92552 0.91998 0.92546 0.92191 0.92552 0.92105 0.94031 0.92840 0.93205 0.94912 0.95629 0.95716
0.84815 0.94559 0.93661 0.94866 0.94739 0.94775 0.93747 0.94772 0.94698 0.94775 0.93747 0.94772 0.94698 0.94775 0.93747 0.94772 0.94698 0.94775 0.93823 0.94851 0.94876 0.95012 0.93608 0.95549 0.95602
0.77367 0.93342 0.93523 0.95545 0.95496 0.94036 0.93697 0.94036 0.95496 0.94036 0.93697 0.94036 0.95496 0.94036 0.93697 0.94036 0.95496 0.94036 0.93778 0.94221 0.95486 0.94545 0.94435 0.92690 0.92363
0.84074 0.87298 0.92611 0.92374 0.95543 0.91951 0.95553 0.91952 0.95543 0.91951 0.95553 0.91952 0.95543 0.91951 0.95553 0.91952 0.95543 0.91951 0.95548 0.92390 0.95521 0.93173 0.95551 0.94298 0.94400
0.73990 0.87899 0.90917 0.91593 0.94383 0.94177 0.94421 0.94177 0.94383 0.94177 0.94421 0.94177 0.94383 0.94177 0.94421 0.94177 0.94383 0.94177 0.95621 0.94321 0.95575 0.94591 0.95622 0.95676 0.95755
0.72423 0.87136 0.91894 0.91822 0.94356 0.94271 0.95668 0.94271 0.95647 0.94271 0.95668 0.94271 0.95647 0.94271 0.95668 0.94271 0.95647 0.94271 0.95668 0.94360 0.95612 0.95646 0.95686 0.95759 0.95853
0.80634 0.89261 0.92565 0.91202 0.94420 0.94238 0.94432 0.93169 0.94386 0.94238 0.94432 0.93169 0.94386 0.94238 0.94432 0.93169 0.94386 0.94238 0.94432 0.93307 0.94565 0.95660 0.94851 0.94993 0.95328
0.83525 0.88788 0.89558 0.94485 0.92258 0.94792 0.88693 0.94803 0.92251 0.94792 0.88693 0.94803 0.92251 0.94792 0.88693 0.94803 0.92251 0.94792 0.88693 0.94857 0.92777 0.95616 0.93227 0.95136 0.95044
0.92176 0.91544 0.93155 0.92181 0.93833 0.92716 0.93576 0.92711 0.93781 0.92716 0.93576 0.92711 0.93781 0.92716 0.93576 0.92711 0.93781 0.92716 0.93633 0.94104 0.94108 0.93340 0.94935 0.95616 0.95702
0.91066 0.94678 0.93910 0.94954 0.94845 0.94876 0.94006 0.94874 0.94809 0.94876 0.94006 0.94874 0.94809 0.94876 0.94006 0.94874 0.94809 0.94876 0.94062 0.94944 0.94961 0.95081 0.93913 0.95534 0.95577
0.95658 0.95590 0.95539 0.95499 0.95455 0.95455 0.95455 0.95455 0.95455 0.95455 0.95455 0.95455 0.95455 0.95455 0.95455 0.95455 0.95455 0.95455 0.95455 0.95455 0.95455 0.95455 0.94670 0.93998 0.93026
0.92321 0.93254 0.95490 0.94003 0.95455 0.94100 0.95455 0.94100 0.95455 0.94100 0.95455 0.94100 0.95455 0.94100 0.95455 0.94100 0.95455 0.94100 0.95455 0.94301 0.95455 0.94602 0.95455 0.95455 0.94467
0.70714 0.95455 0.95455 0.95455 0.95455 0.95455 0.95455 0.95455 0.95455 0.95455 0.95455 0.95455 0.95455 0.95455 0.95455 0.95455 0.95455 0.95455 0.95455 0.95455 0.95455 0.95455 0.95455 0.95455 0.95455
0.00000 0.00000 0.00000 0.00000 0.95455 0.75970 0.95455 0.75970 0.95455 0.75970 0.95455 0.75970 0.95455 0.75970 0.95455 0.75970 0.95455 0.75970 0.95455 0.76228 0.95455 0.95455 0.95455 0.95455 0.95455
