# name=grid_rotated_30 field=200x200 stride=8
25 25
0.39654 0.38796 0.72311 0.78438 0.79483 0.79621 0.68122 0.72278 0.79513 0.80068 0.50421 0.49942 0.72808 0.79423 0.83725 0.78822 0.81843 0.82402 0.78036 0.78498 0.82456 0.85274 0.79001 0.81900 0.83187
0.48822 0.58870 0.72809 0.77268 0.82538 0.81344 0.80523 0.82477 0.78067 0.80397 0.76416 0.79519 0.74360 0.76137 0.83577 0.80106 0.80894 0.79807 0.81743 0.84823 0.82883 0.85068 0.83862 0.81664 0.81590
0.42125 0.67989 0.77808 0.81467 0.83331 0.81018 0.84237 0.83816 0.80546 0.80924 0.76302 0.80663 0.80998 0.81368 0.83432 0.83891 0.84167 0.81631 0.82692 0.84647 0.83301 0.82918 0.84910 0.84913 0.85025
0.52052 0.76634 0.80884 0.82941 0.84727 0.83563 0.82254 0.81153 0.81241 0.82434 0.80230 0.80760 0.82631 0.81119 0.83471 0.83795 0.82878 0.82844 0.84237 0.84464 0.83773 0.84027 0.84785 0.84795 0.84825
0.80855 0.82015 0.80916 0.84821 0.83649 0.83497 0.84056 0.83513 0.82760 0.81355 0.80899 0.81347 0.82773 0.81887 0.83375 0.83791 0.83921 0.81380 0.83963 0.84363 0.84538 0.84490 0.84502 0.84540 0.84468
0.82345 0.82597 0.83015 0.84708 0.84549 0.84252 0.83936 0.83394 0.81547 0.82559 0.80694 0.83002 0.83384 0.83575 0.82554 0.81238 0.83723 0.81845 0.83896 0.83244 0.84276 0.83674 0.83686 0.82124 0.84252
0.78012 0.85090 0.84688 0.84452 0.84272 0.83017 0.82752 0.83285 0.82921 0.81521 0.81955 0.83455 0.82468 0.83923 0.82743 0.83773 0.81748 0.83667 0.81228 0.83930 0.83934 0.83947 0.82689 0.83881 0.81551
0.74720 0.81707 0.82590 0.84099 0.83890 0.83768 0.80975 0.81920 0.83066 0.82947 0.83474 0.83969 0.84169 0.84373 0.81684 0.83865 0.80994 0.83424 0.82235 0.83454 0.83551 0.83493 0.81882 0.83439 0.82509
0.78052 0.79812 0.81453 0.82529 0.81063 0.81640 0.81633 0.83321 0.81851 0.81236 0.82571 0.84208 0.83527 0.84641 0.84387 0.84037 0.82448 0.82073 0.83297 0.83286 0.82183 0.82847 0.82738 0.82789 0.82961
0.81782 0.80780 0.84009 0.82725 0.83736 0.83639 0.81704 0.81088 0.82501 0.83687 0.82770 0.84257 0.84622 0.84676 0.83188 0.81773 0.83735 0.81512 0.83334 0.82266 0.82920 0.81951 0.82387 0.81438 0.80977
0.78807 0.80357 0.83886 0.82482 0.83696 0.81189 0.83720 0.82167 0.84005 0.81653 0.84255 0.84334 0.83372 0.83564 0.84561 0.84259 0.82505 0.82327 0.83584 0.82048 0.81533 0.82494 0.81081 0.79697 0.78655
0.83863 0.83766 0.83728 0.83647 0.83452 0.82512 0.82585 0.81467 0.84188 0.83025 0.84347 0.84540 0.84552 0.82155 0.82979 0.84327 0.84029 0.84032 0.83785 0.83473 0.83101 0.81891 0.81362 0.81270 0.80575
0.73793 0.73549 0.78728 0.80803 0.82106 0.83469 0.83754 0.84110 0.84363 0.84467 0.83326 0.81949 0.82551 0.82594 0.84634 0.83316 0.84518 0.83229 0.84030 0.82293 0.83337 0.82870 0.82712 0.81322 0.82030
0.73312 0.73703 0.81294 0.82933 0.82934 0.83257 0.82075 0.83898 0.83201 0.84546 0.83481 0.84641 0.84622 0.84666 0.82332 0.83657 0.84618 0.84575 0.84243 0.83846 0.83495 0.82406 0.81918 0.80745 0.83188
0.49673 0.79782 0.80867 0.81025 0.81332 0.82818 0.83225 0.83657 0.84236 0.84539 0.84609 0.84709 0.82131 0.84720 0.83250 0.84826 0.83464 0.84542 0.81684 0.83946 0.83593 0.82750 0.82698 0.81743 0.83221
0.49972 0.76076 0.78402 0.80200 0.80830 0.80444 0.81632 0.83544 0.82908 0.84521 0.84669 0.84625 0.83423 0.83432 0.84613 0.84687 0.82460 0.84398 0.84113 0.83849 0.82687 0.83425 0.82886 0.82082 0.81204
0.79251 0.79798 0.80546 0.82312 0.81166 0.82532 0.81490 0.83268 0.82074 0.84280 0.82350 0.83308 0.84404 0.84388 0.84349 0.84378 0.84324 0.83044 0.82735 0.83834 0.83750 0.83596 0.82529 0.82565 0.83456
0.78648 0.77503 0.80209 0.81128 0.82817 0.81787 0.83198 0.83493 0.82538 0.83094 0.84367 0.84286 0.84164 0.82724 0.83952 0.82621 0.82294 0.82708 0.83766 0.83728 0.83899 0.83169 0.82756 0.81622 0.84419
0.75486 0.83765 0.83442 0.80799 0.83427 0.82083 0.83497 0.82156 0.83689 0.82825 0.82390 0.81536 0.83907 0.83634 0.83182 0.83531 0.83563 0.83669 0.82435 0.82552 0.83876 0.83917 0.84101 0.82803 0.82794
0.58390 0.84272 0.84011 0.82003 0.83838 0.83775 0.82793 0.82422 0.81852 0.83661 0.83785 0.83825 0.83741 0.81985 0.83207 0.81601 0.82193 0.83511 0.83623 0.83777 0.82946 0.83914 0.83992 0.84168 0.84401
0.81349 0.82358 0.82530 0.83281 0.83998 0.83892 0.82937 0.83664 0.83526 0.83586 0.82664 0.83659 0.83580 0.83414 0.83038 0.81443 0.82845 0.82360 0.83478 0.83604 0.83738 0.83787 0.83867 0.84050 0.84309
0.81177 0.82951 0.83275 0.84279 0.83304 0.84005 0.83937 0.83760 0.82761 0.83396 0.83402 0.83050 0.82909 0.83306 0.82142 0.82574 0.81794 0.82884 0.83343 0.83594 0.83707 0.83776 0.84011 0.83372 0.84473
0.80584 0.81096 0.81991 0.82918 0.83572 0.83398 0.84067 0.83945 0.82402 0.82387 0.82194 0.83088 0.82593 0.83233 0.81852 0.81221 0.82314 0.82757 0.81576 0.82306 0.83187 0.83831 0.84116 0.84303 0.84563
0.78757 0.79236 0.81481 0.81759 0.81672 0.84334 0.83437 0.82709 0.81434 0.82491 0.82262 0.82341 0.81521 0.82112 0.81675 0.80002 0.81218 0.82722 0.83224 0.83653 0.82734 0.84077 0.84256 0.84431 0.84330
0.77762 0.77944 0.76370 0.80524 0.82666 0.84741 0.84650 0.82014 0.84437 0.83331 0.79004 0.81321 0.79804 0.80189 0.80967 0.78443 0.80621 0.82798 0.83388 0.83873 0.84152 0.84280 0.84492 0.84676 0.84972
