# name=grid_sheared field=200x200 stride=8
25 25
0.77656 0.77259 0.86356 0.86393 0.91661 0.90565 0.94034 0.90565 0.94034 0.90565 0.94034 0.90565 0.94034 0.90565 0.94034 0.90565 0.94034 0.90565 0.94034 0.94038 0.94035 0.94034 0.94033 0.94030 0.76773
0.83311 0.82228 0.90373 0.85218 0.92352 0.90589 0.92221 0.90589 0.92221 0.90589 0.92221 0.90589 0.92221 0.90589 0.92221 0.90589 0.92221 0.90589 0.92221 0.94019 0.92548 0.94012 0.92630 0.94007 0.74664
0.82660 0.90188 0.91553 0.92783 0.92064 0.93988 0.91983 0.93988 0.91983 0.93988 0.91983 0.93988 0.91983 0.93988 0.91983 0.93988 0.91983 0.93988 0.91983 0.93988 0.92273 0.93986 0.92431 0.93981 0.74429
0.90879 0.88098 0.90965 0.92001 0.92975 0.92655 0.92901 0.92655 0.92901 0.92655 0.92901 0.92655 0.92901 0.92655 0.92901 0.92655 0.92901 0.92655 0.92936 0.93962 0.92674 0.93964 0.93962 0.93960 0.93957
0.83144 0.93110 0.93469 0.94077 0.93248 0.93949 0.93217 0.93949 0.93217 0.93949 0.93217 0.93949 0.93217 0.93949 0.93217 0.93949 0.93217 0.93949 0.93248 0.93948 0.93390 0.93949 0.93946 0.93947 0.93939
0.76218 0.91926 0.92074 0.94060 0.93995 0.93088 0.93939 0.92701 0.93995 0.93088 0.93939 0.92701 0.93995 0.93088 0.93939 0.92701 0.93995 0.93088 0.93939 0.92862 0.93981 0.93970 0.93939 0.94007 0.94046
0.82802 0.85960 0.91188 0.90943 0.94057 0.94050 0.94071 0.92413 0.94057 0.94050 0.94071 0.92413 0.94057 0.94050 0.94071 0.92413 0.94057 0.94050 0.94064 0.92605 0.94028 0.94012 0.94067 0.94091 0.94160
0.72892 0.86582 0.89543 0.90196 0.94143 0.92740 0.93586 0.92740 0.94143 0.92740 0.93586 0.92740 0.94143 0.92740 0.93586 0.92740 0.94143 0.92740 0.94161 0.94137 0.94100 0.94133 0.94163 0.94235 0.94340
0.75745 0.85867 0.92888 0.91259 0.92978 0.92847 0.94224 0.92872 0.94196 0.92847 0.94224 0.92872 0.94196 0.92847 0.94224 0.92872 0.94196 0.92847 0.94224 0.92952 0.94150 0.94195 0.94248 0.94345 0.94471
0.79512 0.87990 0.91215 0.89942 0.93001 0.92815 0.93454 0.93631 0.93411 0.92815 0.93454 0.93631 0.93411 0.92815 0.93454 0.93631 0.93411 0.92815 0.93454 0.94206 0.93500 0.94214 0.93429 0.94380 0.93963
0.82387 0.88692 0.90248 0.93076 0.94210 0.94152 0.94164 0.94152 0.94142 0.94152 0.94164 0.94152 0.94142 0.94152 0.94164 0.94152 0.94142 0.94152 0.94164 0.94134 0.92830 0.94155 0.93022 0.94305 0.93670
0.90898 0.89849 0.91148 0.93469 0.92582 0.94042 0.93314 0.94043 0.92513 0.94042 0.93314 0.94043 0.92513 0.94042 0.93314 0.94043 0.92513 0.94042 0.94063 0.94033 0.92799 0.93455 0.94116 0.94173 0.94288
0.83599 0.93163 0.92235 0.94110 0.94044 0.93985 0.93208 0.93985 0.93990 0.93985 0.93208 0.93985 0.93990 0.93985 0.93208 0.93985 0.93990 0.93985 0.93240 0.93979 0.93978 0.93969 0.93402 0.94065 0.94136
0.76218 0.91926 0.92074 0.94060 0.93995 0.93088 0.93939 0.92701 0.93995 0.93088 0.93939 0.92701 0.93995 0.93088 0.93939 0.92701 0.93995 0.93088 0.93939 0.92862 0.93981 0.93970 0.93451 0.93123 0.90937
0.82802 0.85960 0.91188 0.90943 0.94057 0.94050 0.94071 0.92413 0.94057 0.94050 0.94071 0.92413 0.94057 0.94050 0.94071 0.92413 0.94057 0.94050 0.94064 0.92605 0.94028 0.94012 0.94067 0.94091 0.92962
0.72892 0.86582 0.89543 0.90196 0.94143 0.92740 0.93586 0.92740 0.94143 0.92740 0.93586 0.92740 0.94143 0.92740 0.93586 0.92740 0.94143 0.92740 0.94161 0.94137 0.94100 0.94133 0.94163 0.94235 0.94340
0.75745 0.85867 0.92888 0.91259 0.92978 0.92847 0.94224 0.92872 0.94196 0.92847 0.94224 0.92872 0.94196 0.92847 0.94224 0.92872 0.94196 0.92847 0.94224 0.92952 0.94150 0.94195 0.94248 0.94345 0.94471
0.79512 0.87990 0.91215 0.89942 0.93001 0.92815 0.93454 0.93631 0.93411 0.92815 0.93454 0.93631 0.93411 0.92815 0.93454 0.93631 0.93411 0.92815 0.93454 0.94206 0.93500 0.94214 0.93429 0.94380 0.93963
0.82387 0.88692 0.90248 0.93076 0.94210 0.94152 0.94164 0.94152 0.94142 0.94152 0.94164 0.94152 0.94142 0.94152 0.94164 0.94152 0.94142 0.94152 0.94164 0.94134 0.92830 0.94155 0.93022 0.94305 0.93670
0.90898 0.91974 0.92888 0.93495 0.94117 0.94037 0.94063 0.94037 0.94050 0.94037 0.94063 0.94037 0.94050 0.94037 0.94063 0.94037 0.94050 0.94037 0.94059 0.94029 0.94028 0.93484 0.94109 0.94155 0.94269
0.89746 0.93267 0.92473 0.94085 0.94029 0.93978 0.92514 0.93978 0.93982 0.93978 0.92514 0.93978 0.93982 0.93978 0.92514 0.93978 0.93982 0.93978 0.92568 0.93973 0.93972 0.93964 0.92429 0.94045 0.94103
0.94210 0.94120 0.94052 0.93998 0.93939 0.93939 0.93939 0.93939 0.93939 0.93939 0.93939 0.93939 0.93939 0.93939 0.93939 0.93939 0.93939 0.93939 0.93939 0.93939 0.93939 0.93939 0.93171 0.92513 0.91561
0.90885 0.91795 0.93987 0.92511 0.93939 0.92606 0.93939 0.92606 0.93939 0.92606 0.93939 0.92606 0.93939 0.92606 0.93939 0.92606 0.93939 0.92606 0.93939 0.92804 0.93939 0.93101 0.93939 0.93939 0.92972
0.69592 0.93939 0.93939 0.93939 0.93939 0.93939 0.93939 0.93939 0.93939 0.93939 0.93939 0.93939 0.93939 0.93939 0.93939 0.93939 0.93939 0.93939 0.93939 0.93939 0.93939 0.93939 0.93939 0.93939 0.93939
0.58452 0.73372 0.93939 0.74576 0.93939 0.74764 0.93939 0.74764 0.93939 0.74764 0.93939 0.74764 0.93939 0.74764 0.93939 0.74764 0.93939 0.74764 0.93939 0.75018 0.93939 0.93939 0.93939 0.93939 0.93939
