# name=grid_streets_w4 field=200x200 stride=8
25 25
0.55558 0.52907 0.95889 0.45391 0.88652 0.45391 0.88652 0.45391 0.88652 0.45391 0.88652 0.45391 0.88652 0.45391 0.88652 0.45391 0.88652 0.45391 0.92957 0.67369 0.94721 0.90734 0.95677 1.00000 1.00000
0.52907 1.00000 0.96406 1.00000 0.97051 0.97400 0.97051 0.97400 0.97051 0.97400 0.97051 0.97400 0.97051 0.97400 0.97051 0.97400 0.97051 0.97400 1.00000 0.97826 1.00000 0.98414 1.00000 0.98344 1.00000
0.95889 0.96406 1.00000 0.97566 1.00000 0.95690 1.00000 0.95690 1.00000 0.95690 1.00000 0.95690 1.00000 0.95690 1.00000 0.95690 1.00000 0.95690 1.00000 0.96366 1.00000 0.98782 1.00000 0.98731 1.00000
0.45391 1.00000 0.97566 1.00000 0.98009 0.98248 0.98009 0.98248 0.98009 0.98248 0.98009 0.98248 0.98009 0.98248 0.98009 0.98248 0.98009 0.98248 1.00000 0.98538 1.00000 0.98937 1.00000 0.98889 1.00000
0.88652 0.97051 1.00000 0.98009 1.00000 0.98333 1.00000 0.98333 1.00000 0.98333 1.00000 0.98333 1.00000 0.98333 1.00000 0.98333 1.00000 0.98333 1.00000 0.98600 1.00000 1.00000 1.00000 1.00000 1.00000
0.45391 0.97400 0.95690 0.98248 0.98333 0.97352 0.98333 0.97352 0.98333 0.97352 0.98333 0.97352 0.98333 0.97352 0.98333 0.97352 0.98333 0.97352 1.00000 0.98580 1.00000 1.00000 1.00000 1.00000 1.00000
0.88652 0.97051 1.00000 0.98009 1.00000 0.98333 1.00000 0.98333 1.00000 0.98333 1.00000 0.98333 1.00000 0.98333 1.00000 0.98333 1.00000 0.98333 1.00000 0.98600 1.00000 1.00000 1.00000 1.00000 1.00000
0.45391 0.97400 0.95690 0.98248 0.98333 0.97352 0.98333 0.97352 0.98333 0.97352 0.98333 0.97352 0.98333 0.97352 0.98333 0.97352 0.98333 0.97352 1.00000 0.98580 1.00000 1.00000 1.00000 1.00000 1.00000
0.88652 0.97051 1.00000 0.98009 1.00000 0.98333 1.00000 0.98333 1.00000 0.98333 1.00000 0.98333 1.00000 0.98333 1.00000 0.98333 1.00000 0.98333 1.00000 0.98600 1.00000 1.00000 1.00000 1.00000 1.00000
0.45391 0.97400 0.95690 0.98248 0.98333 0.97352 0.98333 0.97352 0.98333 0.97352 0.98333 0.97352 0.98333 0.97352 0.98333 0.97352 0.98333 0.97352 1.00000 0.98580 1.00000 1.00000 1.00000 1.00000 1.00000
0.88652 0.97051 1.00000 0.98009 1.00000 0.98333 1.00000 0.98333 1.00000 0.98333 1.00000 0.98333 1.00000 0.98333 1.00000 0.98333 1.00000 0.98333 1.00000 0.98600 1.00000 1.00000 1.00000 1.00000 1.00000
0.45391 0.97400 0.95690 0.98248 0.98333 0.97352 0.98333 0.97352 0.98333 0.97352 0.98333 0.97352 0.98333 0.97352 0.98333 0.97352 0.98333 0.97352 1.00000 0.98580 1.00000 1.00000 1.00000 1.00000 1.00000
0.88652 0.97051 1.00000 0.98009 1.00000 0.98333 1.00000 0.98333 1.00000 0.98333 1.00000 0.98333 1.00000 0.98333 1.00000 0.98333 1.00000 0.98333 1.00000 0.98600 1.00000 1.00000 1.00000 1.00000 1.00000
0.45391 0.97400 0.95690 0.98248 0.98333 0.97352 0.98333 0.97352 0.98333 0.97352 0.98333 0.97352 0.98333 0.97352 0.98333 0.97352 0.98333 0.97352 1.00000 0.98580 1.00000 1.00000 1.00000 1.00000 1.00000
0.88652 0.97051 1.00000 0.98009 1.00000 0.98333 1.00000 0.98333 1.00000 0.98333 1.00000 0.98333 1.00000 0.98333 1.00000 0.98333 1.00000 0.98333 1.00000 0.98600 1.00000 1.00000 1.00000 1.00000 1.00000
0.45391 0.97400 0.95690 0.98248 0.98333 0.97352 0.98333 0.97352 0.98333 0.97352 0.98333 0.97352 0.98333 0.97352 0.98333 0.97352 0.98333 0.97352 1.00000 0.98580 1.00000 1.00000 1.00000 1.00000 1.00000
0.88652 0.97051 1.00000 0.98009 1.00000 0.98333 1.00000 0.98333 1.00000 0.98333 1.00000 0.98333 1.00000 0.98333 1.00000 0.98333 1.00000 0.98333 1.00000 0.98600 1.00000 1.00000 1.00000 1.00000 1.00000
0.45391 0.97400 0.95690 0.98248 0.98333 0.97352 0.98333 0.97352 0.98333 0.97352 0.98333 0.97352 0.98333 0.97352 0.98333 0.97352 0.98333 0.97352 1.00000 0.98580 1.00000 1.00000 1.00000 1.00000 1.00000
0.92957 1.00000 1.00000 1.00000 1.00000 1.00000 1.00000 1.00000 1.00000 1.00000 1.00000 1.00000 1.00000 1.00000 1.00000 1.00000 1.00000 1.00000 1.00000 1.00000 1.00000 1.00000 1.00000 1.00000 1.00000
0.67369 0.97826 0.96366 0.98538 0.98600 0.98580 0.98600 0.98580 0.98600 0.98580 0.98600 0.98580 0.98600 0.98580 0.98600 0.98580 0.98600 0.98580 1.00000 0.98810 1.00000 1.00000 1.00000 1.00000 1.00000
0.94721 1.00000 1.00000 1.00000 1.00000 1.00000 1.00000 1.00000 1.00000 1.00000 1.00000 1.00000 1.00000 1.00000 1.00000 1.00000 1.00000 1.00000 1.00000 1.00000 1.00000 1.00000 1.00000 1.00000 1.00000
0.90734 0.98414 0.98782 0.98937 1.00000 1.00000 1.00000 1.00000 1.00000 1.00000 1.00000 1.00000 1.00000 1.00000 1.00000 1.00000 1.00000 1.00000 1.00000 1.00000 1.00000 1.00000 1.00000 1.00000 1.00000
0.95677 1.00000 1.00000 1.00000 1.00000 1.00000 1.00000 1.00000 1.00000 1.00000 1.00000 1.00000 1.00000 1.00000 1.00000 1.00000 1.00000 1.00000 1.00000 1.00000 1.00000 1.00000 1.00000 1.00000 1.00000
1.00000 0.98344 0.98731 0.98889 1.00000 1.00000 1.00000 1.00000 1.00000 1.00000 1.00000 1.00000 1.00000 1.00000 1.00000 1.00000 1.00000 1.00000 1.00000 1.00000 1.00000 1.00000 1.00000 1.00000 1.00000
1.00000 1.00000 1.00000 1.00000 1.00000 1.00000 1.00000 1.00000 1.00000 1.00000 1.00000 1.00000 1.00000 1.00000 1.00000 1.00000 1.00000 1.00000 1.00000 1.00000 1.00000 1.00000 1.00000 1.00000 1.00000
