# name=organic_walks field=200x200 stride=8
25 25
0.00000 0.00000 0.00000 0.00000 0.00000 0.00000 0.00000 0.00000 0.27264 0.25448 0.23851 0.00000 0.00000 0.00000 0.00000 0.00000 0.00000 0.00000 0.00000 0.00000 0.00000 0.00000 0.00000 0.00000 0.00000
0.00000 0.00000 0.00000 0.00000 0.00000 0.00000 0.00000 0.00000 0.43278 0.41697 0.22550 0.19499 0.00000 0.00000 0.00000 0.00000 0.00000 0.00000 0.00000 0.00000 0.00000 0.00000 0.00000 0.00000 0.00000
0.00000 0.00000 0.00000 0.00000 0.00000 0.00000 0.00000 0.00000 0.41570 0.39805 0.35973 0.17466 0.00000 0.00000 0.00000 0.00000 0.00000 0.00000 0.00000 0.00000 0.00000 0.00000 0.00000 0.00000 0.00000
0.00000 0.00000 0.00000 0.00000 0.00000 0.00000 0.00000 0.00000 0.39531 0.50347 0.49151 0.37016 0.00000 0.00000 0.00000 0.00000 0.00000 0.00000 0.00000 0.00000 0.00000 0.00000 0.00000 0.00000 0.00000
0.00000 0.00000 0.00000 0.00000 0.00000 0.00000 0.00000 0.00000 0.64646 0.66864 0.46184 0.21855 0.00000 0.00000 0.00000 0.00000 0.00000 0.00000 0.00000 0.00000 0.51153 0.71482 0.87634 0.87274 0.86904
0.00000 0.00000 0.00000 0.00000 0.00000 0.00000 0.00000 0.00000 0.67193 0.67106 0.59699 0.11259 0.00000 0.00000 0.00000 0.00000 0.00000 0.00000 0.00000 0.00000 0.52530 0.70533 0.80221 0.83547 0.83527
0.00000 0.00000 0.00000 0.00000 0.00000 0.00000 0.00000 0.00000 0.53493 0.49519 0.40945 0.45630 0.00000 0.00000 0.00000 0.00000 0.00000 0.00000 0.00000 0.00000 0.55394 0.71850 0.80661 0.80940 0.81194
0.00000 0.00000 0.00000 0.00000 0.00000 0.00000 0.00000 0.00000 0.54055 0.41489 0.39958 0.49112 0.00000 0.00000 0.00000 0.00000 0.00000 0.00000 0.00000 0.00000 0.53348 0.67746 0.74700 0.77541 0.77887
0.00000 0.00000 0.00000 0.00000 0.39563 0.56421 0.57852 0.43148 0.00000 0.00000 0.00000 0.00000 0.39676 0.33454 0.34071 0.16902 0.00000 0.00000 0.00000 0.00000 0.00000 0.00000 0.00000 0.00000 0.00000
0.00000 0.00000 0.00000 0.00000 0.34814 0.52178 0.53511 0.57264 0.00000 0.00000 0.00000 0.00000 0.42051 0.40959 0.46116 0.43896 0.00000 0.00000 0.00000 0.00000 0.00000 0.00000 0.00000 0.00000 0.00000
0.00000 0.00000 0.00000 0.00000 0.37147 0.31165 0.50781 0.46145 0.00000 0.00000 0.00000 0.00000 0.55575 0.60517 0.68184 0.69711 0.00000 0.00000 0.00000 0.00000 0.00000 0.00000 0.00000 0.00000 0.00000
0.00000 0.00000 0.00000 0.00000 0.28099 0.31167 0.11816 0.13902 0.00000 0.00000 0.00000 0.00000 0.60388 0.67981 0.70531 0.76475 0.00000 0.00000 0.00000 0.00000 0.00000 0.00000 0.00000 0.00000 0.00000
0.00000 0.00000 0.00000 0.00000 0.27246 0.23069 0.36751 0.38504 0.00000 0.00000 0.00000 0.00000 0.65597 0.67276 0.72698 0.74200 0.59081 0.60887 0.62269 0.61608 0.66438 0.70067 0.73548 0.75224 0.78763
0.00000 0.00000 0.00000 0.00000 0.54053 0.58102 0.62806 0.58947 0.00000 0.00000 0.00000 0.00000 0.55161 0.61587 0.70866 0.71495 0.62231 0.59427 0.60510 0.68898 0.63743 0.74918 0.76528 0.76420 0.80252
0.00000 0.00000 0.00000 0.00000 0.59362 0.62205 0.66082 0.69926 0.00000 0.00000 0.00000 0.00000 0.46360 0.55804 0.60418 0.51956 0.50144 0.46512 0.51224 0.50592 0.62122 0.69614 0.73271 0.77265 0.82712
0.00000 0.00000 0.00000 0.00000 0.67749 0.72545 0.68216 0.71149 0.00000 0.00000 0.00000 0.00000 0.32808 0.36551 0.45379 0.45519 0.27307 0.53594 0.59189 0.62644 0.60065 0.66829 0.75541 0.78746 0.83219
0.00000 0.00000 0.41054 0.43459 0.52869 0.55781 0.56191 0.52337 0.00000 0.00000 0.00000 0.00000 0.06706 0.05525 0.00000 0.00000 0.40745 0.39054 0.62925 0.57736 0.00000 0.00000 0.00000 0.00000 0.00000
0.00000 0.00000 0.45686 0.59885 0.47246 0.51254 0.50572 0.48789 0.00000 0.00000 0.00000 0.00000 0.43420 0.07041 0.00000 0.06535 0.38575 0.39729 0.55952 0.61986 0.00000 0.00000 0.00000 0.00000 0.00000
0.00000 0.00000 0.22815 0.39350 0.28623 0.41895 0.42915 0.59897 0.00000 0.00000 0.00000 0.00000 0.53129 0.21599 0.04938 0.00000 0.39616 0.60901 0.66715 0.65110 0.00000 0.00000 0.00000 0.00000 0.00000
0.00000 0.00000 0.00000 0.38336 0.20263 0.20447 0.65233 0.76806 0.00000 0.00000 0.00000 0.00000 0.50388 0.35311 0.17563 0.28085 0.58974 0.71236 0.69010 0.71270 0.00000 0.00000 0.00000 0.00000 0.00000
0.00000 0.00000 0.00000 0.00000 0.00000 0.00000 0.00000 0.00000 0.73724 0.79527 0.82998 0.80401 0.00000 0.00000 0.00000 0.00000 0.00000 0.00000 0.00000 0.00000 0.00000 0.00000 0.00000 0.00000 0.00000
0.00000 0.00000 0.00000 0.00000 0.00000 0.00000 0.00000 0.00000 0.80437 0.82741 0.83808 0.82220 0.00000 0.00000 0.00000 0.00000 0.00000 0.00000 0.00000 0.00000 0.00000 0.00000 0.00000 0.00000 0.00000
0.00000 0.00000 0.00000 0.00000 0.00000 0.00000 0.00000 0.00000 0.86144 0.85516 0.84999 0.83311 0.00000 0.00000 0.00000 0.00000 0.00000 0.00000 0.00000 0.00000 0.00000 0.00000 0.00000 0.00000 0.00000
0.00000 0.00000 0.00000 0.00000 0.00000 0.00000 0.00000 0.00000 0.86314 0.85658 0.85069 0.84674 0.00000 0.00000 0.00000 0.00000 0.00000 0.00000 0.00000 0.00000 0.00000 0.00000 0.00000 0.00000 0.00000
0.00000 0.00000 0.00000 0.00000 0.00000 0.00000 0.00000 0.00000 0.70687 0.70149 0.69594 0.56134 0.00000 0.00000 0.00000 0.00000 0.00000 0.00000 0.00000 0.00000 0.00000 0.00000 0.00000 0.00000 0.00000
