# name=rect_rotated_scattered field=200x200 stride=8
25 25
0.00000 0.00000 0.00000 0.00000 0.00000 0.00000 0.00000 0.00000 0.00000 0.00000 0.00000 0.00000 0.00000 0.00000 0.00000 0.00000 0.00000 0.00000 0.00000 0.00000 0.00000 0.00000 0.00000 0.00000 0.00000
0.00000 0.00000 0.00000 0.00000 0.00000 0.00000 0.00000 0.00000 0.00000 0.00000 0.00000 0.00000 0.00000 0.00000 0.00000 0.00000 0.00000 0.00000 0.00000 0.00000 0.00000 0.00000 0.00000 0.00000 0.00000
0.00000 0.00000 0.00000 0.00000 0.00000 0.00000 0.00000 0.00000 0.00000 0.00000 0.00000 0.00000 0.00000 0.00000 0.00000 0.00000 0.00000 0.00000 0.00000 0.00000 0.00000 0.00000 0.00000 0.00000 0.00000
0.00000 0.00000 0.00000 0.00000 0.00000 0.00000 0.00000 0.00000 0.00000 0.00000 0.00000 0.00000 0.00000 0.00000 0.00000 0.00000 0.00000 0.00000 0.00000 0.00000 0.00000 0.00000 0.00000 0.00000 0.00000
0.00000 0.00000 0.00000 0.00000 0.00000 0.52314 0.66954 0.75835 0.89843 0.94236 0.95087 0.74917 0.73339 0.31382 0.00000 0.00000 0.00000 0.22344 0.00000 0.00000 0.32658 0.37623 0.44295 0.51753 0.00000
0.00000 0.00000 0.00000 0.00000 0.00000 0.55625 0.68019 0.75106 0.87872 0.89743 0.86601 0.80866 0.58101 0.45183 0.34525 0.00000 0.00000 0.00000 0.00000 0.33335 0.53403 0.58839 0.64951 0.69852 0.00000
0.00000 0.00000 0.00000 0.00000 0.31136 0.36532 0.67756 0.68259 0.80323 0.73643 0.74828 0.65553 0.28504 0.52382 0.40303 0.14456 0.00000 0.00000 0.33893 0.62196 0.62821 0.67342 0.71470 0.75705 0.00000
0.00000 0.00000 0.00000 0.00000 0.48352 0.50118 0.23901 0.36300 0.66179 0.63443 0.56534 0.29064 0.33237 0.31715 0.24805 0.16068 0.00000 0.00000 0.66113 0.74335 0.67836 0.72532 0.74928 0.80378 0.00000
0.00000 0.00000 0.00000 0.00000 0.00000 0.00000 0.00000 0.00000 0.13767 0.34789 0.73953 0.73730 0.67747 0.71548 0.77310 0.49572 0.00000 0.00000 0.54213 0.69996 0.00000 0.00000 0.00000 0.00000 0.00000
0.00000 0.00000 0.00000 0.00000 0.00000 0.00000 0.00000 0.00000 0.52696 0.68265 0.76540 0.78223 0.73632 0.82338 0.81276 0.74681 0.00000 0.00000 0.46998 0.67252 0.00000 0.00000 0.00000 0.00000 0.00000
0.00000 0.00000 0.00000 0.00000 0.00000 0.00000 0.00000 0.00000 0.63568 0.71318 0.71063 0.75290 0.79491 0.87133 0.80236 0.72298 0.00000 0.00000 0.57632 0.75011 0.00000 0.00000 0.00000 0.00000 0.00000
0.00000 0.00000 0.00000 0.00000 0.00000 0.00000 0.00000 0.00000 0.44641 0.70649 0.72081 0.56452 0.82366 0.79579 0.85209 0.71850 0.35244 0.57494 0.58689 0.63937 0.00000 0.00000 0.00000 0.00000 0.00000
0.00000 0.00000 0.23220 0.27704 0.00000 0.00000 0.00000 0.00000 0.43099 0.61211 0.58141 0.66516 0.36261 0.31426 0.50210 0.61582 0.00000 0.00000 0.00000 0.00000 0.75601 0.84401 0.80946 0.83128 0.00000
0.00000 0.00000 0.00000 0.43590 0.00000 0.00000 0.00000 0.00000 0.47669 0.69993 0.62768 0.60962 0.49378 0.41134 0.46475 0.32826 0.00000 0.00000 0.00000 0.00000 0.84309 0.75753 0.80786 0.83157 0.00000
0.00000 0.00000 0.00000 0.13490 0.00000 0.00000 0.00000 0.00000 0.56423 0.55617 0.52632 0.55609 0.42637 0.42787 0.25933 0.37409 0.00000 0.00000 0.00000 0.00000 0.72425 0.85577 0.85687 0.85715 0.00000
0.00000 0.00000 0.00000 0.11906 0.00000 0.00000 0.00000 0.00000 0.52402 0.35187 0.44791 0.42937 0.10960 0.42038 0.29733 0.41025 0.00000 0.00000 0.00000 0.00000 0.66699 0.79632 0.83950 0.86922 0.00000
0.00000 0.00000 0.00000 0.00000 0.00000 0.00000 0.00000 0.00000 0.58089 0.65767 0.47302 0.45359 0.00000 0.00000 0.00000 0.00000 0.00000 0.00000 0.00000 0.00000 0.56438 0.71958 0.82606 0.88738 0.72619
0.00000 0.00000 0.00000 0.00000 0.00000 0.00000 0.00000 0.00000 0.72844 0.67742 0.75104 0.50196 0.00000 0.00000 0.00000 0.00000 0.00000 0.00000 0.00000 0.00000 0.40286 0.56464 0.66278 0.73747 0.73607
0.00000 0.00000 0.00000 0.00000 0.00000 0.00000 0.00000 0.00000 0.81062 0.79766 0.74036 0.65518 0.00000 0.00000 0.00000 0.00000 0.00000 0.00000 0.00000 0.00000 0.52107 0.70740 0.81530 0.74551 0.74447
0.00000 0.00000 0.00000 0.00000 0.00000 0.00000 0.00000 0.00000 0.84761 0.84026 0.76672 0.70525 0.00000 0.00000 0.00000 0.00000 0.00000 0.00000 0.00000 0.00000 0.69346 0.74637 0.82867 0.92091 0.61856
0.00000 0.00000 0.00000 0.00000 0.00000 0.00000 0.00000 0.00000 0.00000 0.00000 0.00000 0.00000 0.74464 0.75913 0.69118 0.63660 0.29238 0.33995 0.15266 0.23211 0.00000 0.00000 0.00000 0.00000 0.00000
0.00000 0.00000 0.00000 0.00000 0.00000 0.00000 0.00000 0.00000 0.00000 0.00000 0.00000 0.00000 0.83806 0.84801 0.79029 0.76064 0.32874 0.29451 0.52000 0.26302 0.00000 0.00000 0.00000 0.00000 0.00000
0.00000 0.00000 0.00000 0.00000 0.00000 0.00000 0.00000 0.00000 0.00000 0.00000 0.00000 0.00000 0.90986 0.90115 0.85799 0.83087 0.42781 0.40903 0.57883 0.21326 0.00000 0.00000 0.00000 0.00000 0.00000
0.00000 0.00000 0.00000 0.00000 0.00000 0.00000 0.00000 0.00000 0.00000 0.00000 0.00000 0.00000 0.93433 0.92427 0.91139 0.89300 0.51114 0.47014 0.64394 0.22078 0.00000 0.00000 0.00000 0.00000 0.00000
0.00000 0.60797 0.60797 0.60797 0.89491 0.87492 0.84832 0.82641 0.00000 0.00000 0.00000 0.00000 0.00000 0.00000 0.00000 0.00000 0.00000 0.00000 0.00000 0.00000 0.00000 0.00000 0.00000 0.00000 0.00000
