# name=mixed_regions field=200x200 stride=8
25 25
0.00000 0.14257 0.33530 0.33835 0.61250 0.64974 0.61250 0.64974 0.61250 0.33482 0.35204 0.14510 0.00000 0.00000 0.00000 0.00000 0.00000 0.00000 0.00000 0.00000 0.00000 0.00000 0.00000 0.00000 0.00000
0.15003 0.34807 1.00000 0.93222 1.00000 0.89834 1.00000 0.89834 1.00000 0.95852 1.00000 0.35647 0.22782 0.00000 0.00000 0.00000 0.00000 0.00000 0.00000 0.00000 0.00000 0.00000 0.00000 0.00000 0.00000
0.33530 1.00000 0.95276 1.00000 0.96239 1.00000 0.96239 1.00000 0.98026 1.00000 0.97159 1.00000 0.21893 0.15356 0.00000 0.00000 0.00000 0.00000 0.00000 0.00000 0.11506 0.31454 0.37671 0.07013 0.03124
0.35898 0.93222 1.00000 1.00000 1.00000 1.00000 1.00000 1.00000 1.00000 1.00000 1.00000 0.83772 0.23064 0.14896 0.00000 0.00000 0.00000 0.00000 0.00000 0.11975 0.11500 0.31742 0.35141 0.39944 0.16241
0.65829 1.00000 0.96239 1.00000 0.97018 1.00000 0.97018 1.00000 0.98451 1.00000 0.97764 0.90428 0.24406 0.16450 0.00000 0.00000 0.00000 0.00000 0.04745 0.04997 0.32117 0.33033 0.32969 0.36397 0.14751
0.68495 0.89834 1.00000 1.00000 1.00000 1.00000 1.00000 1.00000 1.00000 1.00000 0.96735 0.89061 0.45234 0.33309 0.00000 0.06691 0.08899 0.06637 0.16169 0.12877 0.35361 0.36660 0.33662 0.23728 0.13992
0.65829 1.00000 0.96239 1.00000 0.97018 1.00000 0.97018 1.00000 0.98451 1.00000 0.97764 0.90428 0.34366 0.21731 0.00000 0.13299 0.11737 0.21282 0.05288 0.11822 0.32143 0.34898 0.21835 0.21991 0.23340
0.68495 0.89834 1.00000 1.00000 1.00000 1.00000 1.00000 1.00000 1.00000 1.00000 0.96735 0.85368 0.56901 0.06031 0.00000 0.10513 0.12626 0.14366 0.05349 0.32396 0.31307 0.33834 0.31829 0.12460 0.11762
0.65829 1.00000 0.96239 1.00000 0.97018 1.00000 0.97018 1.00000 0.98451 1.00000 0.97764 0.72950 0.42700 0.17822 0.05970 0.08936 0.07683 0.14274 0.23949 0.31941 0.21170 0.24972 0.36200 0.35861 0.02103
0.68495 0.89834 1.00000 1.00000 1.00000 1.00000 1.00000 1.00000 1.00000 1.00000 0.96735 0.71424 0.29692 0.15719 0.12912 0.30193 0.30676 0.35177 0.21721 0.18376 0.21625 0.17841 0.09309 0.09278 0.00000
0.65829 1.00000 0.96239 1.00000 0.97018 1.00000 0.97018 1.00000 0.98451 1.00000 0.90428 0.70182 0.28866 0.31988 0.11546 0.27325 0.27315 0.33595 0.17131 0.19148 0.21090 0.17388 0.16678 0.16296 0.00000
0.68495 0.89834 1.00000 1.00000 1.00000 1.00000 1.00000 1.00000 1.00000 1.00000 0.89422 0.70001 0.47706 0.32722 0.11812 0.11998 0.27479 0.34397 0.18579 0.09031 0.22616 0.14316 0.13174 0.13343 0.00000
0.65829 1.00000 0.96239 1.00000 0.97018 1.00000 0.97018 1.00000 0.98451 1.00000 0.97764 0.78576 0.55223 0.19578 0.13652 0.05519 0.15602 0.36026 0.24539 0.38705 0.30330 0.32588 0.31678 0.32750 0.00000
0.68495 0.89834 1.00000 1.00000 1.00000 1.00000 1.00000 1.00000 1.00000 1.00000 0.96735 0.82014 0.32364 0.18273 0.11105 0.12455 0.27281 0.21139 0.38560 0.35623 0.27407 0.26689 0.16908 0.05205 0.02633
0.65829 1.00000 0.96239 1.00000 0.97018 1.00000 0.97018 1.00000 0.98451 1.00000 0.97764 0.81636 0.24013 0.33819 0.11408 0.11826 0.12345 0.20520 0.29763 0.10964 0.26616 0.10910 0.04492 0.04911 0.02441
0.68495 0.89834 1.00000 1.00000 1.00000 1.00000 1.00000 1.00000 1.00000 1.00000 0.96735 0.77514 0.53008 0.42197 0.09719 0.32149 0.34645 0.38317 0.11885 0.11531 0.28722 0.23326 0.23093 0.05409 0.05546
0.65829 1.00000 0.96239 1.00000 0.97018 1.00000 0.97018 1.00000 0.98451 1.00000 0.97764 0.76707 0.51596 0.44539 0.05895 0.21562 0.23080 0.25055 0.13621 0.11274 0.14071 0.14806 0.05501 0.05120 0.05173
0.68495 0.89834 1.00000 1.00000 1.00000 1.00000 1.00000 1.00000 1.00000 1.00000 0.96735 0.78132 0.23937 0.48374 0.18860 0.20145 0.32047 0.33050 0.32361 0.28331 0.07957 0.07381 0.06685 0.06935 0.00000
0.65829 1.00000 0.96239 1.00000 0.97018 1.00000 0.97018 1.00000 0.98451 1.00000 0.97764 0.87052 0.50823 0.22186 0.21256 0.28056 0.26472 0.26495 0.29822 0.35272 0.31234 0.06958 0.07115 0.02900 0.02897
0.68495 0.89834 1.00000 1.00000 1.00000 1.00000 1.00000 1.00000 1.00000 1.00000 0.96735 0.80888 0.56175 0.24497 0.12080 0.29386 0.26743 0.13719 0.05016 0.28011 0.11440 0.02382 0.02575 0.02857 0.02858
0.65829 1.00000 0.98026 1.00000 0.98451 1.00000 0.98451 1.00000 1.00000 1.00000 1.00000 0.74113 0.35950 0.26201 0.05364 0.04793 0.05230 0.11527 0.10562 0.12215 0.12558 0.13468 0.02542 0.03014 0.03019
0.35424 0.95852 1.00000 1.00000 1.00000 1.00000 1.00000 1.00000 1.00000 1.00000 0.96094 0.76831 0.20715 0.14178 0.06186 0.05006 0.10938 0.11084 0.11153 0.12725 0.13108 0.02378 0.02665 0.02872 0.00000
0.35204 1.00000 0.97159 1.00000 0.97764 0.96735 0.97764 0.96735 1.00000 0.96094 1.00000 0.38253 0.22293 0.00000 0.00000 0.05630 0.11259 0.04644 0.02119 0.11899 0.13016 0.00000 0.00000 0.00000 0.00000
0.15124 0.35647 1.00000 0.92675 0.90428 0.89061 0.90428 0.89061 0.90428 0.95503 0.34879 0.36684 0.00000 0.00000 0.00000 0.00000 0.04484 0.02103 0.02203 0.02398 0.00000 0.00000 0.00000 0.00000 0.00000
0.00000 0.14257 0.13944 0.33835 0.33955 0.33835 0.33955 0.33835 0.33955 0.13887 0.14119 0.00000 0.00000 0.00000 0.00000 0.00000 0.00000 0.00000 0.00000 0.00000 0.00000 0.00000 0.00000 0.00000 0.00000
