# name=rect_rotated_scattered field=200x200 stride=8
25 25
0.00000 0.00000 0.00000 0.00000 0.00000 0.00000 0.00000 0.00000 0.00000 0.00000 0.00000 0.00000 0.00000 0.00000 0.00000 0.00000 0.00000 0.00000 0.00000 0.00000 0.00000 0.00000 0.00000 0.00000 0.00000
0.00000 0.00000 0.00000 0.00000 0.00000 0.00000 0.00000 0.00000 0.00000 0.00000 0.00000 0.00000 0.00000 0.00000 0.00000 0.00000 0.00000 0.00000 0.00000 0.00000 0.00000 0.00000 0.00000 0.00000 0.00000
0.00000 0.00000 0.00000 0.00000 0.00000 0.00000 0.00000 0.00000 0.00000 0.00000 0.00000 0.00000 0.00000 0.00000 0.00000 0.00000 0.00000 0.00000 0.00000 0.00000 0.00000 0.00000 0.00000 0.00000 0.00000
0.00000 0.00000 0.00000 0.00000 0.00000 0.00000 0.00000 0.01698 0.01526 0.00000 0.00000 0.00000 0.00000 0.00000 0.00000 0.00000 0.00000 0.00000 0.00000 0.00000 0.00000 0.00000 0.00000 0.00000 0.00000
0.00000 0.00000 0.00000 0.00000 0.00000 0.04529 0.01723 0.01527 0.01625 0.00000 0.00000 0.00000 0.00000 0.00000 0.00000 0.00000 0.00000 0.02156 0.00000 0.00000 0.00000 0.00000 0.00000 0.00000 0.00000
0.00000 0.00000 0.00000 0.00000 0.00000 0.03900 0.01431 0.01470 0.00000 0.01445 0.03191 0.00000 0.00000 0.00000 0.04231 0.05191 0.00000 0.00000 0.00000 0.04416 0.12246 0.14209 0.15505 0.00000 0.00000
0.00000 0.00000 0.00000 0.00000 0.03738 0.00000 0.01226 0.07829 0.01982 0.01760 0.03854 0.06158 0.03948 0.00000 0.06146 0.03229 0.03698 0.00000 0.07255 0.04712 0.11617 0.13839 0.15122 0.16733 0.00000
0.00000 0.00000 0.00000 0.00000 0.01596 0.01904 0.04988 0.02213 0.01989 0.03995 0.04616 0.03818 0.03467 0.00000 0.03410 0.03178 0.03471 0.00000 0.05568 0.13296 0.24409 0.14502 0.15247 0.03094 0.03266
0.00000 0.00000 0.01685 0.01758 0.01656 0.01773 0.04338 0.04527 0.01987 0.04153 0.20030 0.02713 0.03076 0.03504 0.07683 0.05705 0.06329 0.05584 0.07030 0.06288 0.06874 0.07368 0.02894 0.02957 0.03094
0.00000 0.01933 0.01910 0.02190 0.02638 0.05593 0.03886 0.03992 0.04940 0.08563 0.22018 0.02310 0.02704 0.06890 0.06025 0.22366 0.05864 0.07091 0.20600 0.07577 0.03505 0.07709 0.05364 0.05290 0.05342
0.00000 0.02281 0.02282 0.02419 0.02297 0.02096 0.04263 0.03724 0.04758 0.08295 0.03787 0.04689 0.05674 0.05748 0.02359 0.22468 0.07035 0.07769 0.33959 0.17059 0.14231 0.11064 0.01362 0.00000 0.00000
0.00000 0.06015 0.05649 0.05324 0.04428 0.04063 0.00000 0.04477 0.04838 0.03923 0.03709 0.00000 0.06146 0.12446 0.23305 0.15695 0.18173 0.18314 0.19683 0.15586 0.11254 0.10439 0.02049 0.00000 0.00000
0.02612 0.02609 0.05785 0.05214 0.04476 0.03386 0.02455 0.00000 0.05202 0.03578 0.02612 0.04431 0.04179 0.20515 0.19722 0.34604 0.16185 0.15092 0.15896 0.16381 0.06726 0.13949 0.06154 0.06914 0.02866
0.05912 0.06101 0.06275 0.12765 0.17758 0.03483 0.00000 0.00000 0.00000 0.01851 0.09606 0.09876 0.04397 0.21577 0.19647 0.16565 0.33297 0.13682 0.14300 0.15874 0.13950 0.04807 0.05817 0.06321 0.02820
0.05733 0.05973 0.06244 0.14410 0.12736 0.10575 0.00000 0.00000 0.04534 0.06087 0.11481 0.10559 0.11140 0.11813 0.20031 0.03407 0.02851 0.06185 0.05316 0.06239 0.12075 0.10157 0.11505 0.12536 0.06437
0.00000 0.05519 0.05831 0.14992 0.14638 0.11485 0.00000 0.00000 0.05680 0.07183 0.12603 0.11700 0.12040 0.14927 0.02870 0.02859 0.02909 0.05732 0.04927 0.05471 0.33780 0.31977 0.33038 0.05879 0.05945
0.00000 0.00000 0.00000 0.15876 0.24199 0.24303 0.13330 0.23208 0.05785 0.13934 0.14378 0.13155 0.12785 0.17834 0.02096 0.02020 0.03883 0.00000 0.04528 0.04447 0.37760 0.39389 0.39032 0.05509 0.00000
0.00000 0.02085 0.01935 0.35464 0.35727 0.43216 0.17474 0.25204 0.22160 0.05337 0.00667 0.02458 0.10469 0.11111 0.04645 0.01131 0.00000 0.00000 0.00000 0.03323 0.12520 0.15645 0.17951 0.00000 0.00000
0.00000 0.00000 0.01847 0.01879 0.05104 0.29400 0.20346 0.27171 0.25172 0.02490 0.01171 0.01393 0.04647 0.12511 0.02639 0.05524 0.03290 0.03689 0.04529 0.40022 0.16765 0.28493 0.31313 0.00000 0.00000
0.00000 0.00000 0.02340 0.16378 0.14349 0.17071 0.37807 0.03310 0.06327 0.24317 0.05031 0.05501 0.13205 0.07380 0.06012 0.05369 0.04489 0.03984 0.22079 0.14658 0.41814 0.15869 0.17466 0.00000 0.00000
0.00000 0.03023 0.07704 0.06927 0.06399 0.38102 0.37422 0.02674 0.02739 0.23641 0.21602 0.03204 0.08009 0.16298 0.38149 0.11584 0.10704 0.15067 0.24315 0.16854 0.49518 0.14273 0.00000 0.00000 0.00000
0.00000 0.02840 0.02789 0.06744 0.23965 0.36917 0.06705 0.07777 0.01851 0.08470 0.06621 0.00000 0.07266 0.16487 0.38444 0.31436 0.02589 0.02998 0.19362 0.19347 0.19815 0.00000 0.00000 0.00000 0.00000
0.02784 0.02792 0.02864 0.02997 0.25492 0.23521 0.07139 0.07845 0.00000 0.05664 0.06923 0.00000 0.03518 0.15846 0.36691 0.29269 0.03025 0.03542 0.18417 0.00000 0.00000 0.00000 0.00000 0.00000 0.00000
0.00000 0.03030 0.03214 0.03413 0.06788 0.03140 0.02834 0.02804 0.00000 0.00000 0.00000 0.00000 0.03764 0.03215 0.03202 0.07932 0.03540 0.03496 0.17333 0.00000 0.00000 0.00000 0.00000 0.00000 0.00000
0.00000 0.00000 0.00000 0.00000 0.03707 0.03191 0.02849 0.02802 0.00000 0.00000 0.00000 0.00000 0.04202 0.03735 0.03605 0.03720 0.03640 0.03550 0.03498 0.00000 0.00000 0.00000 0.00000 0.00000 0.00000
