# name=grid_nonrect_buildings field=200x200 stride=8
25 25
0.00000 0.00000 0.11099 0.11322 0.11190 0.12354 0.14113 0.12950 0.00000 0.11453 0.11347 0.10588 0.07947 0.00000 0.06705 0.07676 0.08915 0.24261 0.10436 0.26753 0.27331 0.11495 0.11903 0.00000 0.00000
0.00000 0.25946 0.24963 0.71826 0.25596 0.26603 0.44039 0.47525 0.96016 0.28296 0.25856 0.23626 0.21288 0.18425 0.17954 0.18810 0.21559 0.22965 0.67054 0.36971 0.38209 0.25740 0.28690 0.30603 0.00000
0.08811 0.23793 0.67240 0.68562 0.68958 0.77256 0.85423 0.90749 0.89576 0.80601 0.75814 0.69849 0.67840 0.61860 0.57287 0.60165 0.66670 0.70993 0.68566 0.72018 0.67596 0.74511 0.77238 0.28622 0.12383
0.08153 0.62718 0.63463 0.64392 0.70905 0.77132 0.84751 0.87685 0.89331 0.83501 0.79417 0.71693 0.71334 0.67262 0.68106 0.69921 0.72204 0.73581 0.70468 0.71719 0.71605 0.73004 0.76233 0.25668 0.12298
0.20908 0.42841 0.63408 0.63839 0.69183 0.75935 0.80135 0.81718 0.83524 0.83048 0.79303 0.74826 0.71360 0.69964 0.72987 0.74083 0.72883 0.76042 0.72781 0.72395 0.70576 0.70431 0.67713 0.24137 0.10520
0.21546 0.44030 0.60282 0.65058 0.70057 0.76683 0.80297 0.82357 0.83739 0.84214 0.80512 0.76346 0.74465 0.72739 0.75527 0.76508 0.74058 0.74153 0.73541 0.71836 0.69925 0.68444 0.65853 0.22257 0.09304
0.09143 0.34838 0.64766 0.65497 0.71439 0.76186 0.81332 0.84838 0.89835 0.82734 0.80477 0.77772 0.76921 0.77940 0.75591 0.75697 0.73252 0.74895 0.72627 0.70704 0.68010 0.68057 0.63979 0.22313 0.08519
0.23476 0.36814 0.69560 0.70218 0.70074 0.77410 0.82619 0.86594 0.86007 0.84946 0.79472 0.77884 0.79689 0.77475 0.73593 0.73217 0.74823 0.76738 0.73994 0.74053 0.68394 0.69651 0.67833 0.43267 0.22204
0.08970 0.36018 0.66557 0.68688 0.72088 0.74976 0.79598 0.83051 0.85037 0.80794 0.79216 0.79789 0.78870 0.79118 0.76362 0.75564 0.77902 0.75423 0.73067 0.72777 0.71928 0.72912 0.68630 0.08679 0.08655
0.22154 0.21202 0.63298 0.67759 0.70380 0.67774 0.71322 0.77205 0.76211 0.79306 0.79796 0.77634 0.80258 0.79227 0.81925 0.80804 0.75935 0.76889 0.75230 0.77041 0.77586 0.76946 0.69919 0.32693 0.25500
0.22237 0.21107 0.61779 0.65642 0.61962 0.66213 0.65355 0.65953 0.71180 0.75381 0.75970 0.76463 0.75851 0.79908 0.82952 0.81769 0.76679 0.73649 0.75203 0.78569 0.79185 0.79611 0.74240 0.38397 0.27749
0.09143 0.62860 0.62305 0.65311 0.62611 0.61450 0.60818 0.62813 0.65366 0.71111 0.73257 0.70497 0.75228 0.78218 0.79872 0.78965 0.78347 0.76395 0.76081 0.74753 0.76393 0.80635 0.80172 0.31218 0.12310
0.23476 0.43856 0.67678 0.67366 0.62385 0.62986 0.62091 0.67107 0.68173 0.71079 0.72235 0.73011 0.75150 0.73794 0.73377 0.76594 0.77391 0.77971 0.74573 0.72321 0.74954 0.81199 0.76353 0.49414 0.32551
0.08970 0.64591 0.65750 0.69384 0.67449 0.66346 0.68938 0.68028 0.71085 0.73845 0.73782 0.70422 0.69939 0.68526 0.72657 0.75989 0.76632 0.75624 0.73740 0.74686 0.75780 0.80278 0.81203 0.13584 0.13601
0.22154 0.37169 0.65241 0.74610 0.76036 0.72652 0.74105 0.71455 0.76571 0.78229 0.78182 0.73263 0.68869 0.70833 0.75813 0.79206 0.79476 0.75709 0.76371 0.77897 0.79632 0.82939 0.81113 0.29533 0.13056
0.22237 0.35407 0.71149 0.78338 0.78404 0.81871 0.79594 0.77284 0.78079 0.80268 0.80207 0.74943 0.72220 0.74525 0.79542 0.82727 0.81533 0.79567 0.78472 0.81109 0.82843 0.85910 0.85788 0.30071 0.00000
0.09143 0.36492 0.74838 0.80576 0.83500 0.84592 0.82794 0.80522 0.77871 0.79404 0.79611 0.77410 0.77118 0.78069 0.81638 0.83401 0.86852 0.84616 0.81590 0.82383 0.84008 0.85185 0.86945 0.48519 0.00000
0.25467 0.39826 0.79801 0.83635 0.82460 0.84481 0.81788 0.82564 0.78914 0.78964 0.78283 0.79176 0.81805 0.80252 0.80373 0.86345 0.87469 0.88227 0.85126 0.82573 0.81262 0.85965 0.86880 0.41008 0.10689
0.10443 0.74126 0.76578 0.79952 0.83420 0.83341 0.80428 0.78463 0.76243 0.79569 0.79577 0.77984 0.78255 0.79083 0.83399 0.85321 0.88539 0.88011 0.85409 0.82128 0.80158 0.80052 0.78313 0.34292 0.10206
0.09434 0.24450 0.74073 0.79012 0.79388 0.75908 0.77679 0.81241 0.79579 0.81516 0.76627 0.75231 0.73912 0.74641 0.79911 0.82153 0.81515 0.85796 0.82051 0.81237 0.75246 0.74476 0.67955 0.30242 0.08561
0.08821 0.24451 0.70797 0.75302 0.71579 0.75067 0.74466 0.75374 0.80354 0.77059 0.79516 0.73771 0.68296 0.68992 0.72456 0.74787 0.75495 0.74668 0.78298 0.73157 0.74288 0.70736 0.63147 0.31384 0.07543
0.00000 0.74893 0.73330 0.71248 0.70406 0.70487 0.69779 0.77344 0.79014 0.81486 0.79000 0.73393 0.68547 0.63100 0.65048 0.66771 0.69984 0.72065 0.71571 0.73288 0.71423 0.68455 0.65905 0.00000 0.00000
0.00000 0.26785 0.73019 0.69762 0.63737 0.65049 0.68275 0.69898 0.77607 0.77217 0.74909 0.69937 0.68372 0.61657 0.56343 0.58869 0.61244 0.60694 0.67711 0.68861 0.67051 0.70949 0.68685 0.24239 0.00000
0.00000 0.28502 0.25555 0.22271 0.46381 0.45542 0.39685 0.40887 0.41311 0.26521 0.25449 0.22583 0.21992 0.19659 0.18993 0.18016 0.18198 0.20250 0.64843 0.32872 0.36685 0.72718 0.25955 0.00000 0.00000
0.00000 0.00000 0.10643 0.09729 0.23889 0.09171 0.09895 0.28071 0.12594 0.11100 0.00000 0.00000 0.09077 0.08988 0.07671 0.06634 0.00000 0.07615 0.09506 0.09348 0.08756 0.00000 0.00000 0.00000 0.00000
