# name=mixed_regions field=200x200 stride=8
25 25
0.00000 0.00000 0.33530 0.00000 0.30371 0.00000 0.30371 0.00000 0.30371 0.00000 0.35204 0.00000 0.00000 0.00000 0.00000 0.00000 0.00000 0.00000 0.00000 0.00000 0.00000 0.00000 0.00000 0.00000 0.00000
0.00000 0.34807 1.00000 0.93222 1.00000 0.89834 1.00000 0.89834 1.00000 0.95852 1.00000 0.35647 0.22782 0.00000 0.00000 0.00000 0.00000 0.00000 0.00000 0.00000 0.00000 0.00000 0.00000 0.00000 0.00000
0.33530 1.00000 0.95276 1.00000 0.96239 1.00000 0.96239 1.00000 0.98026 1.00000 0.97159 1.00000 0.21893 0.15356 0.00000 0.00000 0.00000 0.00000 0.00000 0.00000 0.04245 0.31454 0.37671 0.07013 0.03124
0.00000 0.93222 1.00000 1.00000 1.00000 1.00000 1.00000 1.00000 1.00000 1.00000 1.00000 0.83772 0.21112 0.14896 0.00000 0.00000 0.00000 0.00000 0.00000 0.03781 0.03765 0.28772 0.35141 0.39944 0.16241
0.30371 1.00000 0.96239 1.00000 0.97018 1.00000 0.97018 1.00000 0.98451 1.00000 0.97764 0.90428 0.20752 0.05725 0.00000 0.00000 0.00000 0.00000 0.01021 0.00000 0.22855 0.27717 0.32969 0.36397 0.14751
0.00000 0.89834 1.00000 1.00000 1.00000 1.00000 1.00000 1.00000 1.00000 1.00000 0.96735 0.89061 0.08246 0.11171 0.00000 0.00000 0.08218 0.00699 0.00000 0.00000 0.22980 0.28469 0.33662 0.21815 0.13577
0.30371 1.00000 0.96239 1.00000 0.97018 1.00000 0.97018 1.00000 0.98451 1.00000 0.97764 0.90428 0.07849 0.10842 0.00000 0.13299 0.10613 0.21282 0.00000 0.00000 0.03769 0.25685 0.17305 0.19367 0.21853
0.00000 0.89834 1.00000 1.00000 1.00000 1.00000 1.00000 1.00000 1.00000 1.00000 0.96735 0.85368 0.21510 0.04948 0.00000 0.10352 0.12033 0.13313 0.04652 0.12775 0.00000 0.03013 0.03335 0.01345 0.01513
0.30371 1.00000 0.96239 1.00000 0.97018 1.00000 0.97018 1.00000 0.98451 1.00000 0.97764 0.72950 0.29102 0.17822 0.00000 0.05302 0.06906 0.13256 0.20761 0.15055 0.08097 0.00000 0.03043 0.03157 0.00000
0.00000 0.89834 1.00000 1.00000 1.00000 1.00000 1.00000 1.00000 1.00000 1.00000 0.96735 0.71424 0.29692 0.15719 0.08334 0.15315 0.16221 0.16932 0.07705 0.16925 0.16634 0.00000 0.00000 0.00000 0.00000
0.30371 1.00000 0.96239 1.00000 0.97018 1.00000 0.97018 1.00000 0.98451 1.00000 0.90428 0.70182 0.28866 0.31988 0.09085 0.16074 0.17021 0.30542 0.17131 0.16937 0.16701 0.00000 0.00000 0.00000 0.00000
0.00000 0.89834 1.00000 1.00000 1.00000 1.00000 1.00000 1.00000 1.00000 1.00000 0.89422 0.70001 0.43411 0.32722 0.09483 0.09363 0.17117 0.34397 0.18579 0.09031 0.04298 0.00000 0.00000 0.00000 0.00000
0.30371 1.00000 0.96239 1.00000 0.97018 1.00000 0.97018 1.00000 0.98451 1.00000 0.97764 0.78576 0.26692 0.07653 0.00000 0.04014 0.03415 0.32016 0.17145 0.38705 0.14273 0.05981 0.06416 0.06337 0.00000
0.00000 0.89834 1.00000 1.00000 1.00000 1.00000 1.00000 1.00000 1.00000 1.00000 0.96735 0.82014 0.21680 0.05942 0.01521 0.01590 0.08568 0.09780 0.32998 0.35623 0.17350 0.17441 0.07095 0.01438 0.00000
0.30371 1.00000 0.96239 1.00000 0.97018 1.00000 0.97018 1.00000 0.98451 1.00000 0.97764 0.81636 0.07555 0.33819 0.02021 0.01902 0.01619 0.15114 0.17555 0.10964 0.20218 0.10910 0.01757 0.01589 0.00000
0.00000 0.89834 1.00000 1.00000 1.00000 1.00000 1.00000 1.00000 1.00000 1.00000 0.96735 0.77514 0.07778 0.42197 0.05466 0.04916 0.04402 0.03676 0.10924 0.11531 0.21878 0.23326 0.23093 0.05409 0.05546
0.30371 1.00000 0.96239 1.00000 0.97018 1.00000 0.97018 1.00000 0.98451 1.00000 0.97764 0.76707 0.07700 0.44539 0.05895 0.05530 0.05155 0.04493 0.03820 0.03905 0.04855 0.13244 0.05166 0.05099 0.05173
0.00000 0.89834 1.00000 1.00000 1.00000 1.00000 1.00000 1.00000 1.00000 1.00000 0.96735 0.78132 0.07556 0.48374 0.09332 0.08974 0.04460 0.03922 0.11815 0.12740 0.04334 0.04074 0.00000 0.00000 0.00000
0.30371 1.00000 0.96239 1.00000 0.97018 1.00000 0.97018 1.00000 0.98451 1.00000 0.97764 0.87052 0.50823 0.22186 0.07260 0.28056 0.26472 0.03068 0.00903 0.24906 0.16706 0.00000 0.00000 0.00000 0.00000
0.00000 0.89834 1.00000 1.00000 1.00000 1.00000 1.00000 1.00000 1.00000 1.00000 0.96735 0.80888 0.50616 0.21731 0.12080 0.29386 0.26743 0.09929 0.00000 0.16322 0.10719 0.00000 0.00000 0.00000 0.00000
0.30371 1.00000 0.98026 1.00000 0.98451 1.00000 0.98451 1.00000 1.00000 1.00000 1.00000 0.74113 0.06341 0.21090 0.05364 0.04434 0.03810 0.10209 0.10562 0.12215 0.12558 0.13468 0.00000 0.00000 0.00000
0.00000 0.95852 1.00000 1.00000 1.00000 1.00000 1.00000 1.00000 1.00000 1.00000 0.96094 0.76831 0.06586 0.04871 0.06186 0.05006 0.10938 0.10046 0.11153 0.12725 0.13108 0.00000 0.00000 0.00000 0.00000
0.35204 1.00000 0.97159 1.00000 0.97764 0.96735 0.97764 0.96735 1.00000 0.96094 1.00000 0.27558 0.07093 0.00000 0.00000 0.05630 0.11259 0.04641 0.00000 0.11899 0.13016 0.00000 0.00000 0.00000 0.00000
0.00000 0.35647 1.00000 0.92675 0.90428 0.89061 0.90428 0.89061 0.90428 0.95503 0.34879 0.36684 0.00000 0.00000 0.00000 0.00000 0.04484 0.00000 0.00000 0.00000 0.00000 0.00000 0.00000 0.00000 0.00000
0.00000 0.00000 0.00000 0.00000 0.00000 0.00000 0.00000 0.00000 0.00000 0.00000 0.00000 0.00000 0.00000 0.00000 0.00000 0.00000 0.00000 0.00000 0.00000 0.00000 0.00000 0.00000 0.00000 0.00000 0.00000
