# name=two_districts field=200x200 stride=8
25 25
0.00000 0.13417 0.33530 0.31490 0.67514 0.66464 0.67514 0.66464 0.67514 0.31282 0.27355 0.06798 0.15896 0.14911 0.45226 0.45509 0.46598 0.50901 0.55681 0.51121 0.20288 0.46372 0.56506 0.60213 0.19801
0.13417 0.34807 1.00000 0.93222 1.00000 0.89834 1.00000 0.89834 1.00000 0.95852 0.83649 0.21651 0.46758 0.42337 0.42023 0.47956 0.51846 0.53597 0.54342 0.52769 0.52744 0.57005 0.55838 0.56034 0.56701
0.33530 1.00000 0.95276 1.00000 0.96239 1.00000 0.96239 1.00000 0.98026 1.00000 0.86353 0.63642 0.56443 0.45736 0.47193 0.50519 0.53325 0.55454 0.55659 0.53088 0.52566 0.57024 0.54168 0.54465 0.54048
0.31490 0.93222 1.00000 1.00000 1.00000 1.00000 1.00000 1.00000 1.00000 1.00000 0.93551 0.70523 0.54398 0.48625 0.50626 0.52297 0.53370 0.54905 0.55960 0.55970 0.55023 0.55946 0.56577 0.55858 0.54370
0.67612 1.00000 0.96239 1.00000 0.97018 1.00000 0.97018 1.00000 0.98451 1.00000 0.92067 0.67543 0.53484 0.51197 0.54296 0.53935 0.54912 0.55464 0.54761 0.55185 0.55810 0.56131 0.55333 0.53223 0.48996
0.66464 0.89834 1.00000 1.00000 1.00000 1.00000 1.00000 1.00000 1.00000 1.00000 0.89440 0.64548 0.42039 0.51487 0.53510 0.54085 0.53610 0.54151 0.54553 0.55408 0.55498 0.56461 0.56902 0.54618 0.52358
0.67612 1.00000 0.96239 1.00000 0.97018 1.00000 0.97018 1.00000 0.98451 1.00000 0.90373 0.71422 0.46447 0.52186 0.55598 0.54470 0.54730 0.54916 0.52986 0.54509 0.54105 0.56265 0.55405 0.54380 0.52966
0.66464 0.89834 1.00000 1.00000 1.00000 1.00000 1.00000 1.00000 1.00000 1.00000 0.91156 0.69780 0.46122 0.48101 0.53658 0.53253 0.53731 0.55296 0.54513 0.55179 0.55344 0.55820 0.54537 0.54028 0.53117
0.67612 1.00000 0.96239 1.00000 0.97018 1.00000 0.97018 1.00000 0.98451 1.00000 0.97764 0.72035 0.43789 0.53064 0.53180 0.53589 0.55077 0.54612 0.54054 0.54663 0.55325 0.54997 0.54099 0.53537 0.51816
0.66464 0.89834 1.00000 1.00000 1.00000 1.00000 1.00000 1.00000 1.00000 1.00000 0.90008 0.64977 0.47863 0.54940 0.53650 0.54816 0.56008 0.55057 0.55478 0.55365 0.54164 0.54934 0.52673 0.52206 0.50584
0.67612 1.00000 0.96239 1.00000 0.97018 1.00000 0.97018 1.00000 0.98451 1.00000 0.90041 0.68595 0.47665 0.53578 0.51832 0.55902 0.55471 0.54746 0.55616 0.55271 0.56510 0.55665 0.54327 0.54250 0.51917
0.66464 0.89834 1.00000 1.00000 1.00000 1.00000 1.00000 1.00000 1.00000 1.00000 0.90081 0.69492 0.47329 0.48613 0.54640 0.56707 0.56381 0.55585 0.56454 0.54914 0.55949 0.54254 0.55398 0.54429 0.52570
0.67612 1.00000 0.96239 1.00000 0.97018 1.00000 0.97018 1.00000 0.98451 1.00000 0.97764 0.69064 0.39522 0.43922 0.50051 0.52037 0.54697 0.56256 0.57248 0.56409 0.56512 0.55406 0.55539 0.52208 0.51504
0.66464 0.89834 1.00000 1.00000 1.00000 1.00000 1.00000 1.00000 1.00000 1.00000 0.91293 0.66407 0.34915 0.52137 0.53214 0.54484 0.55260 0.56437 0.56689 0.55330 0.55986 0.55748 0.54424 0.51899 0.51997
0.67612 1.00000 0.96239 1.00000 0.97018 1.00000 0.97018 1.00000 0.98451 1.00000 0.90634 0.60811 0.44391 0.51021 0.49789 0.53540 0.54899 0.56260 0.56354 0.56489 0.56716 0.55676 0.56221 0.56349 0.56607
0.66464 0.89834 1.00000 1.00000 1.00000 1.00000 1.00000 1.00000 1.00000 1.00000 0.89759 0.70882 0.44059 0.48463 0.55067 0.55682 0.55428 0.55739 0.54428 0.54997 0.55460 0.55847 0.56623 0.54756 0.56045
0.67612 1.00000 0.96239 1.00000 0.97018 1.00000 0.97018 1.00000 0.98451 1.00000 0.97764 0.68903 0.43227 0.42297 0.53045 0.54213 0.53963 0.56621 0.55469 0.55596 0.55082 0.54921 0.56653 0.55294 0.56346
0.66464 0.89834 1.00000 1.00000 1.00000 1.00000 1.00000 1.00000 1.00000 1.00000 0.96735 0.68661 0.40595 0.48315 0.53402 0.52077 0.54854 0.56022 0.54429 0.55688 0.54662 0.55156 0.54608 0.53894 0.54913
0.67612 1.00000 0.96239 1.00000 0.97018 1.00000 0.97018 1.00000 0.98451 1.00000 0.92280 0.71096 0.23057 0.53561 0.54437 0.55788 0.57044 0.55982 0.54464 0.54702 0.52684 0.54530 0.55047 0.55374 0.55621
0.66464 0.89834 1.00000 1.00000 1.00000 1.00000 1.00000 1.00000 1.00000 1.00000 0.90748 0.72833 0.46558 0.53929 0.53122 0.57243 0.56991 0.56126 0.56141 0.55081 0.53891 0.54966 0.54004 0.57058 0.51644
0.67612 1.00000 0.98026 1.00000 0.98451 1.00000 0.98451 1.00000 1.00000 1.00000 0.94532 0.79539 0.45564 0.49133 0.56358 0.56785 0.56088 0.54808 0.55750 0.55254 0.54666 0.55724 0.55089 0.55104 0.53986
0.31282 0.95852 1.00000 1.00000 1.00000 1.00000 1.00000 1.00000 1.00000 1.00000 0.96094 0.79323 0.42747 0.42803 0.53815 0.53774 0.55970 0.56429 0.56496 0.55348 0.55626 0.54720 0.55615 0.54747 0.55609
0.35204 1.00000 0.97159 1.00000 0.97764 0.96735 0.97764 0.96735 1.00000 0.96094 1.00000 0.48315 0.49419 0.54388 0.56670 0.55884 0.58521 0.56673 0.55707 0.57136 0.56209 0.55169 0.53370 0.52968 0.51425
0.13827 0.35647 1.00000 0.92675 0.90428 0.89061 0.90428 0.89061 0.90428 0.95503 0.44241 0.39782 0.19324 0.58482 0.57702 0.57181 0.59130 0.56720 0.55839 0.55755 0.56058 0.54573 0.50044 0.49502 0.45507
0.00000 0.13417 0.12904 0.31490 0.31566 0.31490 0.31566 0.31490 0.31566 0.12808 0.29382 0.00000 0.20679 0.60356 0.60442 0.57921 0.53638 0.56711 0.55284 0.55774 0.56346 0.53540 0.49240 0.44383 0.35045
