# name=grid_nonrect_buildings field=200x200 stride=8
25 25
0.00000 0.00000 0.14334 0.14294 0.13305 0.14012 0.15152 0.13384 0.14646 0.13325 0.13171 0.13951 0.12160 0.00000 0.11575 0.12613 0.13691 0.34925 0.14164 0.35301 0.35187 0.14348 0.14568 0.00000 0.00000
0.00000 0.35640 0.33517 0.95774 0.31536 0.31313 0.46579 0.48915 0.99402 0.31608 0.31087 0.30935 0.30789 0.28995 0.30199 0.30252 0.30946 0.31447 0.91534 0.50238 0.50742 0.31996 0.35003 0.36864 0.00000
0.12920 0.33748 0.95086 0.95284 0.90146 0.91894 0.94487 0.98612 0.95789 0.91877 0.91709 0.92194 0.95176 0.91331 0.88283 0.89271 0.91673 0.95649 0.92378 0.95803 0.90588 0.96177 0.96586 0.34428 0.14671
0.12477 0.94408 0.94519 0.94659 0.95636 0.96570 0.97713 0.98153 0.98400 0.97525 0.96913 0.93216 0.95700 0.92815 0.95216 0.95488 0.95831 0.96037 0.93380 0.95758 0.95741 0.95951 0.96435 0.30795 0.14570
0.31550 0.65794 0.94511 0.94576 0.95377 0.96390 0.94441 0.93053 0.95271 0.97457 0.96895 0.93698 0.92027 0.93178 0.95948 0.96113 0.93351 0.96406 0.93766 0.95859 0.95586 0.95565 0.89813 0.31191 0.13219
0.31550 0.65809 0.88881 0.94759 0.95509 0.96502 0.94508 0.93626 0.95334 0.97632 0.97077 0.93838 0.92365 0.93633 0.96329 0.96476 0.93560 0.91847 0.93799 0.95775 0.95489 0.95267 0.90418 0.30500 0.12729
0.12657 0.48501 0.91501 0.92321 0.93538 0.94264 0.92610 0.95481 0.98475 0.95213 0.94896 0.93992 0.93673 0.94583 0.93763 0.93813 0.91105 0.93999 0.91465 0.92810 0.92497 0.95209 0.90875 0.31936 0.12572
0.32672 0.50358 0.95434 0.95533 0.91242 0.93066 0.94691 0.97989 0.95751 0.97742 0.93179 0.94077 0.96953 0.94352 0.91937 0.92283 0.93384 0.96511 0.93811 0.96108 0.91573 0.95448 0.95175 0.61881 0.32518
0.12595 0.50689 0.92034 0.92997 0.93465 0.93913 0.92193 0.95057 0.95444 0.94833 0.94657 0.94906 0.94573 0.94888 0.93866 0.93767 0.96685 0.94047 0.91723 0.93689 0.93574 0.95937 0.92564 0.12546 0.12547
0.31959 0.30472 0.88832 0.95164 0.95557 0.91428 0.93139 0.96581 0.94218 0.96896 0.96969 0.94118 0.97039 0.94722 0.97289 0.97121 0.93614 0.96533 0.94061 0.96556 0.96638 0.96542 0.89688 0.42680 0.33693
0.31916 0.30191 0.90020 0.94846 0.90911 0.94932 0.92239 0.91254 0.93457 0.96307 0.96395 0.93960 0.92099 0.94728 0.97443 0.97265 0.93832 0.91839 0.94092 0.96785 0.96878 0.96942 0.91310 0.47646 0.34628
0.12657 0.90688 0.91115 0.94797 0.91877 0.91749 0.92163 0.92277 0.90703 0.93194 0.93506 0.90379 0.93648 0.94160 0.94774 0.94671 0.94397 0.93881 0.96412 0.93697 0.93949 0.94430 0.93577 0.36245 0.14584
0.32672 0.62652 0.95152 0.95105 0.90209 0.91061 0.91514 0.95066 0.92968 0.91569 0.92141 0.93108 0.96273 0.93943 0.91749 0.92725 0.93756 0.96696 0.94127 0.91403 0.92493 0.97180 0.89475 0.56184 0.36831
0.12595 0.91282 0.91925 0.95408 0.92441 0.92310 0.95341 0.92486 0.93628 0.93419 0.93449 0.90993 0.93393 0.95279 0.93618 0.94134 0.94024 0.93660 0.93485 0.94135 0.94356 0.97042 0.94398 0.14763 0.14765
0.31959 0.51338 0.89143 0.96192 0.96405 0.92261 0.93567 0.91225 0.94196 0.96734 0.96727 0.93478 0.91187 0.93383 0.96372 0.96881 0.94384 0.91924 0.94285 0.96685 0.96945 0.97441 0.91699 0.32103 0.13637
0.31916 0.48736 0.91409 0.96751 0.93145 0.97281 0.94466 0.92903 0.94471 0.97040 0.97031 0.93646 0.91589 0.93982 0.96931 0.97409 0.94764 0.92757 0.94522 0.97166 0.97426 0.97887 0.93450 0.31922 0.00000
0.12657 0.48701 0.93429 0.94562 0.94740 0.95035 0.95198 0.94882 0.92416 0.94332 0.94388 0.94223 0.93965 0.94745 0.94505 0.94883 0.95717 0.95117 0.92688 0.95158 0.95433 0.95139 0.94677 0.50548 0.00000
0.33485 0.50700 0.96970 0.97545 0.92870 0.94288 0.94684 0.97385 0.94513 0.92631 0.93303 0.94268 0.97271 0.94787 0.92707 0.94341 0.95562 0.98234 0.95417 0.93106 0.93698 0.97895 0.98032 0.45072 0.11875
0.13105 0.92663 0.93528 0.94715 0.95231 0.95244 0.94584 0.94023 0.91815 0.94658 0.94710 0.94635 0.94471 0.94777 0.94919 0.95224 0.95980 0.95853 0.93485 0.94995 0.94743 0.94645 0.93744 0.41109 0.12777
0.11961 0.30781 0.90489 0.96852 0.96908 0.92821 0.94071 0.97186 0.94870 0.97227 0.92978 0.93485 0.92486 0.93941 0.96987 0.97323 0.94699 0.97869 0.95207 0.97186 0.92605 0.96171 0.90473 0.41777 0.11849
0.11183 0.30796 0.91428 0.96295 0.92129 0.96260 0.93655 0.92923 0.95100 0.92454 0.96927 0.93349 0.91476 0.93100 0.95868 0.96218 0.93705 0.92772 0.94765 0.92374 0.96143 0.95610 0.89597 0.45825 0.11105
0.00000 0.96234 0.95999 0.95687 0.95561 0.95573 0.92574 0.96602 0.94588 0.97223 0.96850 0.96009 0.95282 0.94465 0.94757 0.95016 0.95498 0.95810 0.93471 0.95993 0.95713 0.95268 0.94886 0.00000 0.00000
0.00000 0.34324 0.95953 0.95464 0.88792 0.90388 0.91640 0.88376 0.93712 0.91255 0.91783 0.92080 0.95256 0.91524 0.88063 0.88995 0.90492 0.86930 0.92255 0.90116 0.90336 0.95642 0.95303 0.34453 0.00000
0.00000 0.36279 0.33888 0.31376 0.66108 0.64670 0.54237 0.52587 0.51053 0.31463 0.30810 0.30491 0.31403 0.30518 0.30118 0.29899 0.29204 0.30582 0.91331 0.44444 0.48099 0.95908 0.35104 0.00000 0.00000
0.00000 0.00000 0.14092 0.13809 0.34849 0.13787 0.13843 0.35929 0.14921 0.13462 0.00000 0.00000 0.12686 0.13711 0.12543 0.11422 0.00000 0.12226 0.13781 0.12659 0.11456 0.00000 0.00000 0.00000 0.00000
