# name=two_districts field=200x200 stride=8
25 25
0.00000 0.00000 0.50295 0.00000 0.45557 0.00000 0.45557 0.00000 0.45557 0.00000 0.43456 0.00000 0.36867 0.37743 0.49609 0.47617 0.46126 0.64725 0.66310 0.67198 0.37298 0.85084 0.43742 0.00000 0.00000
0.00000 0.52211 1.00000 0.93222 1.00000 0.89834 1.00000 0.89834 1.00000 0.95852 0.87156 0.36218 0.61510 0.44209 0.44456 0.43617 0.73667 0.60336 0.75219 0.66267 0.65234 0.80776 0.43575 0.45436 0.27301
0.50295 1.00000 0.95276 1.00000 0.96239 1.00000 0.96239 1.00000 0.98026 1.00000 0.88749 0.74056 0.84525 0.78316 0.73823 0.45375 0.72749 0.70259 0.74405 0.62511 0.74212 0.74495 0.64840 0.69445 0.27461
0.00000 0.93222 1.00000 1.00000 1.00000 1.00000 1.00000 1.00000 1.00000 1.00000 0.95021 0.83721 0.80452 0.68798 0.82787 0.81815 0.76568 0.75263 0.70333 0.64225 0.77033 0.64495 0.64988 0.68348 0.70752
0.45557 1.00000 0.96239 1.00000 0.97018 1.00000 0.97018 1.00000 0.98451 1.00000 0.93800 0.80847 0.78178 0.73146 0.68257 0.84140 0.86382 0.76873 0.74345 0.68174 0.75923 0.81275 0.83073 0.81324 0.49332
0.00000 0.89834 1.00000 1.00000 1.00000 1.00000 1.00000 1.00000 1.00000 1.00000 0.91652 0.74454 0.48367 0.79329 0.79815 0.79271 0.75390 0.67329 0.78162 0.81458 0.77905 0.74733 0.65422 0.78800 0.86790
0.45557 1.00000 0.96239 1.00000 0.97018 1.00000 0.97018 1.00000 0.98451 1.00000 0.92603 0.76978 0.61660 0.58538 0.61352 0.75540 0.77560 0.74708 0.68453 0.63768 0.72017 0.77543 0.90335 0.70037 0.77295
0.00000 0.89834 1.00000 1.00000 1.00000 1.00000 1.00000 1.00000 1.00000 1.00000 0.92861 0.77723 0.69506 0.77339 0.81006 0.74794 0.69358 0.63820 0.81346 0.86655 0.86783 0.68336 0.85012 0.89297 0.92082
0.45557 1.00000 0.96239 1.00000 0.97018 1.00000 0.97018 1.00000 0.98451 1.00000 0.97764 0.84116 0.65167 0.73255 0.68875 0.84162 0.80701 0.87401 0.68405 0.67888 0.81680 0.87942 0.82898 0.68083 0.70137
0.00000 0.89834 1.00000 1.00000 1.00000 1.00000 1.00000 1.00000 1.00000 1.00000 0.92604 0.74032 0.64912 0.74165 0.86975 0.80275 0.63773 0.76647 0.84962 0.81592 0.77747 0.75736 0.74625 0.78495 0.79077
0.45557 1.00000 0.96239 1.00000 0.97018 1.00000 0.97018 1.00000 0.98451 1.00000 0.92977 0.74331 0.62343 0.59554 0.43754 0.86726 0.77693 0.76471 0.68673 0.76090 0.79649 0.81477 0.80925 0.69587 0.67402
0.00000 0.89834 1.00000 1.00000 1.00000 1.00000 1.00000 1.00000 1.00000 1.00000 0.92636 0.78056 0.72156 0.78553 0.82455 0.61223 0.72617 0.77182 0.81520 0.77811 0.69375 0.74186 0.82907 0.86245 0.85929
0.45557 1.00000 0.96239 1.00000 0.97018 1.00000 0.97018 1.00000 0.98451 1.00000 0.97764 0.83201 0.59933 0.62077 0.83604 0.85778 0.82761 0.77207 0.69239 0.74051 0.77439 0.72540 0.68038 0.65146 0.68237
0.00000 0.89834 1.00000 1.00000 1.00000 1.00000 1.00000 1.00000 1.00000 1.00000 0.93516 0.78328 0.42393 0.72072 0.68998 0.68776 0.70800 0.76391 0.81716 0.71383 0.69604 0.78597 0.83906 0.83273 0.72345
0.45557 1.00000 0.96239 1.00000 0.97018 1.00000 0.97018 1.00000 0.98451 1.00000 0.93544 0.74801 0.37828 0.57755 0.75658 0.79398 0.77228 0.80704 0.77733 0.81545 0.80083 0.76591 0.59075 0.79576 0.83894
0.00000 0.89834 1.00000 1.00000 1.00000 1.00000 1.00000 1.00000 1.00000 1.00000 0.92655 0.78226 0.55735 0.53557 0.62052 0.63645 0.81049 0.81292 0.75519 0.69197 0.72488 0.77127 0.85718 0.78881 0.44605
0.45557 1.00000 0.96239 1.00000 0.97018 1.00000 0.97018 1.00000 0.98451 1.00000 0.97764 0.77412 0.63829 0.66374 0.81276 0.78401 0.61135 0.63975 0.81442 0.85771 0.83618 0.65679 0.63770 0.86154 0.89229
0.00000 0.89834 1.00000 1.00000 1.00000 1.00000 1.00000 1.00000 1.00000 1.00000 0.96735 0.81255 0.62608 0.72602 0.69748 0.81952 0.83113 0.87920 0.78534 0.61021 0.78059 0.87426 0.83516 0.83842 0.70597
0.45557 1.00000 0.96239 1.00000 0.97018 1.00000 0.97018 1.00000 0.98451 1.00000 0.94389 0.79936 0.29522 0.72548 0.87571 0.80932 0.63877 0.81212 0.86350 0.81211 0.77750 0.68757 0.76816 0.78407 0.82300
0.00000 0.89834 1.00000 1.00000 1.00000 1.00000 1.00000 1.00000 1.00000 1.00000 0.93048 0.78856 0.60960 0.58415 0.43586 0.87030 0.77274 0.76629 0.63837 0.79638 0.71482 0.76792 0.74723 0.61433 0.42037
0.45557 1.00000 0.98026 1.00000 0.98451 1.00000 0.98451 1.00000 1.00000 1.00000 0.96556 0.84838 0.49194 0.70384 0.83163 0.78400 0.58410 0.75291 0.81144 0.80763 0.67846 0.68936 0.78005 0.79857 0.77225
0.00000 0.95852 1.00000 1.00000 1.00000 1.00000 1.00000 1.00000 1.00000 1.00000 0.96094 0.88139 0.69151 0.67010 0.71397 0.83189 0.83472 0.77840 0.79856 0.73300 0.77630 0.87993 0.85749 0.65603 0.70068
0.52806 1.00000 0.97159 1.00000 0.97764 0.96735 0.97764 0.96735 1.00000 0.96094 1.00000 0.42018 0.48358 0.69171 0.70229 0.65582 0.60223 0.72804 0.77470 0.59691 0.81892 0.76837 0.80706 0.81847 0.83512
0.00000 0.53470 1.00000 0.92675 0.90428 0.89061 0.90428 0.89061 0.90428 0.95503 0.47053 0.40566 0.17626 0.21678 0.49265 0.49233 0.61683 0.75170 0.65061 0.79594 0.73869 0.71652 0.58073 0.72483 0.74278
0.00000 0.00000 0.00000 0.00000 0.00000 0.00000 0.00000 0.00000 0.00000 0.00000 0.25767 0.00000 0.15903 0.00000 0.00000 0.44758 0.41447 0.81186 0.66124 0.82197 0.63525 0.74099 0.43718 0.43179 0.27503
