# name=grid_nonrect_buildings field=200x200 stride=8
25 25
0.00000 0.00000 0.00000 0.00000 0.00000 0.00000 0.00000 0.00000 0.00000 0.46755 0.53635 0.58880 0.00000 0.00000 0.00000 0.00000 0.31400 0.55460 0.31854 0.73572 0.47200 0.55809 0.59798 0.64881 0.64881
0.00000 0.53459 0.50276 0.95774 0.47304 0.46969 0.46508 0.48640 0.99402 0.46262 0.52222 0.85214 0.82100 0.78676 0.40616 0.42859 0.49263 0.49902 0.91534 0.84263 0.71756 0.69471 0.73924 0.76521 0.64881
0.00000 0.50622 0.95086 0.95284 0.90146 0.91894 0.94487 0.98612 0.95789 0.93126 0.92872 0.93544 0.95519 0.92942 0.90216 0.84743 0.91673 0.95649 0.92378 0.96029 0.92363 0.96590 0.96894 0.76792 0.79463
0.00000 0.94408 0.94519 0.94659 0.95636 0.96570 0.97713 0.98153 0.98400 0.97461 0.96949 0.94533 0.96181 0.94246 0.95648 0.95693 0.95831 0.96037 0.93380 0.95984 0.96134 0.96440 0.96804 0.77277 0.79463
0.00000 0.44682 0.94511 0.94576 0.95377 0.96390 0.94441 0.93053 0.95271 0.97527 0.97122 0.95103 0.96787 0.94735 0.96400 0.93333 0.93351 0.96406 0.93766 0.96042 0.95836 0.95922 0.96145 0.76632 0.78810
0.00000 0.44553 0.88881 0.94759 0.95509 0.96502 0.94508 0.93626 0.95334 0.97772 0.97337 0.95301 0.97221 0.95137 0.96863 0.93700 0.93560 0.91847 0.93799 0.95755 0.95572 0.95455 0.95573 0.76052 0.77949
0.00000 0.44988 0.91501 0.92321 0.93538 0.94264 0.92610 0.95481 0.98475 0.95608 0.95662 0.97405 0.97358 0.95754 0.94729 0.94340 0.91105 0.93999 0.91465 0.93080 0.93035 0.95138 0.95013 0.77527 0.77254
0.00000 0.46607 0.95434 0.95533 0.91242 0.93066 0.94691 0.97989 0.95751 0.93976 0.94366 0.95302 0.97177 0.95425 0.93315 0.90227 0.93384 0.96511 0.93811 0.95879 0.92446 0.95211 0.95000 0.75628 0.77322
0.00000 0.43971 0.89557 0.92997 0.93465 0.93913 0.93610 0.95057 0.95444 0.93350 0.93731 0.97310 0.97227 0.95575 0.92986 0.92439 0.96685 0.94047 0.91723 0.92157 0.92439 0.95560 0.95589 0.77437 0.77412
0.00000 0.42991 0.90830 0.95332 0.95578 0.91850 0.93333 0.92708 0.92711 0.96934 0.97022 0.95387 0.97026 0.95682 0.97201 0.91321 0.94012 0.93393 0.94420 0.94535 0.96656 0.96553 0.96341 0.77024 0.78527
0.00000 0.40473 0.91768 0.95196 0.92099 0.94887 0.92775 0.92314 0.92612 0.96439 0.96636 0.95466 0.96977 0.95822 0.97240 0.97143 0.94491 0.93091 0.94717 0.96967 0.97007 0.97073 0.97003 0.77802 0.79128
0.00000 0.92851 0.93007 0.95257 0.93085 0.92832 0.93077 0.93294 0.94021 0.94669 0.95166 0.96605 0.96741 0.95852 0.95841 0.95622 0.95230 0.94855 0.94990 0.95251 0.95720 0.97583 0.97609 0.78462 0.79579
0.00000 0.82835 0.95682 0.95466 0.95047 0.94872 0.94704 0.95128 0.95618 0.96274 0.96492 0.96549 0.96501 0.96556 0.96670 0.96957 0.96946 0.96715 0.96604 0.96784 0.97202 0.97510 0.97660 0.97827 0.79903
0.00000 0.93154 0.93468 0.95623 0.93426 0.93192 0.95170 0.93418 0.94318 0.94670 0.95685 0.96378 0.96169 0.95949 0.95071 0.95216 0.94980 0.94711 0.94598 0.96225 0.96038 0.97567 0.97825 0.98239 0.80226
0.00000 0.41501 0.90914 0.96153 0.96154 0.95997 0.93788 0.92235 0.94576 0.96537 0.96688 0.95681 0.96190 0.94912 0.96463 0.96804 0.94926 0.96936 0.95439 0.97006 0.97458 0.97928 0.98277 0.98591 0.80713
0.00000 0.43246 0.87185 0.96653 0.93806 0.96966 0.94481 0.90420 0.94640 0.94404 0.97001 0.94987 0.96525 0.95149 0.96935 0.94379 0.95022 0.91125 0.94819 0.97465 0.95691 0.98366 0.98847 0.99074 0.81238
0.00000 0.45559 0.93429 0.94562 0.94740 0.95035 0.95198 0.94882 0.92416 0.94770 0.95143 0.97043 0.97039 0.95572 0.95172 0.95207 0.95717 0.95117 0.92688 0.95802 0.96509 0.98571 0.98856 0.79171 0.81650
0.00000 0.47595 0.96970 0.97545 0.92870 0.94288 0.94684 0.97385 0.94513 0.93952 0.94409 0.95384 0.97353 0.95690 0.93885 0.90696 0.95562 0.98234 0.95417 0.98218 0.94908 0.98029 0.98131 0.78261 0.80235
0.00000 0.92663 0.93528 0.94715 0.95231 0.95244 0.94584 0.94023 0.91815 0.95037 0.95356 0.97043 0.97092 0.95627 0.95478 0.95500 0.95980 0.95853 0.93485 0.95218 0.95191 0.97181 0.97055 0.77438 0.78850
0.35725 0.66024 0.96946 0.96616 0.96592 0.93078 0.94263 0.97203 0.95221 0.97157 0.94254 0.94764 0.96502 0.94821 0.96599 0.93756 0.94448 0.97420 0.95184 0.96812 0.93736 0.95907 0.95592 0.76166 0.77862
0.46120 0.72147 0.92615 0.96018 0.92868 0.95920 0.94073 0.93859 0.95641 0.93927 0.96709 0.94766 0.95792 0.94285 0.95368 0.95414 0.93486 0.93095 0.94819 0.93385 0.95828 0.95466 0.95113 0.75924 0.00000
0.54585 0.96342 0.95978 0.95493 0.95302 0.95328 0.95722 0.96510 0.97074 0.97003 0.96623 0.95998 0.95528 0.94933 0.94701 0.94529 0.94666 0.95097 0.95542 0.95719 0.95571 0.95315 0.95049 0.77324 0.00000
0.58791 0.72475 0.95936 0.95316 0.95062 0.95103 0.95611 0.96392 0.96985 0.97148 0.96676 0.96054 0.95617 0.95106 0.94400 0.94128 0.93994 0.94452 0.95158 0.95814 0.95637 0.95622 0.95386 0.95236 0.00000
0.64881 0.75271 0.75280 0.75340 0.75666 0.75788 0.75856 0.76242 0.76911 0.77535 0.77555 0.96008 0.95600 0.76305 0.75719 0.75041 0.74569 0.74884 0.94905 0.76100 0.76593 0.95802 0.95586 0.77825 0.00000
0.64881 0.64881 0.78270 0.77603 0.77356 0.77095 0.77737 0.78616 0.79463 0.79155 0.78879 0.78720 0.00000 0.00000 0.00000 0.00000 0.75651 0.76555 0.77412 0.78044 0.00000 0.00000 0.00000 0.00000 0.00000
