# name=mixed_regions field=200x200 stride=8
25 25
0.00000 0.00000 0.50295 0.00000 0.45557 0.00000 0.45557 0.00000 0.45557 0.00000 0.52806 0.00000 0.00000 0.00000 0.00000 0.00000 0.00000 0.00000 0.00000 0.00000 0.00000 0.00000 0.00000 0.00000 0.00000
0.00000 0.52211 1.00000 0.93222 1.00000 0.89834 1.00000 0.89834 1.00000 0.95852 1.00000 0.53470 0.00000 0.00000 0.00000 0.00000 0.00000 0.00000 0.00000 0.00000 0.00000 0.00000 0.00000 0.00000 0.00000
0.50295 1.00000 0.95276 1.00000 0.96239 1.00000 0.96239 1.00000 0.98026 1.00000 0.97159 1.00000 0.00000 0.00000 0.00000 0.00000 0.00000 0.00000 0.00000 0.00000 0.00000 0.00000 0.00000 0.00000 0.00000
0.00000 0.93222 1.00000 1.00000 1.00000 1.00000 1.00000 1.00000 1.00000 1.00000 1.00000 0.89632 0.00000 0.00000 0.00000 0.00000 0.00000 0.00000 0.00000 0.00000 0.00000 0.00000 0.00000 0.00000 0.00000
0.45557 1.00000 0.96239 1.00000 0.97366 1.00000 0.97366 1.00000 0.98451 1.00000 0.97764 0.90428 0.00000 0.00000 0.00000 0.00000 0.00000 0.00000 0.00000 0.00000 0.72079 0.81790 0.88355 0.91028 0.93218
0.00000 0.89834 1.00000 1.00000 1.00000 1.00000 1.00000 1.00000 1.00000 1.00000 0.96735 0.89061 0.00000 0.00000 0.00000 0.00000 0.00000 0.00000 0.00000 0.00000 0.75240 0.85770 0.90233 0.92943 0.92821
0.45557 1.00000 0.96239 1.00000 0.97366 1.00000 0.97366 1.00000 0.98451 1.00000 0.97764 0.90428 0.00000 0.00000 0.00000 0.00000 0.00000 0.00000 0.00000 0.00000 0.79465 0.87192 0.92872 0.92824 0.92740
0.00000 0.89834 1.00000 1.00000 1.00000 1.00000 1.00000 1.00000 1.00000 1.00000 0.96735 0.87958 0.00000 0.00000 0.00000 0.00000 0.00000 0.00000 0.00000 0.00000 0.74851 0.88000 0.91234 0.92848 0.92720
0.45557 1.00000 0.96239 1.00000 0.97366 1.00000 0.97366 1.00000 0.98451 1.00000 0.97764 0.80242 0.00000 0.00000 0.00000 0.00000 0.35645 0.50163 0.69315 0.81261 0.00000 0.00000 0.00000 0.00000 0.00000
0.00000 0.89834 1.00000 1.00000 1.00000 1.00000 1.00000 1.00000 1.00000 1.00000 0.96735 0.82606 0.00000 0.00000 0.00000 0.00000 0.54115 0.69455 0.65810 0.78192 0.00000 0.00000 0.00000 0.00000 0.00000
0.45557 1.00000 0.96239 1.00000 0.97366 1.00000 0.97366 1.00000 0.98451 1.00000 0.95310 0.83603 0.00000 0.00000 0.00000 0.00000 0.56075 0.70224 0.72536 0.82819 0.00000 0.00000 0.00000 0.00000 0.00000
0.00000 0.89834 1.00000 1.00000 1.00000 1.00000 1.00000 1.00000 1.00000 1.00000 0.94351 0.82958 0.00000 0.00000 0.00000 0.00000 0.61028 0.77282 0.74477 0.85053 0.00000 0.00000 0.00000 0.00000 0.00000
0.45557 1.00000 0.96239 1.00000 0.97366 1.00000 0.97366 1.00000 0.98451 1.00000 0.97764 0.89103 0.11976 0.00000 0.00000 0.12138 0.31393 0.65471 0.73849 0.76569 0.00000 0.00000 0.00000 0.00000 0.00000
0.00000 0.89834 1.00000 1.00000 1.00000 1.00000 1.00000 1.00000 1.00000 1.00000 0.96735 0.88188 0.46707 0.41210 0.40215 0.57166 0.68827 0.73505 0.81391 0.62248 0.00000 0.00000 0.00000 0.00000 0.00000
0.45557 1.00000 0.96239 1.00000 0.97366 1.00000 0.97366 1.00000 0.98451 1.00000 0.97764 0.91125 0.41891 0.67729 0.75620 0.77649 0.71112 0.80656 0.84896 0.74718 0.00000 0.00000 0.00000 0.00000 0.00000
0.00000 0.89834 1.00000 1.00000 1.00000 1.00000 1.00000 1.00000 1.00000 1.00000 0.96735 0.90248 0.49703 0.81896 0.85376 0.81537 0.75765 0.75768 0.79758 0.71300 0.00000 0.00000 0.00000 0.00000 0.00000
0.45557 1.00000 0.96239 1.00000 0.97366 1.00000 0.97366 1.00000 0.98451 1.00000 0.97764 0.91467 0.00000 0.00000 0.00000 0.00000 0.00000 0.00000 0.00000 0.00000 0.00000 0.00000 0.00000 0.00000 0.00000
0.00000 0.89834 1.00000 1.00000 1.00000 1.00000 1.00000 1.00000 1.00000 1.00000 0.96735 0.90189 0.00000 0.00000 0.00000 0.00000 0.00000 0.00000 0.00000 0.00000 0.00000 0.00000 0.00000 0.00000 0.00000
0.45557 1.00000 0.98171 1.00000 0.98885 1.00000 0.98885 1.00000 1.00000 1.00000 1.00000 0.83625 0.00000 0.00000 0.00000 0.00000 0.00000 0.00000 0.00000 0.00000 0.00000 0.00000 0.00000 0.00000 0.00000
0.34694 0.96767 1.00000 1.00000 1.00000 1.00000 1.00000 1.00000 1.00000 1.00000 0.97195 0.90097 0.00000 0.00000 0.00000 0.00000 0.00000 0.00000 0.00000 0.00000 0.00000 0.00000 0.00000 0.00000 0.00000
0.72302 1.00000 0.98488 1.00000 0.98815 1.00000 0.98815 1.00000 1.00000 1.00000 1.00000 0.85667 0.00000 0.00000 0.00000 0.00000 0.00000 0.00000 0.00000 0.00000 0.00000 0.00000 0.00000 0.00000 0.00000
0.53881 0.97255 1.00000 1.00000 1.00000 1.00000 1.00000 1.00000 1.00000 1.00000 0.97418 0.89534 0.00000 0.00000 0.00000 0.00000 0.00000 0.00000 0.00000 0.00000 0.00000 0.00000 0.00000 0.00000 0.00000
0.74699 1.00000 1.00000 1.00000 1.00000 1.00000 1.00000 1.00000 1.00000 1.00000 1.00000 0.69841 0.00000 0.00000 0.00000 0.00000 0.00000 0.00000 0.00000 0.00000 0.00000 0.00000 0.00000 0.00000 0.00000
0.62600 0.77956 1.00000 1.00000 1.00000 1.00000 1.00000 1.00000 1.00000 1.00000 0.78170 0.77646 0.00000 0.00000 0.00000 0.00000 0.00000 0.00000 0.00000 0.00000 0.00000 0.00000 0.00000 0.00000 0.00000
0.00000 0.00000 0.00000 0.00000 0.00000 0.00000 0.00000 0.00000 0.00000 0.00000 0.00000 0.00000 0.00000 0.00000 0.00000 0.00000 0.00000 0.00000 0.00000 0.00000 0.00000 0.00000 0.00000 0.00000 0.00000
