# name=organic_walks field=200x200 stride=8
25 25
0.00000 0.00000 0.00000 0.00000 0.00000 0.00000 0.00000 0.00000 0.31057 0.28951 0.27105 0.00000 0.00000 0.00000 0.00000 0.00000 0.00000 0.00000 0.00000 0.00000 0.00000 0.00000 0.00000 0.00000 0.00000
0.00000 0.00000 0.00000 0.00000 0.00000 0.00000 0.00000 0.00000 0.49205 0.47384 0.25606 0.22105 0.00000 0.00000 0.00000 0.00000 0.00000 0.00000 0.00000 0.00000 0.00000 0.00000 0.00000 0.00000 0.00000
0.00000 0.00000 0.00000 0.00000 0.00000 0.00000 0.00000 0.00000 0.47227 0.45196 0.40798 0.19781 0.00000 0.00000 0.00000 0.00000 0.00000 0.00000 0.00000 0.00000 0.00000 0.00000 0.00000 0.00000 0.00000
0.00000 0.00000 0.00000 0.00000 0.00000 0.00000 0.00000 0.00000 0.44870 0.57127 0.55721 0.41930 0.00000 0.00000 0.00000 0.00000 0.00000 0.00000 0.00000 0.00000 0.00000 0.00000 0.00000 0.00000 0.00000
0.00000 0.00000 0.00000 0.00000 0.00000 0.00000 0.00000 0.00000 0.72860 0.75396 0.52351 0.24722 0.00000 0.00000 0.00000 0.00000 0.00000 0.00000 0.00000 0.00000 0.56351 0.78143 0.95363 0.95228 0.95089
0.00000 0.00000 0.00000 0.00000 0.00000 0.00000 0.00000 0.00000 0.75006 0.75055 0.66935 0.12722 0.00000 0.00000 0.00000 0.00000 0.00000 0.00000 0.00000 0.00000 0.59278 0.79380 0.90202 0.93830 0.93823
0.00000 0.00000 0.00000 0.00000 0.00000 0.00000 0.00000 0.00000 0.58931 0.54823 0.45594 0.51242 0.00000 0.00000 0.00000 0.00000 0.00000 0.00000 0.00000 0.00000 0.63811 0.82870 0.92748 0.92852 0.92948
0.00000 0.00000 0.00000 0.00000 0.00000 0.00000 0.00000 0.00000 0.60280 0.45601 0.44288 0.55057 0.00000 0.00000 0.00000 0.00000 0.00000 0.00000 0.00000 0.00000 0.65251 0.81682 0.89289 0.91578 0.91708
0.00000 0.00000 0.00000 0.00000 0.44817 0.62015 0.66675 0.47105 0.00000 0.00000 0.00000 0.00000 0.29046 0.37009 0.50581 0.25416 0.00000 0.00000 0.00000 0.00000 0.00000 0.00000 0.00000 0.00000 0.00000
0.00000 0.00000 0.00000 0.00000 0.40472 0.59220 0.54030 0.67086 0.00000 0.00000 0.00000 0.00000 0.41355 0.49145 0.51236 0.53954 0.00000 0.00000 0.00000 0.00000 0.00000 0.00000 0.00000 0.00000 0.00000
0.00000 0.00000 0.00000 0.00000 0.45215 0.36841 0.57403 0.58997 0.00000 0.00000 0.00000 0.00000 0.60540 0.64875 0.71328 0.77543 0.00000 0.00000 0.00000 0.00000 0.00000 0.00000 0.00000 0.00000 0.00000
0.00000 0.00000 0.00000 0.00000 0.35342 0.28298 0.12030 0.15058 0.00000 0.00000 0.00000 0.00000 0.68047 0.74816 0.74325 0.84959 0.00000 0.00000 0.00000 0.00000 0.00000 0.00000 0.00000 0.00000 0.00000
0.00000 0.00000 0.00000 0.00000 0.26801 0.14816 0.36690 0.29606 0.00000 0.00000 0.00000 0.00000 0.80084 0.81258 0.83213 0.87940 0.63664 0.68401 0.70301 0.69688 0.72350 0.76753 0.81931 0.84044 0.92036
0.00000 0.00000 0.00000 0.00000 0.44713 0.58444 0.73502 0.68581 0.00000 0.00000 0.00000 0.00000 0.58450 0.76053 0.78681 0.83452 0.62929 0.66945 0.68483 0.73710 0.72063 0.87277 0.85668 0.87177 0.92594
0.00000 0.00000 0.00000 0.00000 0.65556 0.67923 0.78685 0.79071 0.00000 0.00000 0.00000 0.00000 0.45800 0.67982 0.70982 0.66031 0.52565 0.52644 0.58068 0.57246 0.75813 0.83106 0.82209 0.86965 0.93517
0.00000 0.00000 0.00000 0.00000 0.73993 0.81204 0.78479 0.79733 0.00000 0.00000 0.00000 0.00000 0.28321 0.32307 0.61348 0.60288 0.28570 0.55494 0.62435 0.70761 0.67439 0.74781 0.84579 0.88375 0.93707
0.00000 0.00000 0.24030 0.25007 0.70496 0.73984 0.54814 0.56292 0.00000 0.00000 0.00000 0.00000 0.07584 0.06265 0.00000 0.00000 0.50098 0.36334 0.59563 0.65040 0.00000 0.00000 0.00000 0.00000 0.00000
0.00000 0.00000 0.30037 0.46889 0.63135 0.49190 0.49388 0.55885 0.00000 0.00000 0.00000 0.00000 0.35575 0.08014 0.00000 0.13941 0.41863 0.30330 0.49881 0.69752 0.00000 0.00000 0.00000 0.00000 0.00000
0.00000 0.00000 0.24855 0.43031 0.34875 0.49810 0.42077 0.61921 0.00000 0.00000 0.00000 0.00000 0.41321 0.12312 0.07614 0.07049 0.37765 0.56219 0.64691 0.73065 0.00000 0.00000 0.00000 0.00000 0.00000
0.00000 0.00000 0.00000 0.42155 0.33697 0.33590 0.70851 0.80930 0.00000 0.00000 0.00000 0.00000 0.44950 0.33795 0.26808 0.44457 0.65953 0.76129 0.72489 0.77016 0.00000 0.00000 0.00000 0.00000 0.00000
0.00000 0.00000 0.00000 0.00000 0.00000 0.00000 0.00000 0.00000 0.85776 0.90310 0.92476 0.90094 0.00000 0.00000 0.00000 0.00000 0.00000 0.00000 0.00000 0.00000 0.00000 0.00000 0.00000 0.00000 0.00000
0.00000 0.00000 0.00000 0.00000 0.00000 0.00000 0.00000 0.00000 0.90767 0.92627 0.93253 0.91838 0.00000 0.00000 0.00000 0.00000 0.00000 0.00000 0.00000 0.00000 0.00000 0.00000 0.00000 0.00000 0.00000
0.00000 0.00000 0.00000 0.00000 0.00000 0.00000 0.00000 0.00000 0.94804 0.94569 0.94375 0.92922 0.00000 0.00000 0.00000 0.00000 0.00000 0.00000 0.00000 0.00000 0.00000 0.00000 0.00000 0.00000 0.00000
0.00000 0.00000 0.00000 0.00000 0.00000 0.00000 0.00000 0.00000 0.94868 0.94622 0.94401 0.94253 0.00000 0.00000 0.00000 0.00000 0.00000 0.00000 0.00000 0.00000 0.00000 0.00000 0.00000 0.00000 0.00000
0.00000 0.00000 0.00000 0.00000 0.00000 0.00000 0.00000 0.00000 0.77539 0.77337 0.77129 0.62717 0.00000 0.00000 0.00000 0.00000 0.00000 0.00000 0.00000 0.00000 0.00000 0.00000 0.00000 0.00000 0.00000
