# name=rect_rotated_scattered field=200x200 stride=8
25 25
0.00000 0.00000 0.00000 0.00000 0.00000 0.00000 0.00000 0.00000 0.00000 0.00000 0.00000 0.00000 0.00000 0.00000 0.00000 0.00000 0.00000 0.00000 0.00000 0.00000 0.00000 0.00000 0.00000 0.00000 0.00000
0.00000 0.00000 0.00000 0.00000 0.00000 0.00000 0.00000 0.00000 0.00000 0.00000 0.00000 0.00000 0.00000 0.00000 0.00000 0.00000 0.00000 0.00000 0.00000 0.00000 0.00000 0.00000 0.00000 0.00000 0.00000
0.00000 0.00000 0.00000 0.00000 0.00000 0.00000 0.00000 0.00000 0.00000 0.00000 0.00000 0.00000 0.00000 0.00000 0.00000 0.00000 0.00000 0.00000 0.00000 0.00000 0.00000 0.00000 0.00000 0.00000 0.00000
0.00000 0.00000 0.00000 0.00000 0.00000 0.00000 0.00000 0.00000 0.00000 0.00000 0.00000 0.00000 0.00000 0.00000 0.00000 0.00000 0.00000 0.00000 0.00000 0.00000 0.00000 0.00000 0.00000 0.00000 0.00000
0.00000 0.00000 0.00000 0.00000 0.00000 0.56104 0.69913 0.78049 0.91763 0.95728 0.96480 0.73361 0.78455 0.34650 0.00000 0.00000 0.00000 0.24220 0.00000 0.00000 0.35255 0.40682 0.48009 0.56246 0.00000
0.00000 0.00000 0.00000 0.00000 0.00000 0.59831 0.71297 0.77766 0.90062 0.92132 0.88940 0.81238 0.44509 0.48160 0.37069 0.00000 0.00000 0.00000 0.00000 0.36074 0.61878 0.68657 0.74618 0.79385 0.00000
0.00000 0.00000 0.00000 0.00000 0.34768 0.40027 0.71703 0.71851 0.84073 0.76974 0.78088 0.68336 0.29663 0.54613 0.42359 0.15178 0.00000 0.00000 0.36621 0.67605 0.74988 0.80942 0.84240 0.87456 0.00000
0.00000 0.00000 0.00000 0.00000 0.52827 0.54684 0.25971 0.39001 0.71132 0.67867 0.60234 0.30798 0.61716 0.32727 0.25771 0.16843 0.07818 0.00000 0.67499 0.78408 0.82335 0.88948 0.90239 0.94978 0.00000
0.00000 0.00000 0.00000 0.00000 0.00000 0.00000 0.00000 0.00000 0.15579 0.38595 0.80351 0.77649 0.72802 0.75153 0.80123 0.49004 0.00000 0.00000 0.52752 0.71968 0.00000 0.00000 0.00000 0.00000 0.00000
0.00000 0.00000 0.00000 0.00000 0.00000 0.00000 0.00000 0.00000 0.59750 0.75224 0.85905 0.82171 0.78908 0.86413 0.84133 0.70191 0.00000 0.00000 0.51251 0.66249 0.00000 0.00000 0.00000 0.00000 0.00000
0.00000 0.00000 0.00000 0.00000 0.00000 0.00000 0.00000 0.00000 0.72064 0.90425 0.87281 0.86296 0.83034 0.87534 0.82954 0.63474 0.00000 0.00000 0.52248 0.70995 0.00000 0.00000 0.00000 0.00000 0.00000
0.00000 0.00000 0.00000 0.00000 0.00000 0.00000 0.00000 0.00000 0.65362 0.86920 0.85711 0.81500 0.87498 0.85479 0.91433 0.75768 0.49789 0.59725 0.52929 0.53248 0.00000 0.00000 0.00000 0.00000 0.00000
0.00000 0.00000 0.25807 0.30626 0.00000 0.00000 0.00000 0.00000 0.48709 0.67634 0.63011 0.56144 0.42439 0.34831 0.55550 0.66203 0.00000 0.00000 0.00000 0.00000 0.75564 0.84969 0.90172 0.92506 0.00000
0.00000 0.00000 0.00000 0.48667 0.00000 0.00000 0.00000 0.00000 0.40274 0.69958 0.65717 0.62605 0.40431 0.48702 0.52594 0.35312 0.00000 0.00000 0.00000 0.00000 0.76190 0.84786 0.89906 0.92424 0.00000
0.00000 0.00000 0.00000 0.15176 0.00000 0.00000 0.00000 0.00000 0.60172 0.55985 0.38865 0.56891 0.45118 0.44647 0.28992 0.41586 0.00000 0.00000 0.00000 0.00000 0.80585 0.90167 0.92623 0.93781 0.00000
0.00000 0.00000 0.00000 0.13351 0.00000 0.00000 0.00000 0.00000 0.56383 0.36334 0.36495 0.33062 0.17634 0.51029 0.33430 0.45925 0.00000 0.00000 0.00000 0.00000 0.73324 0.86246 0.91290 0.95096 0.00000
0.00000 0.00000 0.00000 0.00000 0.00000 0.00000 0.00000 0.00000 0.63203 0.71779 0.50739 0.37565 0.00000 0.00000 0.00000 0.00000 0.00000 0.00000 0.00000 0.00000 0.61694 0.78012 0.89274 0.95777 0.78263
0.00000 0.00000 0.00000 0.00000 0.00000 0.00000 0.00000 0.00000 0.71768 0.72617 0.70608 0.68875 0.00000 0.00000 0.00000 0.00000 0.00000 0.00000 0.00000 0.00000 0.43818 0.60783 0.70966 0.78686 0.78634
0.00000 0.00000 0.00000 0.00000 0.00000 0.00000 0.00000 0.00000 0.75593 0.76984 0.71254 0.62717 0.00000 0.00000 0.00000 0.00000 0.00000 0.00000 0.00000 0.00000 0.56335 0.75839 0.86875 0.78988 0.78949
0.00000 0.00000 0.00000 0.00000 0.00000 0.00000 0.00000 0.00000 0.77361 0.76721 0.76356 0.70805 0.00000 0.00000 0.00000 0.00000 0.00000 0.00000 0.00000 0.00000 0.74613 0.79728 0.87938 0.97034 0.64863
0.00000 0.00000 0.00000 0.00000 0.00000 0.00000 0.00000 0.00000 0.00000 0.00000 0.00000 0.00000 0.77490 0.79903 0.71556 0.65388 0.31947 0.37035 0.16509 0.24975 0.00000 0.00000 0.00000 0.00000 0.00000
0.00000 0.00000 0.00000 0.00000 0.00000 0.00000 0.00000 0.00000 0.00000 0.00000 0.00000 0.00000 0.86371 0.88338 0.82475 0.79008 0.35689 0.31807 0.55576 0.28148 0.00000 0.00000 0.00000 0.00000 0.00000
0.00000 0.00000 0.00000 0.00000 0.00000 0.00000 0.00000 0.00000 0.00000 0.00000 0.00000 0.00000 0.93465 0.93401 0.89635 0.87083 0.46263 0.43949 0.61966 0.22741 0.00000 0.00000 0.00000 0.00000 0.00000
0.00000 0.00000 0.00000 0.00000 0.00000 0.00000 0.00000 0.00000 0.00000 0.00000 0.00000 0.00000 0.95905 0.95573 0.95363 0.94708 0.55135 0.50631 0.69076 0.23544 0.00000 0.00000 0.00000 0.00000 0.00000
0.00000 0.64466 0.64466 0.64466 0.96059 0.95310 0.94312 0.93490 0.00000 0.00000 0.00000 0.00000 0.00000 0.00000 0.00000 0.00000 0.00000 0.00000 0.00000 0.00000 0.00000 0.00000 0.00000 0.00000 0.00000
