# name=grid_sheared field=200x200 stride=8
25 25
0.76654 0.76189 0.85076 0.85036 0.90156 0.89047 0.92460 0.89047 0.92460 0.89047 0.92460 0.89047 0.92460 0.89047 0.92460 0.89047 0.92460 0.89047 0.92460 0.89047 0.92460 0.92456 0.92454 0.92447 0.12722
0.82199 0.81061 0.88992 0.83850 0.90810 0.87714 0.90641 0.87714 0.90641 0.87714 0.90641 0.87714 0.90641 0.87714 0.90641 0.87714 0.90641 0.87714 0.90641 0.87714 0.90641 0.90224 0.90225 0.89044 0.54897
0.81524 0.88856 0.90131 0.91267 0.90336 0.92371 0.90287 0.92371 0.90287 0.92371 0.90287 0.92371 0.90287 0.92371 0.90287 0.92371 0.90287 0.92371 0.90287 0.92371 0.90287 0.92368 0.89875 0.92364 0.54864
0.89566 0.86748 0.89506 0.90462 0.90816 0.91014 0.90722 0.91014 0.90722 0.91014 0.90722 0.91014 0.90722 0.91014 0.90722 0.91014 0.90722 0.91014 0.90722 0.91014 0.90722 0.92324 0.90433 0.92308 0.82704
0.81857 0.91608 0.91917 0.92463 0.90521 0.92303 0.90450 0.92303 0.90450 0.92303 0.90450 0.92303 0.90450 0.92303 0.90450 0.92303 0.90450 0.92303 0.90450 0.92303 0.90450 0.92303 0.90242 0.89894 0.92314
0.74985 0.90387 0.90505 0.92384 0.90604 0.90840 0.90604 0.90840 0.90604 0.90840 0.90604 0.90840 0.90604 0.90840 0.90604 0.90840 0.90604 0.90840 0.90604 0.90840 0.90604 0.90840 0.90455 0.90530 0.83614
0.81411 0.84503 0.89384 0.89014 0.92293 0.88563 0.92293 0.88563 0.92293 0.88563 0.92293 0.88563 0.92293 0.88563 0.92293 0.88563 0.92293 0.88563 0.92293 0.88563 0.92293 0.88563 0.92392 0.88071 0.90529
0.71720 0.84636 0.87454 0.87945 0.90931 0.90666 0.90931 0.90666 0.90931 0.90666 0.90931 0.90666 0.90931 0.90666 0.90931 0.90666 0.90931 0.90666 0.90931 0.90666 0.90931 0.90746 0.92480 0.91907 0.86194
0.69834 0.82189 0.87288 0.88059 0.90819 0.90651 0.92292 0.90651 0.92292 0.90651 0.92292 0.90651 0.92292 0.90651 0.92292 0.90651 0.92292 0.90651 0.92292 0.90651 0.92292 0.90757 0.91681 0.89333 0.88203
0.78307 0.85202 0.89222 0.87394 0.90936 0.90604 0.90840 0.90604 0.90840 0.90604 0.90840 0.90604 0.90840 0.90604 0.90840 0.90604 0.90840 0.90604 0.90840 0.90604 0.90840 0.90144 0.89620 0.88151 0.84650
0.81165 0.86962 0.88322 0.91217 0.88611 0.92293 0.88563 0.92293 0.88563 0.92293 0.88563 0.92293 0.88563 0.92293 0.88563 0.92293 0.88563 0.92293 0.88563 0.92293 0.88563 0.90767 0.84895 0.89018 0.77331
0.89525 0.86665 0.89446 0.90417 0.90761 0.90931 0.90666 0.90931 0.90666 0.90931 0.90666 0.90931 0.90666 0.90931 0.90666 0.90931 0.90666 0.90931 0.90666 0.90931 0.90666 0.90584 0.87826 0.86804 0.81792
0.82279 0.91640 0.90692 0.92455 0.90722 0.92292 0.90651 0.92292 0.90651 0.92292 0.90651 0.92292 0.90651 0.92292 0.90651 0.92292 0.90651 0.92292 0.90651 0.92292 0.90651 0.92292 0.87655 0.88682 0.84281
0.74985 0.90387 0.90505 0.92384 0.90604 0.90840 0.90604 0.90840 0.90604 0.90840 0.90604 0.90840 0.90604 0.90840 0.90604 0.90840 0.90604 0.90840 0.90604 0.90840 0.90604 0.90840 0.88843 0.87296 0.84138
0.81411 0.84503 0.89384 0.89014 0.92293 0.88563 0.92293 0.88563 0.92293 0.88563 0.92293 0.88563 0.92293 0.88563 0.92293 0.88563 0.92293 0.88563 0.92293 0.88563 0.92293 0.88563 0.92392 0.88071 0.90287
0.71720 0.84636 0.87454 0.87945 0.90931 0.90666 0.90931 0.90666 0.90931 0.90666 0.90931 0.90666 0.90931 0.90666 0.90931 0.90666 0.90931 0.90666 0.90931 0.90666 0.90931 0.90746 0.92480 0.91907 0.86194
0.69834 0.82189 0.87288 0.88059 0.90819 0.90651 0.92292 0.90651 0.92292 0.90651 0.92292 0.90651 0.92292 0.90651 0.92292 0.90651 0.92292 0.90651 0.92292 0.90651 0.92292 0.90757 0.91681 0.89333 0.88203
0.78307 0.85202 0.89222 0.87394 0.90936 0.90604 0.90840 0.90604 0.90840 0.90604 0.90840 0.90604 0.90840 0.90604 0.90840 0.90604 0.90840 0.90604 0.90840 0.90604 0.90840 0.90144 0.89620 0.88151 0.84650
0.81165 0.86962 0.88322 0.91217 0.88611 0.92293 0.88563 0.92293 0.88563 0.92293 0.88563 0.92293 0.88563 0.92293 0.88563 0.92293 0.88563 0.92293 0.88563 0.92293 0.88563 0.90767 0.84895 0.89018 0.77331
0.89525 0.86665 0.89446 0.90417 0.90761 0.90931 0.90666 0.90931 0.90666 0.90931 0.90666 0.90931 0.90666 0.90931 0.90666 0.90931 0.90666 0.90931 0.90666 0.90931 0.90666 0.90584 0.87826 0.86804 0.81792
0.82279 0.91640 0.90692 0.92455 0.90722 0.92292 0.90651 0.92292 0.90651 0.92292 0.90651 0.92292 0.90651 0.92292 0.90651 0.92292 0.90651 0.92292 0.90651 0.92292 0.90651 0.92292 0.87655 0.88682 0.84281
0.80957 0.92610 0.92497 0.92409 0.92314 0.90762 0.92314 0.90762 0.92314 0.90762 0.92314 0.90762 0.92314 0.90762 0.92314 0.90762 0.92314 0.90762 0.92314 0.90762 0.92314 0.90762 0.90528 0.86828 0.86165
0.87941 0.89170 0.92399 0.90150 0.92313 0.87901 0.92313 0.87901 0.92313 0.87901 0.92313 0.87901 0.92313 0.87901 0.92313 0.87901 0.92313 0.87901 0.92313 0.87901 0.92313 0.87901 0.92312 0.86918 0.89430
0.32113 0.92337 0.89667 0.92341 0.82390 0.89252 0.82390 0.89252 0.82390 0.89252 0.82390 0.89252 0.82390 0.89252 0.82390 0.89252 0.82390 0.89252 0.82390 0.89252 0.82390 0.89252 0.84449 0.88563 0.31499
0.13138 0.33005 0.92360 0.52550 0.83422 0.54178 0.83422 0.54178 0.83422 0.54178 0.83422 0.54178 0.83422 0.54178 0.83422 0.54178 0.83422 0.54178 0.83422 0.54178 0.83422 0.54178 0.83422 0.31865 0.32482
