# name=mixed_regions field=200x200 stride=8
25 25
0.00000 0.00000 0.33530 0.00000 0.30371 0.00000 0.30371 0.00000 0.30371 0.00000 0.35204 0.00000 0.00000 0.00000 0.00000 0.00000 0.00000 0.00000 0.00000 0.00000 0.00000 0.00000 0.00000 0.00000 0.00000
0.00000 0.34807 1.00000 0.93222 1.00000 0.89834 1.00000 0.89834 1.00000 0.95852 1.00000 0.35647 0.24257 0.00000 0.00000 0.00000 0.00000 0.00000 0.00000 0.00000 0.00000 0.00000 0.00000 0.00000 0.00000
0.33530 1.00000 0.95276 1.00000 0.96239 1.00000 0.96239 1.00000 0.98026 1.00000 0.97159 1.00000 0.23566 0.18551 0.00000 0.00000 0.00000 0.00000 0.00000 0.00000 0.05698 0.43492 0.51025 0.09263 0.04102
0.00000 0.93222 1.00000 1.00000 1.00000 1.00000 1.00000 1.00000 1.00000 1.00000 1.00000 0.85127 0.22634 0.18197 0.00000 0.00000 0.00000 0.00000 0.00000 0.04843 0.05000 0.39369 0.48657 0.54839 0.22212
0.30371 1.00000 0.96239 1.00000 0.97018 1.00000 0.97018 1.00000 0.98451 1.00000 0.97764 0.90428 0.22071 0.06936 0.00000 0.00000 0.00000 0.00000 0.01236 0.00000 0.30561 0.38458 0.46937 0.51577 0.20902
0.00000 0.89834 1.00000 1.00000 1.00000 1.00000 1.00000 1.00000 1.00000 1.00000 0.96735 0.89061 0.08617 0.13276 0.00000 0.00000 0.10027 0.00829 0.00000 0.00000 0.30966 0.40067 0.48976 0.31703 0.19894
0.30371 1.00000 0.96239 1.00000 0.97018 1.00000 0.97018 1.00000 0.98451 1.00000 0.97764 0.90428 0.08152 0.12782 0.00000 0.17163 0.13227 0.26156 0.00000 0.00000 0.05160 0.36438 0.25375 0.28440 0.32249
0.00000 0.89834 1.00000 1.00000 1.00000 1.00000 1.00000 1.00000 1.00000 1.00000 0.96735 0.86579 0.22818 0.05920 0.00000 0.13689 0.15773 0.17315 0.06089 0.16894 0.00000 0.04279 0.04788 0.01970 0.02237
0.30371 1.00000 0.96239 1.00000 0.97018 1.00000 0.97018 1.00000 0.98451 1.00000 0.97764 0.75440 0.32282 0.22058 0.00000 0.07298 0.09586 0.18035 0.27886 0.20214 0.10987 0.00000 0.04168 0.04374 0.00000
0.00000 0.89834 1.00000 1.00000 1.00000 1.00000 1.00000 1.00000 1.00000 1.00000 0.96735 0.74397 0.33631 0.19757 0.11460 0.21161 0.22563 0.23459 0.10562 0.22771 0.21998 0.00000 0.00000 0.00000 0.00000
0.30371 1.00000 0.96239 1.00000 0.97018 1.00000 0.97018 1.00000 0.98451 1.00000 0.91378 0.72837 0.32839 0.40854 0.12559 0.22279 0.23705 0.42208 0.23370 0.22628 0.21973 0.00000 0.00000 0.00000 0.00000
0.00000 0.89834 1.00000 1.00000 1.00000 1.00000 1.00000 1.00000 1.00000 1.00000 0.90363 0.72492 0.49570 0.41646 0.13142 0.12979 0.23804 0.47473 0.25241 0.12041 0.05662 0.00000 0.00000 0.00000 0.00000
0.30371 1.00000 0.96239 1.00000 0.97018 1.00000 0.97018 1.00000 0.98451 1.00000 0.97764 0.80870 0.29674 0.09586 0.00000 0.05568 0.04596 0.42640 0.22866 0.51351 0.18884 0.08004 0.08633 0.08583 0.00000
0.00000 0.89834 1.00000 1.00000 1.00000 1.00000 1.00000 1.00000 1.00000 1.00000 0.96735 0.83326 0.23944 0.07370 0.02042 0.02101 0.11122 0.12545 0.42643 0.46927 0.23120 0.23479 0.09677 0.01986 0.00000
0.30371 1.00000 0.96239 1.00000 0.97018 1.00000 0.97018 1.00000 0.98451 1.00000 0.97764 0.83014 0.08020 0.41296 0.02650 0.02414 0.02014 0.18710 0.22049 0.14095 0.26934 0.14818 0.02428 0.02195 0.00000
0.00000 0.89834 1.00000 1.00000 1.00000 1.00000 1.00000 1.00000 1.00000 1.00000 0.96735 0.79300 0.08451 0.51027 0.07113 0.06228 0.05454 0.04486 0.13375 0.14605 0.28690 0.31353 0.31295 0.07379 0.07574
0.30371 1.00000 0.96239 1.00000 0.97018 1.00000 0.97018 1.00000 0.98451 1.00000 0.97764 0.78802 0.08415 0.54765 0.07720 0.07049 0.06417 0.05498 0.04680 0.04886 0.06271 0.17604 0.06960 0.06867 0.06973
0.00000 0.89834 1.00000 1.00000 1.00000 1.00000 1.00000 1.00000 1.00000 1.00000 0.96735 0.79836 0.08181 0.60123 0.12480 0.11795 0.05776 0.05013 0.15040 0.16391 0.05628 0.05313 0.00000 0.00000 0.00000
0.30371 1.00000 0.96239 1.00000 0.97018 1.00000 0.97018 1.00000 0.98451 1.00000 0.97764 0.88365 0.56458 0.28029 0.09912 0.38404 0.36147 0.04147 0.01211 0.32861 0.21807 0.00000 0.00000 0.00000 0.00000
0.00000 0.89834 1.00000 1.00000 1.00000 1.00000 1.00000 1.00000 1.00000 1.00000 0.96735 0.82541 0.56382 0.27311 0.17095 0.41273 0.37883 0.14218 0.00000 0.22732 0.14211 0.00000 0.00000 0.00000 0.00000
0.30371 1.00000 0.98026 1.00000 0.98451 1.00000 0.98451 1.00000 1.00000 1.00000 1.00000 0.76228 0.06922 0.26270 0.07548 0.06353 0.05568 0.15117 0.15481 0.17085 0.16840 0.17489 0.00000 0.00000 0.00000
0.00000 0.95852 1.00000 1.00000 1.00000 1.00000 1.00000 1.00000 1.00000 1.00000 0.96094 0.79181 0.07290 0.05887 0.08640 0.07127 0.15919 0.14839 0.16297 0.18005 0.17795 0.00000 0.00000 0.00000 0.00000
0.35204 1.00000 0.97159 1.00000 0.97764 0.96735 0.97764 0.96735 1.00000 0.96094 1.00000 0.28440 0.07793 0.00000 0.00000 0.07972 0.16330 0.06830 0.00000 0.16885 0.17919 0.00000 0.00000 0.00000 0.00000
0.00000 0.35647 1.00000 0.92675 0.90428 0.89061 0.90428 0.89061 0.90428 0.95503 0.34879 0.36684 0.00000 0.00000 0.00000 0.00000 0.06474 0.00000 0.00000 0.00000 0.00000 0.00000 0.00000 0.00000 0.00000
0.00000 0.00000 0.00000 0.00000 0.00000 0.00000 0.00000 0.00000 0.00000 0.00000 0.00000 0.00000 0.00000 0.00000 0.00000 0.00000 0.00000 0.00000 0.00000 0.00000 0.00000 0.00000 0.00000 0.00000 0.00000
