# name=two_districts field=200x200 stride=8
25 25
0.00000 0.13417 0.33530 0.31490 0.67514 0.66464 0.67514 0.66464 0.67514 0.31282 0.28305 0.07444 0.19241 0.18949 0.59337 0.59493 0.60882 0.66503 0.72985 0.66823 0.26309 0.59924 0.72911 0.77702 0.25599
0.13417 0.34807 1.00000 0.93222 1.00000 0.89834 1.00000 0.89834 1.00000 0.95852 0.85712 0.23118 0.55622 0.54046 0.55236 0.62937 0.68041 0.70284 0.71386 0.69197 0.68908 0.74148 0.72291 0.72585 0.73557
0.33530 1.00000 0.95276 1.00000 0.96239 1.00000 0.96239 1.00000 0.98026 1.00000 0.87762 0.67682 0.66645 0.57848 0.62362 0.66486 0.70183 0.73049 0.73356 0.69896 0.68948 0.74472 0.70403 0.70772 0.70228
0.31490 0.93222 1.00000 1.00000 1.00000 1.00000 1.00000 1.00000 1.00000 1.00000 0.94416 0.75084 0.63581 0.61953 0.67345 0.69337 0.70530 0.72578 0.74001 0.74002 0.72455 0.73309 0.73832 0.72703 0.70734
0.67612 1.00000 0.96239 1.00000 0.97018 1.00000 0.97018 1.00000 0.98451 1.00000 0.93086 0.72050 0.62512 0.65789 0.72701 0.72066 0.73230 0.73863 0.72906 0.73161 0.73762 0.73714 0.72366 0.69364 0.63853
0.66464 0.89834 1.00000 1.00000 1.00000 1.00000 1.00000 1.00000 1.00000 1.00000 0.90741 0.68321 0.49110 0.66218 0.72050 0.72634 0.71965 0.72656 0.73034 0.73796 0.73377 0.74268 0.74473 0.71362 0.68346
0.67612 1.00000 0.96239 1.00000 0.97018 1.00000 0.97018 1.00000 0.98451 1.00000 0.91685 0.74690 0.54418 0.66996 0.75003 0.73398 0.73772 0.73927 0.71180 0.72950 0.71935 0.74245 0.72785 0.71217 0.69300
0.66464 0.89834 1.00000 1.00000 1.00000 1.00000 1.00000 1.00000 1.00000 1.00000 0.92159 0.73089 0.53654 0.61282 0.72105 0.71695 0.72470 0.74605 0.73402 0.73893 0.73689 0.73840 0.71933 0.71235 0.69950
0.67612 1.00000 0.96239 1.00000 0.97018 1.00000 0.97018 1.00000 0.98451 1.00000 0.97764 0.76262 0.50647 0.67425 0.71209 0.71908 0.74092 0.73477 0.72644 0.73179 0.73706 0.72893 0.71762 0.71067 0.68846
0.66464 0.89834 1.00000 1.00000 1.00000 1.00000 1.00000 1.00000 1.00000 1.00000 0.90964 0.68087 0.55276 0.69568 0.71608 0.73210 0.74981 0.73701 0.74118 0.73700 0.72031 0.73049 0.70106 0.69641 0.67599
0.67612 1.00000 0.96239 1.00000 0.97018 1.00000 0.97018 1.00000 0.98451 1.00000 0.91132 0.72026 0.55072 0.67824 0.68836 0.74462 0.73811 0.72740 0.73767 0.73109 0.74653 0.73822 0.72338 0.72528 0.69753
0.66464 0.89834 1.00000 1.00000 1.00000 1.00000 1.00000 1.00000 1.00000 1.00000 0.91030 0.72492 0.55113 0.61827 0.72902 0.75290 0.74606 0.73267 0.74255 0.72143 0.73646 0.71826 0.73703 0.72799 0.70706
0.67612 1.00000 0.96239 1.00000 0.97018 1.00000 0.97018 1.00000 0.98451 1.00000 0.97764 0.72973 0.45895 0.56190 0.67121 0.69396 0.72482 0.74019 0.75020 0.73850 0.74257 0.73235 0.73586 0.69365 0.68591
0.66464 0.89834 1.00000 1.00000 1.00000 1.00000 1.00000 1.00000 1.00000 1.00000 0.92208 0.69624 0.40462 0.67212 0.71791 0.72935 0.73383 0.74269 0.74390 0.72514 0.73501 0.73496 0.71817 0.68516 0.68444
0.67612 1.00000 0.96239 1.00000 0.97018 1.00000 0.97018 1.00000 0.98451 1.00000 0.91812 0.64276 0.51696 0.66058 0.67585 0.71843 0.73068 0.74406 0.74081 0.74268 0.74709 0.73250 0.73896 0.73872 0.73704
0.66464 0.89834 1.00000 1.00000 1.00000 1.00000 1.00000 1.00000 1.00000 1.00000 0.90906 0.73807 0.51641 0.62569 0.74583 0.74732 0.73811 0.73913 0.71847 0.72887 0.73639 0.73922 0.74727 0.71675 0.72320
0.67612 1.00000 0.96239 1.00000 0.97018 1.00000 0.97018 1.00000 0.98451 1.00000 0.97764 0.72065 0.50105 0.54163 0.71293 0.72483 0.71974 0.75152 0.73788 0.74112 0.73626 0.73197 0.75115 0.72529 0.72772
0.66464 0.89834 1.00000 1.00000 1.00000 1.00000 1.00000 1.00000 1.00000 1.00000 0.96735 0.72020 0.46751 0.61175 0.71083 0.69202 0.72841 0.74317 0.72674 0.74722 0.73538 0.73994 0.72718 0.71004 0.71499
0.67612 1.00000 0.96239 1.00000 0.97018 1.00000 0.97018 1.00000 0.98451 1.00000 0.93051 0.74142 0.25842 0.67368 0.71825 0.73468 0.75353 0.74333 0.72731 0.73503 0.71116 0.73366 0.73461 0.73174 0.72736
0.66464 0.89834 1.00000 1.00000 1.00000 1.00000 1.00000 1.00000 1.00000 1.00000 0.91593 0.75088 0.53082 0.67192 0.69533 0.75163 0.74993 0.74191 0.74922 0.73860 0.72552 0.73824 0.72102 0.75657 0.67910
0.67612 1.00000 0.98026 1.00000 0.98451 1.00000 0.98451 1.00000 1.00000 1.00000 0.95309 0.81779 0.51158 0.61120 0.73720 0.74366 0.73680 0.72293 0.74071 0.73745 0.73318 0.74516 0.73316 0.72886 0.70807
0.31282 0.95852 1.00000 1.00000 1.00000 1.00000 1.00000 1.00000 1.00000 1.00000 0.96094 0.82983 0.49107 0.53119 0.70107 0.70076 0.73268 0.74246 0.74671 0.73504 0.73930 0.72609 0.73675 0.72007 0.72903
0.35204 1.00000 0.97159 1.00000 0.97764 0.96735 0.97764 0.96735 1.00000 0.96094 1.00000 0.50838 0.56988 0.68649 0.73597 0.72558 0.76255 0.74184 0.73196 0.75338 0.74043 0.72708 0.70139 0.69438 0.67336
0.13827 0.35647 1.00000 0.92675 0.90428 0.89061 0.90428 0.89061 0.90428 0.95503 0.45086 0.42106 0.23093 0.73730 0.74523 0.73837 0.76612 0.73720 0.72828 0.72919 0.73350 0.71414 0.65472 0.64595 0.59296
0.00000 0.13417 0.12904 0.31490 0.31566 0.31490 0.31566 0.31490 0.31566 0.12808 0.30398 0.00000 0.25185 0.77861 0.77617 0.74241 0.68849 0.73172 0.71580 0.72417 0.73275 0.69717 0.64050 0.57673 0.45443
