# name=mixed_regions field=200x200 stride=8
25 25
0.00000 0.00000 0.50295 0.00000 0.87825 0.87575 0.87825 0.87575 0.45557 0.00000 0.52806 0.00000 0.00000 0.00000 0.00000 0.00000 0.00000 0.00000 0.00000 0.00000 0.00000 0.00000 0.00000 0.00000 0.00000
0.00000 0.52211 1.00000 0.93222 1.00000 0.95167 1.00000 0.95167 1.00000 0.95852 1.00000 0.53470 0.12215 0.00000 0.00000 0.00000 0.00000 0.00000 0.00000 0.00000 0.00000 0.00000 0.00000 0.00000 0.00000
0.50295 1.00000 0.95276 1.00000 0.96239 1.00000 0.96239 1.00000 0.98026 1.00000 0.97159 1.00000 0.11544 0.05809 0.00000 0.00000 0.00000 0.00000 0.00000 0.00000 0.00000 0.00000 0.00000 0.00000 0.00000
0.00000 0.93222 1.00000 1.00000 1.00000 1.00000 1.00000 1.00000 1.00000 1.00000 1.00000 0.89209 0.48977 0.05364 0.00000 0.00000 0.00000 0.00000 0.00000 0.00000 0.00000 0.00000 0.00000 0.00000 0.00000
0.87825 1.00000 0.96239 1.00000 0.98851 1.00000 0.98851 1.00000 0.98451 1.00000 0.97764 0.90428 0.00000 0.00000 0.00000 0.00000 0.00000 0.00000 0.00000 0.00000 0.70557 0.77140 0.81933 0.84437 0.86435
0.87575 0.95167 1.00000 1.00000 1.00000 1.00000 1.00000 1.00000 1.00000 1.00000 0.96735 0.89061 0.00000 0.00000 0.00000 0.00000 0.00000 0.00000 0.00000 0.00000 0.72104 0.80562 0.83397 0.85886 0.85643
0.87825 1.00000 0.96239 1.00000 0.98851 1.00000 0.98851 1.00000 0.98451 1.00000 0.97764 0.90428 0.00000 0.00000 0.00000 0.00000 0.00000 0.00000 0.00000 0.00000 0.73971 0.80819 0.85745 0.85647 0.85479
0.87575 0.95167 1.00000 1.00000 1.00000 1.00000 1.00000 1.00000 1.00000 1.00000 0.96735 0.87659 0.00000 0.00000 0.00000 0.00000 0.00000 0.00000 0.00000 0.00000 0.75092 0.81676 0.83606 0.85696 0.85440
0.87825 1.00000 0.96239 1.00000 0.98851 1.00000 0.98851 1.00000 0.98451 1.00000 0.97764 0.79536 0.39277 0.29598 0.20712 0.18304 0.24822 0.51960 0.66999 0.76525 0.73167 0.82474 0.85404 0.84328 0.86581
0.87575 0.95167 1.00000 1.00000 1.00000 1.00000 1.00000 1.00000 1.00000 1.00000 0.96735 0.81702 0.38825 0.28561 0.34442 0.31843 0.59582 0.65263 0.67133 0.77456 0.77459 0.85586 0.81261 0.83499 0.58590
0.87825 1.00000 0.96239 1.00000 0.98851 1.00000 0.98851 1.00000 0.98451 1.00000 0.95015 0.82711 0.35237 0.43085 0.30923 0.29244 0.55666 0.66726 0.67979 0.79047 0.81020 0.89177 0.88912 0.87308 0.81135
0.87575 0.95167 1.00000 1.00000 1.00000 1.00000 1.00000 1.00000 1.00000 1.00000 0.94059 0.82123 0.46235 0.43009 0.27152 0.26293 0.56993 0.71594 0.70532 0.79265 0.85812 0.89049 0.88758 0.88370 0.81690
0.87825 1.00000 0.96239 1.00000 0.98851 1.00000 0.98851 1.00000 0.98451 1.00000 0.97764 0.88359 0.16759 0.07752 0.00000 0.12964 0.51017 0.63620 0.72991 0.80729 0.83652 0.85443 0.85360 0.85600 0.58039
0.87575 0.95167 1.00000 1.00000 1.00000 1.00000 1.00000 1.00000 1.00000 1.00000 0.96735 0.87776 0.48051 0.39212 0.37878 0.54166 0.75836 0.67688 0.77993 0.78222 0.82177 0.84411 0.83708 0.82331 0.53349
0.87825 1.00000 0.96239 1.00000 0.98851 1.00000 0.98851 1.00000 0.98451 1.00000 0.97764 0.88676 0.46170 0.64669 0.71855 0.74165 0.79101 0.77010 0.75970 0.71231 0.76243 0.79783 0.76614 0.79415 0.50774
0.87575 0.95167 1.00000 1.00000 1.00000 1.00000 1.00000 1.00000 1.00000 1.00000 0.96735 0.86932 0.51407 0.78651 0.82613 0.80546 0.84352 0.83033 0.78360 0.70364 0.79217 0.79359 0.83082 0.77501 0.77327
0.87825 1.00000 0.96239 1.00000 0.98851 1.00000 0.98851 1.00000 0.98451 1.00000 0.97764 0.87568 0.84805 0.80560 0.82653 0.79531 0.82388 0.78820 0.57594 0.74966 0.47199 0.58195 0.69661 0.73933 0.00000
0.87575 0.95167 1.00000 1.00000 1.00000 1.00000 1.00000 1.00000 1.00000 1.00000 0.96735 0.86873 0.81397 0.72648 0.74321 0.73281 0.80664 0.77119 0.69104 0.72877 0.65986 0.72277 0.77685 0.79907 0.00000
0.87825 1.00000 0.98171 1.00000 1.00000 1.00000 1.00000 1.00000 1.00000 1.00000 1.00000 0.83233 0.67626 0.54447 0.60908 0.61520 0.75812 0.68067 0.63748 0.76365 0.78394 0.85060 0.86151 0.90715 0.00000
0.96028 0.98397 1.00000 1.00000 1.00000 1.00000 1.00000 1.00000 1.00000 1.00000 0.97195 0.89619 0.50039 0.37226 0.48297 0.50570 0.66593 0.65169 0.60966 0.82881 0.84156 0.90910 0.91076 0.91292 0.00000
0.72302 1.00000 0.98488 1.00000 0.98815 1.00000 0.98815 1.00000 1.00000 1.00000 1.00000 0.85125 0.00000 0.00000 0.00000 0.00000 0.38153 0.61111 0.65463 0.77073 0.00000 0.00000 0.00000 0.00000 0.00000
0.53881 0.97255 1.00000 1.00000 1.00000 1.00000 1.00000 1.00000 1.00000 1.00000 0.97418 0.88989 0.00000 0.00000 0.00000 0.00000 0.58164 0.62034 0.68256 0.77684 0.00000 0.00000 0.00000 0.00000 0.00000
0.74699 1.00000 1.00000 1.00000 1.00000 1.00000 1.00000 1.00000 1.00000 1.00000 1.00000 0.69450 0.00000 0.00000 0.00000 0.00000 0.58399 0.34003 0.44869 0.79686 0.00000 0.00000 0.00000 0.00000 0.00000
0.62600 0.77956 1.00000 1.00000 1.00000 1.00000 1.00000 1.00000 1.00000 1.00000 0.78170 0.77646 0.00000 0.00000 0.00000 0.00000 0.25852 0.43035 0.48653 0.52569 0.00000 0.00000 0.00000 0.00000 0.00000
0.66667 0.81650 0.81650 0.81650 1.00000 1.00000 1.00000 1.00000 0.81650 0.81650 0.81650 0.66667 0.00000 0.00000 0.00000 0.00000 0.00000 0.00000 0.00000 0.00000 0.00000 0.00000 0.00000 0.00000 0.00000
