# name=organic_walks field=200x200 stride=8
25 25
0.00000 0.00000 0.58364 0.58403 0.58442 0.76689 0.75727 0.49850 0.28781 0.26849 0.25153 0.00000 0.00000 0.00000 0.00000 0.00000 0.00000 0.00000 0.00000 0.00000 0.00000 0.62113 0.62113 0.62113 0.62113
0.29069 0.43572 0.73491 0.50286 0.58440 0.78130 0.74545 0.73165 0.45648 0.43972 0.23772 0.20541 0.00000 0.00000 0.00000 0.00000 0.00000 0.00000 0.00000 0.00000 0.47107 0.55988 0.62113 0.62113 0.62113
0.29088 0.64824 0.71050 0.77346 0.78762 0.77107 0.72890 0.73004 0.43833 0.41962 0.37903 0.18392 0.00000 0.00000 0.00000 0.00000 0.00000 0.00000 0.00000 0.00000 0.62478 0.56147 0.62113 0.62113 0.62113
0.29108 0.62578 0.68482 0.72513 0.73398 0.75764 0.70728 0.71808 0.41666 0.56995 0.51779 0.38982 0.00000 0.00000 0.00000 0.00000 0.00000 0.00000 0.00000 0.00000 0.59011 0.85174 0.91781 0.91580 0.91361
0.00000 0.23142 0.27866 0.27574 0.46319 0.48430 0.46675 0.68851 0.75119 0.70277 0.60986 0.23001 0.34903 0.31572 0.28572 0.17127 0.00000 0.00000 0.00000 0.16828 0.63624 0.78755 0.90726 0.90455 0.90178
0.00000 0.40394 0.52955 0.53009 0.44275 0.19500 0.66565 0.73033 0.75625 0.73832 0.69379 0.22306 0.51073 0.54400 0.15966 0.08041 0.00000 0.00000 0.00000 0.00000 0.66617 0.78877 0.85881 0.87660 0.87646
0.00000 0.30138 0.55995 0.57453 0.38478 0.59666 0.67817 0.48300 0.77233 0.75398 0.69759 0.62444 0.35419 0.40778 0.28665 0.10571 0.09467 0.00000 0.00000 0.13120 0.69781 0.80740 0.85496 0.85705 0.85895
0.31865 0.30291 0.31921 0.33358 0.22076 0.61651 0.72474 0.63899 0.79021 0.76802 0.74225 0.63986 0.14451 0.14918 0.15868 0.27128 0.19931 0.20157 0.00000 0.22715 0.73985 0.80470 0.81108 0.83156 0.83416
0.00000 0.00000 0.00000 0.00000 0.45292 0.73403 0.75544 0.78061 0.74296 0.74449 0.77290 0.73278 0.43642 0.44923 0.63077 0.36790 0.43630 0.44393 0.37623 0.49942 0.75218 0.79788 0.80770 0.81458 0.82327
0.00000 0.00000 0.00000 0.00000 0.42106 0.72741 0.75825 0.88260 0.63822 0.68403 0.77204 0.74194 0.44180 0.59103 0.63376 0.56061 0.64314 0.75099 0.58039 0.64310 0.75561 0.76588 0.79512 0.80378 0.78917
0.00000 0.00000 0.00000 0.00000 0.66841 0.66709 0.83995 0.86439 0.67948 0.78164 0.71109 0.50735 0.64799 0.65427 0.71338 0.79851 0.74303 0.73635 0.71915 0.66396 0.73899 0.77090 0.79186 0.80215 0.80818
0.00000 0.00000 0.00000 0.00000 0.57755 0.60485 0.76259 0.76973 0.69130 0.64150 0.51625 0.51629 0.77301 0.76503 0.78856 0.84486 0.75668 0.72782 0.79638 0.77735 0.83479 0.79924 0.81822 0.81297 0.82031
0.00000 0.00000 0.00000 0.00000 0.28666 0.28664 0.53851 0.55138 0.84432 0.84602 0.86516 0.81573 0.75285 0.73967 0.78981 0.85895 0.75965 0.76502 0.76668 0.75866 0.79883 0.81469 0.82701 0.82366 0.84072
0.00000 0.00000 0.00000 0.00000 0.61050 0.65652 0.73124 0.69937 0.83545 0.86105 0.83026 0.73138 0.67372 0.79062 0.81129 0.85570 0.77195 0.78451 0.74142 0.78195 0.77115 0.85215 0.84942 0.86214 0.85189
0.00000 0.00000 0.00000 0.00000 0.69795 0.64492 0.68279 0.72110 0.84690 0.84046 0.80518 0.60296 0.63940 0.73150 0.77908 0.67767 0.71344 0.67708 0.67963 0.63875 0.78201 0.83033 0.87753 0.87456 0.87034
0.00000 0.00000 0.00000 0.00000 0.79069 0.76407 0.70311 0.73188 0.85230 0.58956 0.76910 0.62375 0.39335 0.41093 0.62941 0.64417 0.74082 0.68033 0.68298 0.74842 0.79813 0.84556 0.87949 0.87727 0.87414
0.00000 0.00000 0.42641 0.45093 0.61534 0.61152 0.57861 0.61697 0.81761 0.54217 0.44289 0.45571 0.07348 0.08870 0.17668 0.00000 0.43575 0.42766 0.71177 0.60657 0.70562 0.81506 0.88056 0.86859 0.87780
0.00000 0.00000 0.47355 0.62122 0.54088 0.53009 0.52235 0.61195 0.89163 0.77771 0.77294 0.49203 0.46076 0.08263 0.10495 0.47936 0.44945 0.42060 0.62496 0.71177 0.78287 0.81578 0.84039 0.88077 0.88057
0.00000 0.00000 0.23631 0.40822 0.49281 0.54457 0.44516 0.62041 0.83791 0.72379 0.72661 0.37382 0.55933 0.49899 0.11788 0.15483 0.42024 0.67416 0.75582 0.68292 0.79361 0.81124 0.85138 0.87955 0.87936
0.00000 0.00000 0.00000 0.39864 0.51155 0.51506 0.68039 0.80071 0.73180 0.77625 0.76325 0.72561 0.70058 0.60196 0.42216 0.58101 0.62607 0.76951 0.77576 0.79221 0.82927 0.82808 0.85821 0.88271 0.87833
0.00000 0.00000 0.00000 0.00000 0.00000 0.36950 0.33889 0.60524 0.77032 0.83082 0.86789 0.84278 0.00000 0.00000 0.00000 0.00000 0.75430 0.71311 0.67036 0.70692 0.00000 0.00000 0.00000 0.00000 0.00000
0.00000 0.00000 0.00000 0.00000 0.00000 0.35977 0.45009 0.77897 0.83848 0.86342 0.87586 0.86068 0.00000 0.00000 0.00000 0.00000 0.75277 0.75684 0.71894 0.69452 0.00000 0.00000 0.00000 0.00000 0.00000
0.00000 0.00000 0.00000 0.00000 0.30238 0.46644 0.52456 0.81607 0.89608 0.89137 0.88749 0.87155 0.00000 0.00000 0.00000 0.00000 0.79394 0.78587 0.76185 0.71891 0.00000 0.00000 0.00000 0.00000 0.00000
0.00000 0.00000 0.00000 0.00000 0.36446 0.51012 0.60417 0.90264 0.89736 0.89244 0.88802 0.88505 0.00000 0.00000 0.00000 0.00000 0.82367 0.82785 0.79923 0.60204 0.00000 0.00000 0.00000 0.00000 0.00000
0.00000 0.00000 0.00000 0.00000 0.00000 0.60417 0.60417 0.60417 0.89930 0.89436 0.88926 0.58768 0.00000 0.00000 0.00000 0.00000 0.85943 0.86472 0.86933 0.49675 0.00000 0.00000 0.00000 0.00000 0.00000
