# name=rect_rotated_scattered field=200x200 stride=8
25 25
0.00000 0.00000 0.00000 0.00000 0.00000 0.00000 0.00000 0.00000 0.32822 0.00000 0.00000 0.00000 0.00000 0.00000 0.00000 0.00000 0.00000 0.00000 0.00000 0.00000 0.00000 0.00000 0.00000 0.00000 0.00000
0.00000 0.00000 0.00000 0.00000 0.00000 0.00000 0.37344 0.83976 0.98796 0.98795 0.98794 0.00000 0.00000 0.00000 0.00000 0.00000 0.00000 0.00000 0.00000 0.00000 0.30617 0.30618 0.30619 0.00000 0.00000
0.00000 0.00000 0.00000 0.00000 0.00000 0.26343 0.71280 0.85890 0.93536 0.98814 0.91078 0.72043 0.00000 0.00000 0.00000 0.00000 0.00000 0.00000 0.00000 0.00000 0.30609 0.30610 0.30610 0.30611 0.00000
0.00000 0.00000 0.00000 0.00000 0.00000 0.54878 0.74285 0.85632 0.91391 0.98834 0.93374 0.78400 0.00000 0.00000 0.00000 0.00000 0.00000 0.00000 0.00000 0.00000 0.30600 0.69454 0.72474 0.76381 0.00000
0.00000 0.00000 0.00000 0.00000 0.00000 0.64629 0.73821 0.84782 0.90611 0.94833 0.95644 0.75822 0.75353 0.32689 0.00000 0.00000 0.00000 0.23095 0.00000 0.00000 0.91535 0.91365 0.91127 0.90853 0.90598
0.00000 0.00000 0.00000 0.00000 0.20280 0.66154 0.72514 0.81490 0.88748 0.90698 0.90893 0.84894 0.59312 0.46374 0.38919 0.18171 0.00000 0.00000 0.00000 0.34431 0.86730 0.90718 0.90585 0.84787 0.90413
0.00000 0.00000 0.00000 0.00000 0.53754 0.39280 0.69483 0.81993 0.81823 0.87629 0.82357 0.82104 0.29668 0.53275 0.44339 0.18461 0.00000 0.00000 0.34984 0.64360 0.85399 0.90295 0.90253 0.90214 0.87097
0.00000 0.00000 0.00000 0.00000 0.53799 0.51945 0.68773 0.79783 0.68160 0.76892 0.70889 0.49911 0.33805 0.32120 0.26808 0.19810 0.00000 0.00000 0.68011 0.76814 0.84503 0.90008 0.90031 0.89955 0.90012
0.00000 0.22169 0.30999 0.39845 0.45973 0.43180 0.29908 0.14275 0.14492 0.36311 0.76221 0.75298 0.68864 0.72547 0.78435 0.50439 0.11399 0.13950 0.68935 0.78867 0.00000 0.00000 0.00000 0.00000 0.86696
0.00000 0.28620 0.37232 0.44963 0.51025 0.63412 0.49425 0.34611 0.55518 0.71049 0.78738 0.79802 0.74775 0.83474 0.82419 0.75828 0.09559 0.12216 0.69036 0.77201 0.00000 0.00000 0.00000 0.00000 0.86899
0.00000 0.28906 0.37059 0.44454 0.77667 0.78999 0.52503 0.40835 0.66967 0.74273 0.73052 0.76822 0.85649 0.88265 0.81323 0.73415 0.07847 0.10174 0.69204 0.78497 0.00000 0.00000 0.00000 0.00000 0.87267
0.00000 0.18679 0.25582 0.32959 0.67288 0.70609 0.52552 0.42875 0.46998 0.73515 0.74317 0.57660 0.88720 0.84218 0.86994 0.73417 0.40649 0.58756 0.59882 0.65788 0.00000 0.00000 0.00000 0.00000 0.72186
0.14474 0.14478 0.45822 0.54850 0.65270 0.80407 0.79763 0.54686 0.47398 0.73648 0.71889 0.72797 0.56707 0.51475 0.66495 0.63430 0.46686 0.66527 0.66442 0.61590 0.78561 0.88035 0.84599 0.86872 0.88565
0.22702 0.23256 0.23842 0.66390 0.64371 0.74238 0.44722 0.47946 0.75156 0.73024 0.67491 0.66867 0.67114 0.57757 0.61979 0.52857 0.67515 0.71156 0.67180 0.58144 0.87869 0.79153 0.84391 0.86856 0.88694
0.21531 0.22350 0.23179 0.41302 0.51221 0.27019 0.35332 0.54247 0.68080 0.65781 0.55114 0.62975 0.53344 0.62048 0.44281 0.53640 0.46980 0.61547 0.53736 0.30442 0.75689 0.89183 0.89265 0.89287 0.89295
0.00000 0.19775 0.20961 0.38906 0.00000 0.17914 0.25059 0.59485 0.61259 0.48204 0.46799 0.44931 0.17802 0.51097 0.31212 0.42985 0.52961 0.48995 0.40039 0.29817 0.69349 0.82735 0.87152 0.90192 0.90112
0.00000 0.00000 0.00000 0.00000 0.28438 0.27245 0.52176 0.61440 0.66872 0.73925 0.53577 0.47380 0.46688 0.69018 0.56394 0.59967 0.43248 0.21516 0.00000 0.00000 0.58540 0.74380 0.85273 0.91554 0.91705
0.00000 0.00000 0.00000 0.00000 0.62721 0.57639 0.30579 0.65306 0.74740 0.75985 0.77450 0.53514 0.64160 0.59460 0.49417 0.56140 0.23374 0.19455 0.14125 0.15512 0.41699 0.58192 0.68153 0.75723 0.92612
0.00000 0.00000 0.00000 0.00000 0.61532 0.63886 0.36005 0.67776 0.82518 0.81329 0.75885 0.67409 0.62653 0.58167 0.14673 0.20948 0.08263 0.10195 0.11861 0.42725 0.53799 0.72779 0.83668 0.76326 0.93384
0.00000 0.00000 0.00000 0.00000 0.69937 0.70052 0.72145 0.77863 0.86181 0.85574 0.80280 0.82127 0.79917 0.70940 0.56386 0.20472 0.31819 0.09216 0.31069 0.18934 0.71452 0.76674 0.84896 0.94068 0.63059
0.59837 0.90322 0.85303 0.79804 0.80144 0.84221 0.83298 0.78618 0.58062 0.78566 0.80276 0.80661 0.75674 0.77509 0.71396 0.69725 0.62160 0.40202 0.30568 0.32532 0.71438 0.83846 0.93359 0.93588 0.00000
0.59834 0.90792 0.91079 0.84320 0.88248 0.86509 0.80923 0.82007 0.62080 0.83933 0.86391 0.85849 0.84832 0.86216 0.80770 0.79451 0.54576 0.51740 0.63380 0.38824 0.51645 0.61792 0.92987 0.93135 0.00000
0.91121 0.91440 0.91767 0.92082 0.89955 0.88335 0.84541 0.84304 0.67807 0.88710 0.90302 0.73855 0.91978 0.91429 0.87496 0.85441 0.61913 0.48837 0.67638 0.43785 0.55842 0.61797 0.61797 0.61797 0.00000
0.62265 0.92123 0.92403 0.92642 0.91706 0.90424 0.88424 0.86854 0.56978 0.74618 0.77634 0.76692 0.94422 0.93685 0.92829 0.91463 0.55555 0.52823 0.72504 0.45329 0.56465 0.61802 0.61802 0.61802 0.00000
0.00000 0.62265 0.62265 0.62265 0.92118 0.90619 0.88624 0.86981 0.56978 0.91277 0.95002 0.79945 0.97029 0.96026 0.94557 0.93108 0.56043 0.53192 0.49105 0.30904 0.61807 0.61807 0.61807 0.61807 0.00000
