# name=two_districts field=200x200 stride=8
25 25
0.00000 0.00000 0.50295 0.00000 0.87825 0.87575 0.87825 0.87575 0.45557 0.00000 0.43028 0.00000 0.34574 0.35481 0.67206 0.70969 0.70607 0.76890 0.84182 0.83720 0.85879 0.88243 0.89383 0.89456 0.89498
0.00000 0.52211 1.00000 0.93222 1.00000 0.95167 1.00000 0.95167 1.00000 0.95852 0.86537 0.35557 0.52367 0.47750 0.69459 0.75976 0.80172 0.82214 0.86114 0.85344 0.88901 0.88372 0.89305 0.88089 0.88255
0.50295 1.00000 0.95276 1.00000 0.96239 1.00000 0.96239 1.00000 0.98026 1.00000 0.88326 0.72784 0.44628 0.58297 0.73543 0.77661 0.82748 0.85826 0.86968 0.85182 0.88778 0.88484 0.88515 0.88183 0.87212
0.00000 0.93222 1.00000 1.00000 1.00000 1.00000 1.00000 1.00000 1.00000 1.00000 0.94762 0.82257 0.74105 0.74524 0.79525 0.82626 0.83719 0.85677 0.87707 0.88505 0.88628 0.87554 0.88981 0.89065 0.89102
0.87825 1.00000 0.96239 1.00000 0.98851 1.00000 0.98851 1.00000 0.98451 1.00000 0.93494 0.79393 0.70450 0.78809 0.85194 0.85427 0.86909 0.88396 0.86533 0.88403 0.88461 0.88713 0.88837 0.88940 0.88972
0.87575 0.95167 1.00000 1.00000 1.00000 1.00000 1.00000 1.00000 1.00000 1.00000 0.91261 0.73267 0.64491 0.80544 0.85422 0.86128 0.85592 0.86309 0.86837 0.88436 0.88535 0.88209 0.88813 0.88928 0.88545
0.87825 1.00000 0.96239 1.00000 0.98851 1.00000 0.98851 1.00000 0.98451 1.00000 0.92210 0.75997 0.71568 0.78292 0.88341 0.87039 0.88548 0.88611 0.88555 0.87147 0.88570 0.88735 0.88793 0.88221 0.89031
0.87575 0.95167 1.00000 1.00000 1.00000 1.00000 1.00000 1.00000 1.00000 1.00000 0.92560 0.76846 0.68699 0.81633 0.85684 0.85762 0.86912 0.88854 0.88721 0.88665 0.88645 0.88782 0.88839 0.88862 0.88955
0.87825 1.00000 0.96239 1.00000 0.98851 1.00000 0.98851 1.00000 0.98451 1.00000 0.97764 0.82921 0.60675 0.80734 0.84677 0.87424 0.89061 0.88988 0.88924 0.88828 0.88706 0.88337 0.88723 0.88752 0.88275
0.87575 0.95167 1.00000 1.00000 1.00000 1.00000 1.00000 1.00000 1.00000 1.00000 0.92314 0.73137 0.63800 0.82815 0.86312 0.87942 0.89156 0.89090 0.89026 0.88857 0.88672 0.88109 0.88553 0.88504 0.87954
0.87825 1.00000 0.96239 1.00000 0.98851 1.00000 0.98851 1.00000 0.98451 1.00000 0.92646 0.73345 0.60953 0.77244 0.82461 0.89008 0.89137 0.89134 0.88972 0.88807 0.88587 0.88469 0.87488 0.88272 0.87715
0.87575 0.95167 1.00000 1.00000 1.00000 1.00000 1.00000 1.00000 1.00000 1.00000 0.92349 0.77115 0.43551 0.69046 0.86827 0.89000 0.89078 0.89148 0.88996 0.87375 0.88517 0.88209 0.88197 0.88118 0.88034
0.87825 1.00000 0.96239 1.00000 0.98851 1.00000 0.98851 1.00000 0.98451 1.00000 0.97764 0.83732 0.36035 0.65797 0.85373 0.86727 0.88962 0.89061 0.88974 0.87797 0.88425 0.87065 0.87337 0.86735 0.85281
0.87575 0.95167 1.00000 1.00000 1.00000 1.00000 1.00000 1.00000 1.00000 1.00000 0.93240 0.80158 0.31558 0.75183 0.85473 0.86292 0.88091 0.89076 0.88979 0.88021 0.88713 0.88591 0.87141 0.86055 0.83706
0.87825 1.00000 0.96239 1.00000 0.98851 1.00000 0.98851 1.00000 0.98451 1.00000 0.93187 0.77520 0.37029 0.78999 0.82909 0.86513 0.87474 0.89031 0.87993 0.89045 0.88918 0.88885 0.88820 0.88711 0.88688
0.87575 0.95167 1.00000 1.00000 1.00000 1.00000 1.00000 1.00000 1.00000 1.00000 0.92308 0.77321 0.56021 0.76376 0.88143 0.88528 0.88787 0.88904 0.88426 0.89059 0.89035 0.89027 0.88968 0.88953 0.89034
0.87825 1.00000 0.96239 1.00000 0.98851 1.00000 0.98851 1.00000 0.98451 1.00000 0.97764 0.76423 0.48337 0.60995 0.84572 0.86167 0.87710 0.88759 0.88820 0.88941 0.88970 0.88182 0.89041 0.88280 0.89080
0.87575 0.95167 1.00000 1.00000 1.00000 1.00000 1.00000 1.00000 1.00000 1.00000 0.96735 0.82058 0.45936 0.72588 0.83196 0.83750 0.88521 0.88598 0.88568 0.88769 0.88818 0.88879 0.88189 0.87545 0.87412
0.87825 1.00000 0.98171 1.00000 1.00000 1.00000 1.00000 1.00000 1.00000 1.00000 0.96411 0.80586 0.19960 0.78283 0.86597 0.88623 0.88554 0.88474 0.87726 0.88492 0.88576 0.87937 0.88274 0.87518 0.88615
0.96028 0.98397 1.00000 1.00000 1.00000 1.00000 1.00000 1.00000 1.00000 1.00000 0.93750 0.85317 0.70590 0.81792 0.86737 0.88718 0.88660 0.88549 0.88337 0.88235 0.88386 0.88343 0.88348 0.88295 0.88108
0.72302 1.00000 0.98488 1.00000 0.98815 1.00000 0.98815 1.00000 1.00000 1.00000 0.97171 0.87614 0.76239 0.84814 0.88761 0.88746 0.88610 0.86193 0.88353 0.88287 0.88163 0.88159 0.88118 0.88100 0.88080
0.53881 0.97255 1.00000 1.00000 1.00000 1.00000 1.00000 1.00000 1.00000 1.00000 0.97418 0.94805 0.83763 0.87473 0.86681 0.87158 0.87137 0.87362 0.88728 0.87919 0.88747 0.88593 0.87884 0.87859 0.88229
0.74699 1.00000 1.00000 1.00000 1.00000 1.00000 1.00000 1.00000 1.00000 1.00000 1.00000 0.91150 0.85221 0.89806 0.87284 0.88774 0.88645 0.88868 0.88585 0.89271 0.89191 0.88964 0.88757 0.88576 0.88413
0.62600 0.77956 1.00000 1.00000 1.00000 1.00000 1.00000 1.00000 1.00000 1.00000 0.95044 0.93311 0.91633 0.89646 0.88809 0.88820 0.88714 0.89138 0.87565 0.89048 0.89728 0.89411 0.89089 0.88618 0.88251
0.66667 0.81650 0.81650 0.81650 1.00000 1.00000 1.00000 1.00000 0.81650 0.81650 0.98059 0.94443 0.89108 0.88777 0.88873 0.88913 0.88890 0.89467 0.89386 0.90172 0.90199 0.89759 0.89448 0.89199 0.88964
