# name=mixed_regions field=200x200 stride=8
25 25
0.00000 0.14810 0.34257 0.35366 0.72295 0.75327 0.72295 0.75327 0.72295 0.34923 0.35204 0.14965 0.00000 0.00000 0.00000 0.00000 0.00000 0.00000 0.00000 0.00000 0.00000 0.00000 0.00000 0.00000 0.00000
0.14406 0.34807 1.00000 0.93222 1.00000 0.89834 1.00000 0.89834 1.00000 0.95852 1.00000 0.35647 0.22432 0.00000 0.00000 0.00000 0.00000 0.05073 0.02841 0.03062 0.00000 0.00000 0.00000 0.00000 0.00000
0.33721 1.00000 0.95276 1.00000 0.96239 1.00000 0.96239 1.00000 0.98026 1.00000 0.97159 1.00000 0.21389 0.16578 0.00000 0.03340 0.04870 0.05518 0.05466 0.02837 0.05262 0.19310 0.24956 0.07856 0.03043
0.34249 0.93222 1.00000 1.00000 1.00000 1.00000 1.00000 1.00000 1.00000 1.00000 1.00000 0.83367 0.38315 0.16099 0.00000 0.03234 0.05602 0.06353 0.06402 0.05287 0.04547 0.28131 0.22744 0.26643 0.16070
0.72917 1.00000 0.96239 1.00000 0.97018 1.00000 0.97018 1.00000 0.98451 1.00000 0.97764 0.90428 0.40540 0.18167 0.00000 0.03135 0.03095 0.07542 0.06875 0.05547 0.23363 0.25907 0.21522 0.24239 0.15379
0.76175 0.89834 1.00000 1.00000 1.00000 1.00000 1.00000 1.00000 1.00000 1.00000 0.96735 0.89061 0.43911 0.35918 0.00000 0.06887 0.08780 0.07151 0.16667 0.13675 0.25445 0.34199 0.34736 0.25840 0.15420
0.72917 1.00000 0.96239 1.00000 0.97018 1.00000 0.97018 1.00000 0.98451 1.00000 0.97764 0.90428 0.27223 0.30390 0.00000 0.14894 0.11488 0.19243 0.02211 0.12863 0.26895 0.32630 0.24500 0.25269 0.26724
0.76175 0.89834 1.00000 1.00000 1.00000 1.00000 1.00000 1.00000 1.00000 1.00000 0.96735 0.83942 0.58004 0.12369 0.00000 0.07260 0.06239 0.06814 0.13223 0.40381 0.34841 0.41583 0.38667 0.15465 0.14781
0.72917 1.00000 0.96239 1.00000 0.97018 1.00000 0.97018 1.00000 0.98451 1.00000 0.97764 0.71611 0.44839 0.19188 0.07180 0.24669 0.23233 0.07358 0.31529 0.43385 0.49114 0.31654 0.36664 0.36770 0.00000
0.76175 0.89834 1.00000 1.00000 1.00000 1.00000 1.00000 1.00000 1.00000 1.00000 0.96735 0.70820 0.29741 0.17168 0.15605 0.40529 0.41037 0.48218 0.31004 0.24620 0.25538 0.19253 0.09528 0.09851 0.00000
0.72917 1.00000 0.96239 1.00000 0.97018 1.00000 0.97018 1.00000 0.98451 1.00000 0.90998 0.71775 0.29585 0.34812 0.13556 0.34986 0.37333 0.46866 0.26507 0.22920 0.24806 0.19369 0.18191 0.19499 0.00000
0.76175 0.89834 1.00000 1.00000 1.00000 1.00000 1.00000 1.00000 1.00000 1.00000 0.89987 0.71496 0.46383 0.35128 0.13679 0.13093 0.33901 0.40256 0.23012 0.11349 0.24072 0.16476 0.15761 0.15503 0.00000
0.72917 1.00000 0.96239 1.00000 0.97018 1.00000 0.97018 1.00000 0.98451 1.00000 0.97764 0.79952 0.49171 0.14583 0.15844 0.05508 0.20109 0.43339 0.32484 0.49219 0.44300 0.42100 0.40672 0.42043 0.00000
0.76175 0.89834 1.00000 1.00000 1.00000 1.00000 1.00000 1.00000 1.00000 1.00000 0.96735 0.82801 0.50813 0.19803 0.14004 0.16057 0.34563 0.26314 0.48945 0.47587 0.38405 0.39891 0.41061 0.02972 0.03640
0.72917 1.00000 0.96239 1.00000 0.97018 1.00000 0.97018 1.00000 0.98451 1.00000 0.97764 0.82463 0.26012 0.43604 0.14269 0.14847 0.14650 0.24425 0.36597 0.06142 0.34724 0.14299 0.02761 0.03061 0.03550
0.76175 0.89834 1.00000 1.00000 1.00000 1.00000 1.00000 1.00000 1.00000 1.00000 0.96735 0.78586 0.57352 0.47495 0.24106 0.23802 0.22937 0.23783 0.06494 0.06384 0.34831 0.27292 0.28130 0.07109 0.07074
0.72917 1.00000 0.96239 1.00000 0.97018 1.00000 0.97018 1.00000 0.98451 1.00000 0.97764 0.77964 0.56400 0.47987 0.06124 0.12781 0.13766 0.14906 0.12720 0.13977 0.17406 0.18413 0.07489 0.07106 0.06725
0.76175 0.89834 1.00000 1.00000 1.00000 1.00000 1.00000 1.00000 1.00000 1.00000 0.96735 0.79462 0.23384 0.50202 0.11130 0.10859 0.22642 0.21930 0.33113 0.36473 0.15481 0.15079 0.07578 0.07814 0.00000
0.72917 1.00000 0.96239 1.00000 0.97018 1.00000 0.97018 1.00000 0.98451 1.00000 0.97764 0.87839 0.53729 0.43086 0.08557 0.33130 0.31992 0.21203 0.18011 0.40835 0.23767 0.07430 0.07555 0.02872 0.02866
0.76175 0.89834 1.00000 1.00000 1.00000 1.00000 1.00000 1.00000 1.00000 1.00000 0.96735 0.82969 0.61288 0.43140 0.24872 0.35515 0.34062 0.14376 0.02269 0.20136 0.12256 0.02294 0.02469 0.02721 0.02722
0.72917 1.00000 0.98026 1.00000 0.98451 1.00000 0.98451 1.00000 1.00000 1.00000 1.00000 0.77267 0.52480 0.28633 0.16340 0.15025 0.14938 0.14163 0.14058 0.13466 0.12898 0.13533 0.02424 0.02943 0.02951
0.33871 0.95852 1.00000 1.00000 1.00000 1.00000 1.00000 1.00000 1.00000 1.00000 0.96094 0.80333 0.21695 0.16303 0.17531 0.16019 0.14429 0.13354 0.14168 0.06129 0.13079 0.01998 0.02425 0.02787 0.00000
0.35204 1.00000 0.97159 1.00000 0.97764 0.96735 0.97764 0.96735 1.00000 0.96094 1.00000 0.41768 0.21710 0.00000 0.00000 0.17097 0.14427 0.06784 0.02966 0.06056 0.05944 0.00000 0.00000 0.00000 0.00000
0.14633 0.35647 1.00000 0.92675 0.90428 0.89061 0.90428 0.89061 0.90428 0.95503 0.34879 0.36684 0.00000 0.00000 0.00000 0.00000 0.06289 0.02953 0.03039 0.03212 0.00000 0.00000 0.00000 0.00000 0.00000
0.00000 0.14810 0.14621 0.35366 0.35514 0.35366 0.35514 0.35366 0.35514 0.14586 0.14727 0.00000 0.00000 0.00000 0.00000 0.00000 0.00000 0.00000 0.00000 0.00000 0.00000 0.00000 0.00000 0.00000 0.00000
