# name=organic_walks field=200x200 stride=8
25 25
0.00000 0.00000 0.00000 0.00000 0.00000 0.00000 0.16082 0.03159 0.00000 0.08405 0.07932 0.00000 0.00000 0.00000 0.00000 0.00000 0.00000 0.00000 0.00000 0.00000 0.00000 0.00000 0.00000 0.00000 0.00000
0.00000 0.00000 0.00000 0.00000 0.00000 0.14470 0.15420 0.16855 0.17035 0.15274 0.07905 0.08412 0.02621 0.02889 0.00000 0.00000 0.00000 0.00000 0.00000 0.00000 0.00000 0.00000 0.00000 0.00000 0.00000
0.00000 0.00000 0.00000 0.00000 0.13345 0.14330 0.15010 0.27404 0.16319 0.14594 0.14679 0.08894 0.02681 0.02780 0.00000 0.00000 0.00000 0.00000 0.00000 0.03184 0.02880 0.00000 0.00000 0.00000 0.00000
0.00000 0.00000 0.00000 0.05524 0.05901 0.14510 0.14967 0.25962 0.15712 0.14047 0.17911 0.22284 0.21077 0.29689 0.08564 0.01697 0.04650 0.04974 0.00000 0.02793 0.02679 0.08614 0.04118 0.04056 0.03994
0.00000 0.00000 0.00000 0.05197 0.05727 0.14922 0.15433 0.41210 0.33414 0.39120 0.17766 0.07852 0.29193 0.25743 0.23900 0.04423 0.04034 0.04705 0.05479 0.02430 0.05853 0.07485 0.03844 0.03795 0.03753
0.00000 0.00000 0.00000 0.00000 0.12491 0.07399 0.15396 0.40306 0.35279 0.37788 0.41761 0.06652 0.36783 0.42493 0.16874 0.04304 0.04418 0.05244 0.02388 0.00000 0.15717 0.18209 0.14920 0.02897 0.02996
0.00000 0.00000 0.00000 0.00000 0.11211 0.13496 0.13647 0.00000 0.36973 0.36854 0.13316 0.35703 0.37522 0.38129 0.45824 0.19060 0.15420 0.02209 0.02533 0.00000 0.18551 0.11978 0.02573 0.02701 0.02829
0.00000 0.02302 0.02693 0.03084 0.03820 0.30477 0.29228 0.08180 0.22740 0.05286 0.13400 0.36467 0.22888 0.24274 0.24944 0.11152 0.09996 0.01929 0.02378 0.14204 0.23221 0.38441 0.14830 0.05699 0.05584
0.02709 0.02733 0.02886 0.08307 0.08784 0.18795 0.21294 0.23826 0.11355 0.12780 0.14489 0.14551 0.24581 0.25375 0.16330 0.06629 0.09030 0.07314 0.22874 0.40250 0.40759 0.15173 0.14499 0.13626 0.04833
0.02846 0.02726 0.02712 0.07303 0.07873 0.41399 0.19169 0.56047 0.16508 0.25621 0.28519 0.30830 0.12417 0.24563 0.39503 0.13201 0.35138 0.39237 0.21471 0.40963 0.12176 0.18918 0.13575 0.12959 0.13250
0.03061 0.02892 0.02752 0.33985 0.39559 0.45867 0.50937 0.50883 0.48695 0.50433 0.31711 0.15021 0.13395 0.30769 0.25649 0.12433 0.25286 0.16783 0.15064 0.02148 0.34067 0.40333 0.39667 0.37996 0.37250
0.00000 0.02568 0.02325 0.28434 0.34073 0.43284 0.20123 0.19350 0.47042 0.47779 0.18693 0.19291 0.19142 0.39857 0.20692 0.24333 0.26621 0.15915 0.19868 0.18218 0.39081 0.40573 0.41475 0.37097 0.06246
0.00000 0.00000 0.00000 0.22323 0.30335 0.18036 0.30884 0.18275 0.16679 0.37449 0.20082 0.17992 0.16646 0.10441 0.21227 0.21318 0.14164 0.35133 0.35052 0.35722 0.32394 0.33817 0.37597 0.14654 0.00000
0.00000 0.00000 0.00000 0.25013 0.44721 0.48534 0.44357 0.26424 0.40744 0.25232 0.37917 0.15250 0.14241 0.20715 0.36580 0.33771 0.35353 0.42331 0.36116 0.35437 0.23487 0.43373 0.33297 0.05976 0.00000
0.00000 0.00000 0.05643 0.16773 0.16187 0.26120 0.24257 0.21053 0.20806 0.23827 0.34737 0.14393 0.14651 0.23246 0.22466 0.11495 0.13433 0.38640 0.38056 0.22270 0.30933 0.33093 0.02392 0.02114 0.02550
0.00000 0.00000 0.02174 0.02102 0.24612 0.23999 0.24582 0.14656 0.36346 0.02415 0.33717 0.13317 0.15786 0.17016 0.11494 0.11587 0.12065 0.37240 0.40565 0.35849 0.36445 0.14815 0.02435 0.02177 0.02233
0.00000 0.00000 0.01732 0.01808 0.09928 0.12364 0.06676 0.16474 0.15295 0.05629 0.07374 0.06798 0.13793 0.14768 0.23247 0.05671 0.18398 0.11324 0.30070 0.05331 0.05467 0.31875 0.07901 0.07829 0.06417
0.00000 0.00000 0.04231 0.09313 0.10293 0.06036 0.06520 0.16256 0.15219 0.12784 0.09544 0.13330 0.11615 0.13065 0.02544 0.40728 0.36779 0.10945 0.22483 0.37022 0.44756 0.27062 0.07554 0.03223 0.03210
0.00000 0.00000 0.00000 0.02762 0.03732 0.12421 0.06962 0.08014 0.22285 0.10198 0.08156 0.02567 0.08590 0.01947 0.10492 0.10703 0.28291 0.22269 0.40460 0.37087 0.39891 0.26996 0.28261 0.03228 0.03248
0.00000 0.00000 0.00000 0.02900 0.04008 0.05561 0.22115 0.23902 0.13968 0.19464 0.15201 0.06298 0.05517 0.02725 0.24519 0.34735 0.38349 0.39753 0.24274 0.35529 0.44359 0.27135 0.28561 0.08476 0.03435
0.00000 0.00000 0.00000 0.00000 0.01800 0.05596 0.05808 0.05007 0.11265 0.12257 0.14150 0.06443 0.14726 0.14543 0.13458 0.22078 0.44169 0.38929 0.38408 0.36637 0.35714 0.15427 0.08230 0.00000 0.00000
0.00000 0.00000 0.00000 0.00000 0.01535 0.05986 0.05319 0.11501 0.12446 0.13302 0.14557 0.15309 0.14013 0.12739 0.42239 0.23448 0.24558 0.37400 0.39080 0.25544 0.37288 0.07025 0.00000 0.00000 0.00000
0.00000 0.00000 0.00000 0.00000 0.00000 0.00000 0.04708 0.13557 0.05974 0.05602 0.06567 0.16369 0.15067 0.12456 0.02613 0.25671 0.15074 0.24472 0.23640 0.07586 0.03423 0.07121 0.00000 0.00000 0.00000
0.00000 0.00000 0.00000 0.00000 0.00000 0.00000 0.00000 0.03632 0.06358 0.06189 0.06881 0.07911 0.07497 0.00000 0.00000 0.03542 0.15762 0.16165 0.25124 0.03441 0.03389 0.03445 0.00000 0.00000 0.00000
0.00000 0.00000 0.00000 0.00000 0.00000 0.00000 0.00000 0.00000 0.03403 0.03261 0.03353 0.00000 0.00000 0.00000 0.00000 0.03542 0.03560 0.03625 0.03725 0.00000 0.00000 0.00000 0.00000 0.00000 0.00000
