# name=organic_walks field=200x200 stride=8
25 25
0.00000 0.00000 0.00000 0.00000 0.00000 0.00000 0.17788 0.03762 0.00000 0.12191 0.11868 0.00000 0.00000 0.00000 0.00000 0.00000 0.00000 0.00000 0.00000 0.00000 0.00000 0.00000 0.00000 0.00000 0.00000
0.00000 0.00000 0.00000 0.00000 0.00000 0.16982 0.17129 0.18314 0.18811 0.18572 0.11839 0.12135 0.00000 0.00000 0.00000 0.00000 0.00000 0.00000 0.00000 0.00000 0.00000 0.00000 0.00000 0.00000 0.00000
0.00000 0.00000 0.00000 0.00000 0.20851 0.17913 0.17535 0.33638 0.17133 0.17224 0.19187 0.12424 0.00000 0.00000 0.00000 0.00000 0.00000 0.00000 0.00000 0.03869 0.03443 0.00000 0.00000 0.00000 0.00000
0.00000 0.00000 0.00000 0.18990 0.19659 0.18493 0.18760 0.32218 0.15878 0.21912 0.25964 0.29782 0.24912 0.34856 0.09790 0.01909 0.05528 0.06457 0.00000 0.03490 0.03211 0.08921 0.04452 0.04379 0.04307
0.00000 0.00000 0.00000 0.18144 0.18855 0.19450 0.20295 0.49368 0.33377 0.34346 0.24502 0.10700 0.34189 0.29748 0.27543 0.05492 0.05365 0.06105 0.06994 0.03065 0.05847 0.07185 0.04151 0.04108 0.04078
0.00000 0.00000 0.03259 0.02702 0.15646 0.03308 0.19041 0.46209 0.29660 0.50467 0.52911 0.09091 0.46930 0.50274 0.31142 0.05691 0.05520 0.06744 0.03115 0.00000 0.12596 0.14442 0.17334 0.03327 0.03454
0.00000 0.00000 0.02975 0.02528 0.12260 0.15033 0.16301 0.02831 0.46918 0.46662 0.17751 0.27648 0.45856 0.46667 0.54878 0.23134 0.19244 0.02876 0.03310 0.00000 0.14617 0.17319 0.03198 0.03292 0.03440
0.00000 0.03039 0.03428 0.03820 0.04307 0.34277 0.33756 0.22094 0.28661 0.06057 0.17124 0.27110 0.28116 0.29512 0.32460 0.08544 0.07221 0.02521 0.02051 0.18956 0.29640 0.52248 0.19164 0.09126 0.08958
0.03875 0.03879 0.03990 0.10423 0.10412 0.19885 0.22115 0.25327 0.09360 0.08173 0.07182 0.07408 0.30475 0.33790 0.18534 0.08574 0.06790 0.05166 0.25357 0.18050 0.52636 0.20403 0.19896 0.18997 0.08405
0.04012 0.03894 0.03866 0.09262 0.09398 0.36034 0.21802 0.65537 0.20213 0.28498 0.46238 0.42464 0.13397 0.52551 0.50604 0.16647 0.28699 0.35733 0.10289 0.17819 0.16588 0.25099 0.19349 0.18776 0.19968
0.04214 0.04055 0.03920 0.39554 0.29098 0.34468 0.62799 0.66558 0.64696 0.62420 0.40173 0.20078 0.18063 0.26951 0.25400 0.12934 0.18694 0.07830 0.07625 0.02900 0.43387 0.52623 0.53826 0.52294 0.51474
0.00000 0.03509 0.03238 0.39124 0.46697 0.56469 0.24427 0.23035 0.68722 0.67510 0.23898 0.24838 0.24754 0.44734 0.20679 0.19829 0.17912 0.07509 0.27938 0.25642 0.42149 0.49257 0.51026 0.47427 0.07529
0.00000 0.00000 0.00000 0.37669 0.46555 0.25029 0.40225 0.23490 0.19465 0.38273 0.25554 0.22964 0.21175 0.11722 0.21358 0.13955 0.17422 0.47078 0.46757 0.45987 0.42482 0.41714 0.43638 0.17334 0.02801
0.00000 0.00000 0.00000 0.30439 0.54180 0.57702 0.54684 0.29432 0.49149 0.33956 0.34243 0.19874 0.19020 0.35816 0.21689 0.47385 0.48579 0.49001 0.47576 0.40678 0.26030 0.47152 0.24126 0.17847 0.03345
0.00000 0.00000 0.25439 0.34469 0.34531 0.31224 0.29272 0.23310 0.23613 0.30594 0.32526 0.18714 0.17553 0.36502 0.45668 0.50182 0.50118 0.46667 0.47783 0.28594 0.23977 0.27099 0.03186 0.03490 0.04321
0.00000 0.00000 0.07136 0.07269 0.32587 0.42409 0.27747 0.17067 0.43814 0.04061 0.31808 0.08018 0.18446 0.17377 0.53493 0.53251 0.52125 0.48638 0.52755 0.57408 0.51089 0.40377 0.03135 0.03550 0.04197
0.00000 0.00000 0.06038 0.06627 0.28500 0.28142 0.17117 0.20518 0.20098 0.10053 0.10102 0.08173 0.06557 0.07033 0.31888 0.08685 0.31744 0.11140 0.42201 0.29268 0.26184 0.50605 0.12231 0.12436 0.03589
0.00000 0.00000 0.11895 0.24397 0.27791 0.16246 0.16945 0.21276 0.21076 0.12406 0.08579 0.06407 0.05600 0.05349 0.02853 0.48570 0.43414 0.09689 0.35011 0.43694 0.48092 0.47764 0.22927 0.03935 0.03917
0.00000 0.00000 0.02965 0.22773 0.22962 0.45279 0.17908 0.19411 0.34095 0.11434 0.08501 0.02681 0.06107 0.02057 0.15868 0.17063 0.35597 0.36327 0.43213 0.48334 0.28512 0.32197 0.36641 0.03936 0.03961
0.00000 0.00000 0.00000 0.23936 0.23329 0.25801 0.62305 0.56076 0.27588 0.28198 0.19314 0.07472 0.06681 0.03577 0.43054 0.43117 0.45036 0.51875 0.25230 0.29338 0.46883 0.31293 0.36009 0.09057 0.04201
0.00000 0.00000 0.00000 0.00000 0.07124 0.25566 0.18035 0.06549 0.24002 0.26353 0.17409 0.07617 0.17906 0.19162 0.18456 0.29966 0.50787 0.46413 0.46304 0.30808 0.34450 0.08547 0.09421 0.04500 0.00000
0.00000 0.00000 0.00000 0.00000 0.09254 0.19259 0.20022 0.25759 0.24813 0.26019 0.18376 0.18829 0.16105 0.16716 0.58358 0.26167 0.27136 0.45478 0.45664 0.26608 0.35310 0.08748 0.04321 0.04421 0.00000
0.00000 0.00000 0.00000 0.00000 0.04011 0.03546 0.23140 0.29015 0.08499 0.07306 0.08172 0.20447 0.17258 0.17103 0.03885 0.26863 0.08588 0.29684 0.28294 0.08625 0.04397 0.08038 0.04332 0.04357 0.00000
0.00000 0.00000 0.00000 0.00000 0.03751 0.03688 0.00000 0.11555 0.09056 0.08026 0.08648 0.09724 0.08973 0.04189 0.04372 0.03982 0.09008 0.08204 0.28497 0.04428 0.04379 0.04411 0.00000 0.00000 0.00000
0.00000 0.00000 0.00000 0.00000 0.00000 0.00000 0.00000 0.00000 0.10160 0.09275 0.09840 0.00000 0.00000 0.04193 0.00000 0.03986 0.03770 0.03796 0.04060 0.00000 0.00000 0.00000 0.00000 0.00000 0.00000
