# name=grid_with_holes field=200x200 stride=8
25 25
0.00000 0.00000 0.00000 0.00000 0.52806 0.00000 0.00000 0.00000 0.00000 0.00000 0.00000 0.00000 0.45557 0.00000 0.45557 0.00000 0.45557 0.00000 0.45557 0.00000 0.00000 0.00000 0.00000 0.00000 0.00000
0.00000 0.00000 0.43133 0.47865 0.51259 0.53470 0.39172 0.00000 0.00000 0.00000 0.54273 0.44877 0.91118 0.89834 1.00000 0.89834 1.00000 0.89834 0.86652 0.40559 0.33942 0.00000 0.00000 0.00000 0.00000
0.00000 0.38255 0.70006 0.46547 0.47577 0.70414 0.55702 0.41814 0.33333 0.44022 0.88639 0.83722 0.89031 0.97112 0.96239 1.00000 0.96239 0.94882 0.85345 0.75017 0.63731 0.26535 0.00000 0.00000 0.00000
0.00000 0.63344 0.86688 0.83156 0.78480 0.66374 0.83553 0.85843 0.46072 1.00000 1.00000 0.97269 1.00000 0.98090 1.00000 1.00000 1.00000 0.96612 1.00000 0.95703 0.81662 0.56559 0.39786 0.00000 0.00000
0.00000 0.89777 0.83718 0.80587 0.88862 0.81002 0.93555 0.87556 0.84774 0.97824 0.96029 1.00000 0.96700 0.98446 0.97018 1.00000 0.98451 1.00000 0.98193 0.97379 0.81955 0.80445 0.63207 0.00000 0.00000
0.00000 0.63162 0.90905 0.85209 0.85842 0.95264 1.00000 0.95302 0.86626 0.94888 1.00000 1.00000 1.00000 0.97906 1.00000 1.00000 1.00000 0.96311 1.00000 1.00000 0.93316 0.95944 0.54581 0.00000 0.00000
0.50295 0.96302 0.90917 0.94182 0.91065 1.00000 0.96700 0.94675 0.91065 1.00000 0.98279 1.00000 0.96875 1.00000 0.97018 1.00000 0.97018 1.00000 0.98339 0.92011 0.89108 0.85126 0.64100 0.36773 0.00000
0.00000 0.93222 0.98019 0.97731 0.97727 0.98238 0.98446 0.97906 0.97601 0.94778 0.98314 0.93853 1.00000 1.00000 1.00000 1.00000 1.00000 1.00000 0.97601 0.90464 1.00000 0.94082 0.66032 0.67139 0.00000
0.45557 1.00000 0.98026 1.00000 0.97018 1.00000 0.97018 1.00000 0.96712 1.00000 0.98193 1.00000 0.96810 0.97727 0.97018 1.00000 0.98451 1.00000 0.96712 1.00000 0.98038 0.93770 0.62426 0.49988 0.00000
0.00000 0.95852 0.96452 0.95992 1.00000 1.00000 1.00000 0.96884 1.00000 0.96131 1.00000 0.95601 0.95485 0.98238 1.00000 0.96884 1.00000 0.92826 1.00000 1.00000 0.97150 0.97522 0.80164 0.41868 0.00000
0.52806 0.94195 0.88064 1.00000 0.96810 0.97727 0.98451 0.97967 0.93356 0.92928 0.95476 0.94557 0.93679 1.00000 0.96712 1.00000 0.98193 1.00000 0.96260 0.97150 0.98036 1.00000 0.77237 0.38830 0.00000
0.00000 0.59941 0.88413 1.00000 1.00000 0.98238 1.00000 0.96390 1.00000 0.94287 1.00000 1.00000 0.97857 0.96612 1.00000 1.00000 1.00000 0.95601 1.00000 0.97910 1.00000 1.00000 0.81087 0.43270 0.00000
0.00000 0.89777 0.94941 1.00000 0.96700 0.98359 0.98286 0.96631 0.88148 0.88461 0.95305 0.88878 0.94239 0.98314 0.96543 1.00000 0.96257 1.00000 0.96444 0.98279 0.98279 0.93777 0.89401 0.90428 0.00000
0.00000 0.63162 0.90905 1.00000 1.00000 0.94433 1.00000 0.95429 0.96672 0.97432 0.97876 0.95408 1.00000 0.93853 1.00000 1.00000 1.00000 1.00000 0.97529 0.96027 0.98446 0.97589 0.96735 0.89061 0.00000
0.50295 0.96302 0.92835 1.00000 0.98374 1.00000 0.96543 1.00000 0.95923 1.00000 0.98063 0.98308 0.96875 1.00000 0.96810 1.00000 0.96700 1.00000 0.98374 1.00000 0.98451 1.00000 0.97764 0.90428 0.00000
0.00000 1.00000 0.93930 0.93293 1.00000 0.96311 1.00000 1.00000 0.97079 0.93899 0.98151 0.91444 1.00000 1.00000 0.97727 0.98238 0.98359 0.94433 1.00000 0.96311 1.00000 1.00000 0.96735 0.89061 0.00000
0.52806 0.94195 0.88064 1.00000 0.96810 0.97640 0.96810 1.00000 0.96321 1.00000 0.96349 1.00000 0.96810 0.97727 0.97018 1.00000 0.96712 1.00000 0.96543 1.00000 1.00000 0.97273 0.97764 0.90428 0.00000
0.00000 0.59941 0.88413 1.00000 1.00000 0.98238 0.97727 0.94905 0.98196 0.97425 1.00000 1.00000 1.00000 0.98238 1.00000 0.96884 1.00000 1.00000 1.00000 0.96278 1.00000 0.93424 0.90375 0.89061 0.00000
0.00000 0.89777 0.94941 1.00000 0.98279 0.98446 0.98451 1.00000 0.98193 1.00000 0.96257 1.00000 0.96700 0.98446 0.98451 1.00000 0.98193 1.00000 0.95762 1.00000 1.00000 0.97828 0.85163 0.45521 0.00000
0.00000 0.63162 0.82695 0.96022 1.00000 0.94030 0.95849 0.92826 1.00000 0.95601 1.00000 1.00000 1.00000 0.97906 1.00000 0.92826 1.00000 0.91348 0.93819 0.95343 1.00000 0.91436 0.40749 0.40238 0.00000
0.50295 0.64145 0.63920 1.00000 0.98087 1.00000 0.89448 0.97250 0.98038 1.00000 0.98139 0.97529 0.98374 1.00000 0.98286 1.00000 1.00000 0.97349 0.79798 0.87246 0.90880 0.92967 0.34405 0.00000 0.00000
0.00000 0.45059 0.60508 0.96540 1.00000 0.95550 0.77435 0.97411 0.96398 0.97522 0.92377 0.95405 1.00000 0.96390 1.00000 1.00000 0.96398 0.96958 0.42071 0.87923 0.95382 0.96404 0.00000 0.00000 0.00000
0.00000 0.39582 0.71150 0.88962 0.88404 0.65695 0.67359 0.88962 0.85560 0.87543 0.93240 1.00000 1.00000 0.93252 0.90721 0.84866 0.88404 0.68481 0.72975 1.00000 1.00000 0.52731 0.00000 0.00000 0.00000
0.00000 0.00000 0.34732 0.64282 0.59783 0.70164 0.34732 0.64282 0.59783 0.63447 1.00000 0.92675 0.90428 0.95503 0.66297 0.60441 0.59783 0.70164 0.00000 0.52522 0.49725 0.55652 0.00000 0.00000 0.00000
0.00000 0.00000 0.00000 0.00000 0.00000 0.00000 0.00000 0.00000 0.00000 0.00000 0.00000 0.00000 0.00000 0.00000 0.00000 0.00000 0.00000 0.00000 0.00000 0.00000 0.00000 0.00000 0.00000 0.00000 0.00000
