# name=two_districts field=200x200 stride=8
25 25
0.00000 0.00000 0.50295 0.00000 0.45557 0.00000 0.45557 0.00000 0.45557 0.00000 0.43456 0.00000 0.36867 0.37743 0.51706 0.47617 0.46126 0.72909 0.73670 0.76890 0.37298 0.85084 0.43742 0.00000 0.00000
0.00000 0.52211 1.00000 0.93222 1.00000 0.89834 1.00000 0.89834 1.00000 0.95852 0.87156 0.36218 0.71178 0.48509 0.69537 0.79620 0.79588 0.68624 0.81595 0.75555 0.65234 0.80776 0.43575 0.63345 0.47399
0.50295 1.00000 0.95276 1.00000 0.96239 1.00000 0.96239 1.00000 0.98026 1.00000 0.88749 0.74056 0.84525 0.78316 0.80894 0.76435 0.76838 0.73677 0.81931 0.70644 0.74212 0.75832 0.80639 0.83550 0.51680
0.00000 0.93222 1.00000 1.00000 1.00000 1.00000 1.00000 1.00000 1.00000 1.00000 0.95021 0.83721 0.80452 0.85001 0.82787 0.81815 0.77496 0.80429 0.79264 0.68028 0.77033 0.75665 0.78394 0.79443 0.83975
0.45557 1.00000 0.96239 1.00000 0.97018 1.00000 0.97018 1.00000 0.98451 1.00000 0.93800 0.80847 0.78178 0.83318 0.81046 0.85669 0.86382 0.87108 0.78426 0.75965 0.77238 0.85062 0.89457 0.90651 0.79021
0.00000 0.89834 1.00000 1.00000 1.00000 1.00000 1.00000 1.00000 1.00000 1.00000 0.91652 0.74454 0.61434 0.79329 0.84635 0.86360 0.84477 0.80462 0.86291 0.91687 0.86013 0.85642 0.89217 0.89999 0.91177
0.45557 1.00000 0.96239 1.00000 0.97018 1.00000 0.97018 1.00000 0.98451 1.00000 0.92603 0.76978 0.71626 0.73728 0.85359 0.87103 0.87368 0.80041 0.79611 0.77795 0.77714 0.87250 0.92297 0.91995 0.88635
0.00000 0.89834 1.00000 1.00000 1.00000 1.00000 1.00000 1.00000 1.00000 1.00000 0.92861 0.79530 0.69506 0.77339 0.88460 0.89791 0.87327 0.84151 0.91527 0.87460 0.86783 0.74903 0.91575 0.93395 0.92082
0.45557 1.00000 0.96239 1.00000 0.97018 1.00000 0.97018 1.00000 0.98451 1.00000 0.97764 0.86408 0.65167 0.73255 0.68875 0.88262 0.87561 0.91595 0.87319 0.87334 0.86893 0.91312 0.93153 0.79453 0.83423
0.00000 0.89834 1.00000 1.00000 1.00000 1.00000 1.00000 1.00000 1.00000 1.00000 0.92604 0.76007 0.65588 0.74165 0.86975 0.87030 0.74800 0.85817 0.87955 0.91722 0.86325 0.91090 0.90025 0.89155 0.89403
0.45557 1.00000 0.96239 1.00000 0.97018 1.00000 0.97018 1.00000 0.98451 1.00000 0.92977 0.79082 0.62343 0.59554 0.43754 0.88606 0.81321 0.84640 0.79162 0.81906 0.79649 0.87034 0.90479 0.91244 0.91195
0.00000 0.89834 1.00000 1.00000 1.00000 1.00000 1.00000 1.00000 1.00000 1.00000 0.92636 0.78056 0.72715 0.78553 0.82455 0.63575 0.76044 0.77182 0.86184 0.86087 0.75730 0.83833 0.91047 0.92924 0.89090
0.45557 1.00000 0.96239 1.00000 0.97018 1.00000 0.97018 1.00000 0.98451 1.00000 0.97764 0.85050 0.64709 0.62077 0.83604 0.85778 0.89261 0.86307 0.84667 0.86298 0.87083 0.78279 0.76585 0.79300 0.77746
0.00000 0.89834 1.00000 1.00000 1.00000 1.00000 1.00000 1.00000 1.00000 1.00000 0.93516 0.81249 0.49091 0.72072 0.68998 0.76356 0.76841 0.85602 0.87521 0.84499 0.80474 0.86551 0.89095 0.83273 0.72345
0.45557 1.00000 0.96239 1.00000 0.97018 1.00000 0.97018 1.00000 0.98451 1.00000 0.93544 0.78747 0.69690 0.71537 0.76668 0.85868 0.85930 0.79489 0.86485 0.87505 0.80083 0.77336 0.69313 0.80743 0.83894
0.00000 0.89834 1.00000 1.00000 1.00000 1.00000 1.00000 1.00000 1.00000 1.00000 0.92655 0.78226 0.78573 0.72160 0.85693 0.85569 0.87954 0.85583 0.80130 0.79194 0.78511 0.81607 0.88292 0.84031 0.44605
0.45557 1.00000 0.96239 1.00000 0.97018 1.00000 0.97018 1.00000 0.98451 1.00000 0.97764 0.77412 0.73137 0.80632 0.88133 0.87209 0.87757 0.84454 0.91679 0.87934 0.87297 0.74172 0.73776 0.91467 0.89229
0.00000 0.89834 1.00000 1.00000 1.00000 1.00000 1.00000 1.00000 1.00000 1.00000 0.96735 0.83185 0.67944 0.72602 0.69748 0.83019 0.88940 0.87920 0.84785 0.84226 0.87447 0.87426 0.88765 0.83842 0.70597
0.45557 1.00000 0.96239 1.00000 0.97018 1.00000 0.97018 1.00000 0.98451 1.00000 0.94389 0.81563 0.32743 0.72548 0.87571 0.87247 0.74493 0.79399 0.86350 0.91448 0.85899 0.87347 0.91422 0.87817 0.88704
0.00000 0.89834 1.00000 1.00000 1.00000 1.00000 1.00000 1.00000 1.00000 1.00000 0.93048 0.78856 0.71107 0.73282 0.77125 0.88584 0.88098 0.85918 0.74667 0.85919 0.77228 0.86162 0.86447 0.85687 0.75614
0.45557 1.00000 0.98026 1.00000 0.98451 1.00000 0.98451 1.00000 1.00000 1.00000 0.96556 0.84838 0.67805 0.75648 0.90071 0.88585 0.82908 0.88766 0.91528 0.90912 0.79268 0.84551 0.86068 0.85743 0.77225
0.00000 0.95852 1.00000 1.00000 1.00000 1.00000 1.00000 1.00000 1.00000 1.00000 0.96094 0.86352 0.63310 0.67010 0.71397 0.83189 0.83472 0.77840 0.81623 0.77146 0.85781 0.87993 0.85749 0.84735 0.82276
0.52806 1.00000 0.97159 1.00000 0.97764 0.96735 0.97764 0.96735 1.00000 0.96094 1.00000 0.40451 0.28489 0.69171 0.70229 0.73173 0.66515 0.72908 0.77470 0.64641 0.85798 0.74807 0.78622 0.80757 0.79549
0.00000 0.53470 1.00000 0.92675 0.90428 0.89061 0.90428 0.89061 0.90428 0.95503 0.47053 0.40566 0.17626 0.21678 0.49265 0.69396 0.68915 0.76277 0.65061 0.85812 0.81887 0.75487 0.73181 0.76464 0.75943
0.00000 0.00000 0.00000 0.00000 0.00000 0.00000 0.00000 0.00000 0.00000 0.00000 0.25767 0.00000 0.15903 0.00000 0.00000 0.44758 0.46073 0.81186 0.66124 0.87098 0.71700 0.79659 0.72963 0.68767 0.71246
