# name=two_districts field=200x200 stride=8
25 25
0.00000 0.13417 0.33530 0.31490 0.67514 0.66464 0.67514 0.66464 0.67514 0.31282 0.28685 0.07702 0.20579 0.20564 0.64981 0.65087 0.66596 0.72744 0.79906 0.73103 0.33944 0.70391 0.79474 0.84698 0.27918
0.13417 0.34807 1.00000 0.93222 1.00000 0.89834 1.00000 0.89834 1.00000 0.95852 0.86537 0.23705 0.59168 0.58730 0.60522 0.68929 0.74519 0.76959 0.78203 0.75769 0.75374 0.81006 0.78873 0.79205 0.80299
0.33530 1.00000 0.95276 1.00000 0.96239 1.00000 0.96239 1.00000 0.98026 1.00000 0.88326 0.69298 0.70726 0.62693 0.68430 0.72874 0.76927 0.80087 0.80434 0.76619 0.75501 0.81451 0.76897 0.77294 0.76700
0.31490 0.93222 1.00000 1.00000 1.00000 1.00000 1.00000 1.00000 1.00000 1.00000 0.94762 0.76908 0.67255 0.67285 0.74033 0.76153 0.77394 0.79646 0.81218 0.81214 0.79427 0.80254 0.80734 0.79441 0.77279
0.67612 1.00000 0.96239 1.00000 0.97018 1.00000 0.97018 1.00000 0.98451 1.00000 0.93494 0.73853 0.66124 0.71626 0.80064 0.79318 0.80558 0.81223 0.80165 0.80352 0.80943 0.80748 0.79179 0.75820 0.69796
0.66464 0.89834 1.00000 1.00000 1.00000 1.00000 1.00000 1.00000 1.00000 1.00000 0.91261 0.69831 0.51938 0.72111 0.79466 0.80054 0.79308 0.80058 0.80427 0.81151 0.80529 0.81391 0.81502 0.78060 0.74741
0.67612 1.00000 0.96239 1.00000 0.97018 1.00000 0.97018 1.00000 0.98451 1.00000 0.92210 0.75997 0.57607 0.72920 0.82765 0.80970 0.81389 0.81531 0.78458 0.80326 0.79067 0.81437 0.79737 0.77952 0.75833
0.66464 0.89834 1.00000 1.00000 1.00000 1.00000 1.00000 1.00000 1.00000 1.00000 0.92560 0.74412 0.56667 0.66554 0.79484 0.79072 0.79966 0.82329 0.80958 0.81378 0.81027 0.81048 0.78891 0.78117 0.76684
0.67612 1.00000 0.96239 1.00000 0.97018 1.00000 0.97018 1.00000 0.98451 1.00000 0.97764 0.77953 0.53390 0.73170 0.78421 0.79235 0.81698 0.81023 0.80080 0.80586 0.81058 0.80052 0.78827 0.78079 0.75658
0.66464 0.89834 1.00000 1.00000 1.00000 1.00000 1.00000 1.00000 1.00000 1.00000 0.91346 0.69330 0.58242 0.75420 0.78791 0.80568 0.82570 0.81159 0.81574 0.81034 0.79177 0.80294 0.77079 0.76615 0.74405
0.67612 1.00000 0.96239 1.00000 0.97018 1.00000 0.97018 1.00000 0.98451 1.00000 0.91569 0.73398 0.58035 0.73523 0.75638 0.81886 0.81147 0.79937 0.81027 0.80244 0.81911 0.81084 0.79542 0.79840 0.76888
0.66464 0.89834 1.00000 1.00000 1.00000 1.00000 1.00000 1.00000 1.00000 1.00000 0.91409 0.73692 0.58226 0.67113 0.80207 0.82723 0.81895 0.80339 0.81375 0.79034 0.80725 0.78855 0.81025 0.80147 0.77960
0.67612 1.00000 0.96239 1.00000 0.97018 1.00000 0.97018 1.00000 0.98451 1.00000 0.97764 0.74537 0.48444 0.61097 0.73949 0.76340 0.79597 0.81125 0.82128 0.80827 0.81354 0.80366 0.80805 0.76227 0.75426
0.66464 0.89834 1.00000 1.00000 1.00000 1.00000 1.00000 1.00000 1.00000 1.00000 0.92574 0.70911 0.42681 0.73242 0.79223 0.80316 0.80632 0.81402 0.81470 0.79388 0.80508 0.80595 0.78774 0.75163 0.75023
0.67612 1.00000 0.96239 1.00000 0.97018 1.00000 0.97018 1.00000 0.98451 1.00000 0.92283 0.65662 0.54618 0.72073 0.74704 0.79165 0.80336 0.81665 0.81172 0.81380 0.81907 0.80280 0.80966 0.80880 0.80543
0.66464 0.89834 1.00000 1.00000 1.00000 1.00000 1.00000 1.00000 1.00000 1.00000 0.91364 0.74978 0.54673 0.68211 0.82390 0.82353 0.81164 0.81182 0.78815 0.80043 0.80911 0.81152 0.81968 0.78443 0.78830
0.67612 1.00000 0.96239 1.00000 0.97018 1.00000 0.97018 1.00000 0.98451 1.00000 0.97764 0.73329 0.55176 0.58910 0.78593 0.79791 0.79178 0.82564 0.81116 0.81518 0.81044 0.80508 0.82500 0.79423 0.79342
0.66464 0.89834 1.00000 1.00000 1.00000 1.00000 1.00000 1.00000 1.00000 1.00000 0.96735 0.73363 0.52154 0.66319 0.78155 0.76052 0.80036 0.81635 0.79972 0.82335 0.81089 0.81529 0.79962 0.77849 0.78134
0.67612 1.00000 0.96239 1.00000 0.97018 1.00000 0.97018 1.00000 0.98451 1.00000 0.93360 0.75361 0.26956 0.72890 0.78780 0.80540 0.82676 0.81674 0.80037 0.81023 0.78488 0.80901 0.80827 0.80295 0.79583
0.66464 0.89834 1.00000 1.00000 1.00000 1.00000 1.00000 1.00000 1.00000 1.00000 0.91931 0.75990 0.55691 0.72497 0.76097 0.82331 0.82194 0.81417 0.82434 0.81371 0.80016 0.81367 0.79341 0.83096 0.74417
0.67612 1.00000 0.98026 1.00000 0.98451 1.00000 0.98451 1.00000 1.00000 1.00000 0.95620 0.82675 0.53395 0.65914 0.80664 0.81399 0.80716 0.79287 0.81399 0.81141 0.80779 0.82032 0.80606 0.79998 0.77535
0.31282 0.95852 1.00000 1.00000 1.00000 1.00000 1.00000 1.00000 1.00000 1.00000 0.96094 0.84447 0.56113 0.57245 0.76623 0.76596 0.80188 0.81373 0.81941 0.80767 0.81252 0.79764 0.80898 0.78911 0.79821
0.35204 1.00000 0.97159 1.00000 0.97764 0.96735 0.97764 0.96735 1.00000 0.96094 1.00000 0.52465 0.60608 0.74354 0.80368 0.79228 0.83348 0.81189 0.80192 0.82619 0.81176 0.79724 0.76846 0.76026 0.73701
0.13827 0.35647 1.00000 0.92675 0.90428 0.89061 0.90428 0.89061 0.90428 0.95503 0.45424 0.43036 0.31374 0.79829 0.81251 0.80499 0.83604 0.80521 0.79623 0.79785 0.80267 0.78150 0.71643 0.70632 0.64812
0.00000 0.13417 0.12904 0.31490 0.31566 0.31490 0.31566 0.31490 0.31566 0.12808 0.30805 0.00000 0.32436 0.84863 0.84487 0.80769 0.74933 0.79756 0.78098 0.79073 0.80047 0.76187 0.69974 0.62989 0.49603
