# name=grid_with_holes field=200x200 stride=8
25 25
0.00000 0.00000 0.00000 0.00000 0.00000 0.00000 0.00000 0.00000 0.00000 0.00000 0.00000 0.00000 0.00000 0.00000 0.00000 0.00000 0.00000 0.00000 0.00000 0.00000 0.00000 0.00000 0.00000 0.00000 0.00000
0.00000 0.00000 0.00000 0.00000 0.00000 0.00000 0.00000 0.00000 0.00000 0.00000 0.00000 0.00000 0.00000 0.00000 0.00000 0.00000 0.00000 0.00000 0.00000 0.00000 0.00000 0.00000 0.00000 0.00000 0.00000
0.00000 0.00000 0.00000 0.00000 0.00000 0.00000 0.00000 0.00000 0.00000 0.00000 0.00000 0.00000 0.00000 0.00000 0.00000 0.00000 0.00000 0.00000 0.00000 0.00000 0.00000 0.00000 0.00000 0.00000 0.00000
0.00000 0.00000 0.00000 0.00000 0.00000 0.00000 0.00000 0.00000 0.00000 0.00000 0.00000 0.00000 0.00000 0.00000 0.00000 0.00000 0.00000 0.00000 0.00000 0.00000 0.00000 0.00000 0.00000 0.00000 0.00000
0.00000 0.00000 0.00000 0.00000 0.88862 0.81002 0.93555 0.87556 0.84774 0.97824 0.96029 1.00000 0.96700 0.98446 0.97018 1.00000 0.98451 1.00000 0.98193 1.00000 0.00000 0.00000 0.00000 0.00000 0.00000
0.00000 0.00000 0.00000 0.00000 0.85842 0.95264 1.00000 0.95302 0.86626 0.94888 1.00000 1.00000 1.00000 0.97906 1.00000 1.00000 1.00000 0.96311 1.00000 1.00000 0.00000 0.00000 0.00000 0.00000 0.00000
0.00000 0.00000 0.00000 0.00000 0.91065 1.00000 0.96700 0.94675 0.91065 1.00000 0.98279 1.00000 0.96875 1.00000 0.97018 1.00000 0.97018 1.00000 0.98339 0.95353 0.00000 0.00000 0.00000 0.00000 0.00000
0.00000 0.00000 0.00000 0.00000 0.97727 0.98238 0.98446 0.97906 0.97601 0.94778 0.98314 0.93853 1.00000 1.00000 1.00000 1.00000 1.00000 1.00000 0.97601 0.94844 0.00000 0.00000 0.00000 0.00000 0.00000
0.00000 0.00000 0.00000 0.00000 0.97018 1.00000 0.97018 1.00000 0.96712 1.00000 0.98193 1.00000 0.96810 0.97727 0.97018 1.00000 0.98451 1.00000 0.98396 1.00000 0.00000 0.00000 0.00000 0.00000 0.00000
0.00000 0.00000 0.00000 0.00000 1.00000 1.00000 1.00000 0.96884 1.00000 0.96131 1.00000 0.95601 0.95485 0.98238 1.00000 0.96884 1.00000 0.92826 1.00000 1.00000 0.00000 0.00000 0.00000 0.00000 0.00000
0.00000 0.00000 0.00000 0.00000 0.96810 0.97727 0.98451 0.97967 0.93356 0.92928 0.95476 0.94557 0.93679 1.00000 0.96712 1.00000 0.98193 1.00000 0.98181 0.97643 0.00000 0.00000 0.00000 0.00000 0.00000
0.00000 0.00000 0.00000 0.00000 1.00000 0.98238 1.00000 0.96390 1.00000 0.94287 1.00000 1.00000 0.97857 0.96612 1.00000 1.00000 1.00000 0.95601 1.00000 0.98192 0.00000 0.00000 0.00000 0.00000 0.00000
0.00000 0.00000 0.00000 0.00000 0.96700 0.98359 0.98286 0.96631 0.88148 0.88461 0.95305 0.88878 0.94239 0.98314 0.96543 1.00000 0.96257 1.00000 0.98268 0.98550 0.00000 0.00000 0.00000 0.00000 0.00000
0.00000 0.00000 0.00000 0.00000 1.00000 0.94433 1.00000 0.95429 0.96672 0.97432 0.97876 0.95408 1.00000 0.93853 1.00000 1.00000 1.00000 1.00000 0.97529 0.96501 0.00000 0.00000 0.00000 0.00000 0.00000
0.00000 0.00000 0.00000 0.00000 0.98374 1.00000 0.96543 1.00000 0.95923 1.00000 0.98063 0.98308 0.96875 1.00000 0.96810 1.00000 0.96700 1.00000 1.00000 1.00000 0.00000 0.00000 0.00000 0.00000 0.00000
0.00000 0.00000 0.00000 0.00000 1.00000 0.96311 1.00000 1.00000 0.97079 0.93899 0.98151 0.91444 1.00000 1.00000 0.97727 0.98238 0.98359 0.94433 1.00000 0.96751 0.00000 0.00000 0.00000 0.00000 0.00000
0.00000 0.00000 0.00000 0.00000 0.96810 0.97640 0.96810 1.00000 0.96321 1.00000 0.96349 1.00000 0.96810 0.97727 0.97018 1.00000 0.96712 1.00000 0.98315 1.00000 0.00000 0.00000 0.00000 0.00000 0.00000
0.00000 0.00000 0.00000 0.00000 1.00000 0.98238 0.97727 0.94905 0.98196 0.97425 1.00000 1.00000 1.00000 0.98238 1.00000 0.96884 1.00000 1.00000 1.00000 0.96801 0.00000 0.00000 0.00000 0.00000 0.00000
0.00000 0.00000 0.00000 0.00000 0.98279 0.98446 1.00000 1.00000 0.98193 1.00000 0.98179 1.00000 0.98390 0.98446 1.00000 1.00000 0.98193 1.00000 1.00000 1.00000 0.00000 0.00000 0.00000 0.00000 0.00000
0.00000 0.00000 0.00000 0.00000 1.00000 0.97930 1.00000 0.96266 1.00000 1.00000 1.00000 1.00000 1.00000 0.98148 1.00000 0.96266 1.00000 0.96331 1.00000 1.00000 0.00000 0.00000 0.00000 0.00000 0.00000
0.00000 0.00000 0.00000 0.00000 0.00000 0.00000 0.00000 0.00000 0.00000 0.00000 0.00000 0.00000 0.00000 0.00000 0.00000 0.00000 0.00000 0.00000 0.00000 0.00000 0.00000 0.00000 0.00000 0.00000 0.00000
0.00000 0.00000 0.00000 0.00000 0.00000 0.00000 0.00000 0.00000 0.00000 0.00000 0.00000 0.00000 0.00000 0.00000 0.00000 0.00000 0.00000 0.00000 0.00000 0.00000 0.00000 0.00000 0.00000 0.00000 0.00000
0.00000 0.00000 0.00000 0.00000 0.00000 0.00000 0.00000 0.00000 0.00000 0.00000 0.00000 0.00000 0.00000 0.00000 0.00000 0.00000 0.00000 0.00000 0.00000 0.00000 0.00000 0.00000 0.00000 0.00000 0.00000
0.00000 0.00000 0.00000 0.00000 0.00000 0.00000 0.00000 0.00000 0.00000 0.00000 0.00000 0.00000 0.00000 0.00000 0.00000 0.00000 0.00000 0.00000 0.00000 0.00000 0.00000 0.00000 0.00000 0.00000 0.00000
0.00000 0.00000 0.00000 0.00000 0.00000 0.00000 0.00000 0.00000 0.00000 0.00000 0.00000 0.00000 0.00000 0.00000 0.00000 0.00000 0.00000 0.00000 0.00000 0.00000 0.00000 0.00000 0.00000 0.00000 0.00000
