# name=grid_mixed_sizes field=200x200 stride=8
25 25
0.00000 0.00000 0.00000 0.00000 0.00000 0.00000 0.00000 0.00000 0.00000 0.00000 0.00000 0.00000 0.00000 0.00000 0.00000 0.00000 0.00000 0.00000 0.00000 0.00000 0.00000 0.00000 0.00000 0.00000 0.00000
0.00000 0.00000 0.00000 0.00000 0.00000 0.00000 0.00000 0.00000 0.00000 0.00000 0.00000 0.00000 0.00000 0.00000 0.00000 0.00000 0.00000 0.00000 0.00000 0.00000 0.00000 0.00000 0.00000 0.00000 0.00000
0.00000 0.00000 0.00000 0.00000 0.00000 0.00000 0.00000 0.00000 0.00000 0.00000 0.00000 0.00000 0.00000 0.00000 0.00000 0.00000 0.00000 0.00000 0.00000 0.00000 0.00000 0.00000 0.00000 0.00000 0.00000
0.00000 0.00000 0.00000 0.00000 0.00000 0.00000 0.00000 0.00000 0.00000 0.00000 0.00000 0.00000 0.00000 0.00000 0.00000 0.00000 0.00000 0.00000 0.00000 0.00000 0.00000 0.00000 0.00000 0.00000 0.00000
0.00000 0.00000 0.00000 0.00000 0.83934 0.79408 0.80947 0.88784 0.82717 0.93954 0.94944 0.95365 1.00000 0.98844 0.97728 0.93834 0.86399 0.87873 0.88712 0.95005 0.00000 0.00000 0.00000 0.00000 0.00000
0.00000 0.00000 0.00000 0.00000 0.87800 0.84526 0.85469 0.83662 0.87259 0.96104 0.89071 0.91872 1.00000 0.98325 0.95708 0.95032 0.87131 0.92697 0.90905 0.90109 0.00000 0.00000 0.00000 0.00000 0.00000
0.00000 0.00000 0.00000 0.00000 0.97497 0.91190 0.87766 0.93611 0.82180 0.93720 0.96847 1.00000 0.97368 0.93445 0.95241 0.88183 0.91014 0.92304 0.91193 0.93211 0.00000 0.00000 0.00000 0.00000 0.00000
0.00000 0.00000 0.00000 0.00000 1.00000 0.92560 0.87796 0.88160 0.83857 0.92754 0.95606 0.96242 0.89864 0.95558 0.92306 0.90303 0.90595 0.85324 0.89419 0.85733 0.00000 0.00000 0.00000 0.00000 0.00000
0.00000 0.00000 0.00000 0.00000 0.00000 0.00000 0.00000 0.00000 0.85384 0.83919 0.92992 0.93847 0.00000 0.00000 0.00000 0.00000 0.95004 0.93123 0.92659 0.91894 0.00000 0.00000 0.00000 0.00000 0.00000
0.00000 0.00000 0.00000 0.00000 0.00000 0.00000 0.00000 0.00000 0.78325 0.82706 0.76371 0.79924 0.00000 0.00000 0.00000 0.00000 0.94189 0.97174 0.90845 0.93628 0.00000 0.00000 0.00000 0.00000 0.00000
0.00000 0.00000 0.00000 0.00000 0.00000 0.00000 0.00000 0.00000 0.75677 0.77420 0.42672 0.75196 0.00000 0.00000 0.00000 0.00000 0.96362 0.96108 0.98692 0.91940 0.00000 0.00000 0.00000 0.00000 0.00000
0.00000 0.00000 0.00000 0.00000 0.00000 0.00000 0.00000 0.00000 0.59017 0.55289 0.58732 0.58191 0.00000 0.00000 0.00000 0.00000 0.84232 0.93971 0.84996 0.74538 0.00000 0.00000 0.00000 0.00000 0.00000
0.00000 0.00000 0.00000 0.00000 0.28767 0.53730 0.93352 0.94795 0.91191 0.83776 0.85084 0.75794 0.75345 0.73300 0.72862 0.82511 0.00000 0.00000 0.00000 0.00000 0.00000 0.00000 0.00000 0.00000 0.00000
0.00000 0.00000 0.00000 0.00000 0.47628 0.83711 0.89770 0.94138 0.90688 0.83177 0.82831 0.82899 0.89446 0.75388 0.74915 0.51662 0.00000 0.00000 0.00000 0.00000 0.00000 0.00000 0.00000 0.00000 0.00000
0.00000 0.00000 0.00000 0.00000 0.48931 0.76191 0.89221 0.88046 0.76614 0.80922 0.74077 0.75586 0.91716 0.85444 0.84321 0.82714 0.00000 0.00000 0.00000 0.00000 0.00000 0.00000 0.00000 0.00000 0.00000
0.00000 0.00000 0.00000 0.00000 0.22832 0.34488 0.00000 0.41209 0.21019 0.62099 0.68464 0.84897 0.93854 0.92357 0.93233 0.89783 0.00000 0.00000 0.00000 0.00000 0.00000 0.00000 0.00000 0.00000 0.00000
0.00000 0.00000 0.00000 0.00000 0.23934 0.80118 0.40658 0.70911 0.00000 0.00000 0.00000 0.00000 0.90748 0.94790 0.97433 0.94088 0.89285 0.95022 0.95246 0.97869 0.00000 0.00000 0.00000 0.00000 0.00000
0.00000 0.00000 0.00000 0.00000 0.77923 0.85939 0.82556 0.70780 0.00000 0.00000 0.00000 0.00000 0.93594 0.95094 1.00000 0.97215 0.94407 0.92110 0.94751 0.96183 0.00000 0.00000 0.00000 0.00000 0.00000
0.00000 0.00000 0.00000 0.00000 0.86811 0.85231 0.65380 0.87308 0.00000 0.00000 0.00000 0.00000 0.97604 0.99020 0.97848 0.96786 0.94687 0.93241 0.93265 0.96309 0.00000 0.00000 0.00000 0.00000 0.00000
0.00000 0.00000 0.00000 0.00000 0.91251 0.79429 0.88254 0.85023 0.00000 0.00000 0.00000 0.00000 0.98410 0.99259 1.00000 0.94476 0.93776 0.91848 0.95585 0.95098 0.00000 0.00000 0.00000 0.00000 0.00000
0.00000 0.00000 0.00000 0.00000 0.00000 0.00000 0.00000 0.00000 0.00000 0.00000 0.00000 0.00000 0.00000 0.00000 0.00000 0.00000 0.00000 0.00000 0.00000 0.00000 0.00000 0.00000 0.00000 0.00000 0.00000
0.00000 0.00000 0.00000 0.00000 0.00000 0.00000 0.00000 0.00000 0.00000 0.00000 0.00000 0.00000 0.00000 0.00000 0.00000 0.00000 0.00000 0.00000 0.00000 0.00000 0.00000 0.00000 0.00000 0.00000 0.00000
0.00000 0.00000 0.00000 0.00000 0.00000 0.00000 0.00000 0.00000 0.00000 0.00000 0.00000 0.00000 0.00000 0.00000 0.00000 0.00000 0.00000 0.00000 0.00000 0.00000 0.00000 0.00000 0.00000 0.00000 0.00000
0.00000 0.00000 0.00000 0.00000 0.00000 0.00000 0.00000 0.00000 0.00000 0.00000 0.00000 0.00000 0.00000 0.00000 0.00000 0.00000 0.00000 0.00000 0.00000 0.00000 0.00000 0.00000 0.00000 0.00000 0.00000
0.00000 0.00000 0.00000 0.00000 0.00000 0.00000 0.00000 0.00000 0.00000 0.00000 0.00000 0.00000 0.00000 0.00000 0.00000 0.00000 0.00000 0.00000 0.00000 0.00000 0.00000 0.00000 0.00000 0.00000 0.00000
