# name=grid_sheared field=200x200 stride=8
25 25
0.00000 0.00000 0.00000 0.00000 0.00000 0.00000 0.00000 0.00000 0.00000 0.00000 0.00000 0.00000 0.00000 0.00000 0.00000 0.00000 0.00000 0.00000 0.00000 0.00000 0.00000 0.00000 0.00000 0.00000 0.00000
0.00000 0.00000 0.00000 0.00000 0.00000 0.00000 0.00000 0.00000 0.00000 0.00000 0.00000 0.00000 0.00000 0.00000 0.00000 0.00000 0.00000 0.00000 0.00000 0.00000 0.00000 0.00000 0.00000 0.00000 0.00000
0.00000 0.00000 0.00000 0.00000 0.00000 0.00000 0.00000 0.00000 0.00000 0.00000 0.00000 0.00000 0.00000 0.00000 0.00000 0.00000 0.00000 0.00000 0.00000 0.00000 0.00000 0.00000 0.00000 0.00000 0.00000
0.00000 0.00000 0.00000 0.00000 0.00000 0.00000 0.00000 0.00000 0.00000 0.00000 0.00000 0.00000 0.00000 0.00000 0.00000 0.00000 0.00000 0.00000 0.00000 0.00000 0.00000 0.00000 0.00000 0.00000 0.00000
0.00000 0.00000 0.00000 0.00000 0.95785 0.97731 0.95762 0.97731 0.95762 0.97731 0.95762 0.97731 0.95762 0.97731 0.95762 0.97731 0.95762 0.97731 0.95850 0.97730 0.96236 0.97731 0.97730 0.97730 0.00000
0.00000 0.00000 0.00000 0.00000 0.97748 0.96256 0.95928 0.96257 0.97748 0.96256 0.95928 0.96257 0.97748 0.96256 0.95928 0.96257 0.97748 0.96256 0.96011 0.96448 0.97743 0.96785 0.97727 0.96741 0.00000
0.00000 0.00000 0.00000 0.00000 0.97771 0.94098 0.97777 0.94100 0.97771 0.94098 0.97777 0.94100 0.97771 0.94098 0.97777 0.94100 0.97771 0.94098 0.97774 0.94553 0.97761 0.95363 0.97775 0.96485 0.00000
0.00000 0.00000 0.00000 0.00000 0.96551 0.96333 0.96581 0.96333 0.96551 0.96333 0.96581 0.96333 0.96551 0.96333 0.96581 0.96333 0.96551 0.96333 0.97810 0.96490 0.97787 0.96768 0.97811 0.97838 0.00000
0.73533 0.87486 0.92883 0.93878 0.96497 0.96407 0.97834 0.96407 0.97824 0.96407 0.97834 0.96407 0.97824 0.96407 0.97834 0.96407 0.97824 0.96407 0.97834 0.96507 0.00000 0.00000 0.00000 0.00000 0.97927
0.82317 0.90288 0.94591 0.93229 0.96547 0.96372 0.96574 0.95279 0.96536 0.96372 0.96574 0.95279 0.96536 0.96372 0.96574 0.95279 0.96536 0.96372 0.96574 0.95426 0.00000 0.00000 0.00000 0.00000 0.96810
0.85232 0.90677 0.91510 0.96598 0.94352 0.96967 0.90723 0.96978 0.94370 0.96967 0.90723 0.96978 0.94370 0.96967 0.90723 0.96978 0.94370 0.96967 0.90723 0.97039 0.00000 0.00000 0.00000 0.00000 0.96280
0.94092 0.91270 0.93386 0.94074 0.94372 0.94716 0.94140 0.94710 0.94343 0.94716 0.94140 0.94710 0.94343 0.94716 0.94140 0.94710 0.94343 0.94716 0.94251 0.96233 0.00000 0.00000 0.00000 0.00000 0.97858
0.00000 0.00000 0.00000 0.00000 0.96954 0.97014 0.95979 0.97011 0.96933 0.97014 0.95979 0.97011 0.96933 0.97014 0.95979 0.97011 0.96933 0.97014 0.96057 0.97093 0.97119 0.97262 0.95824 0.97774 0.00000
0.00000 0.00000 0.00000 0.00000 0.97748 0.96256 0.95928 0.96257 0.97748 0.96256 0.95928 0.96257 0.97748 0.96256 0.95928 0.96257 0.97748 0.96256 0.96011 0.96448 0.97743 0.96785 0.96676 0.94860 0.00000
0.00000 0.00000 0.00000 0.00000 0.97771 0.94098 0.97777 0.94100 0.97771 0.94098 0.97777 0.94100 0.97771 0.94098 0.97777 0.94100 0.97771 0.94098 0.97774 0.94553 0.97761 0.95363 0.97775 0.96485 0.00000
0.00000 0.00000 0.00000 0.00000 0.96551 0.96333 0.96581 0.96333 0.96551 0.96333 0.96581 0.96333 0.96551 0.96333 0.96581 0.96333 0.96551 0.96333 0.97810 0.96490 0.97787 0.96768 0.97811 0.97838 0.00000
0.73533 0.87486 0.92883 0.93878 0.96497 0.96407 0.97834 0.96407 0.97824 0.96407 0.97834 0.96407 0.97824 0.96407 0.97834 0.96407 0.97824 0.96407 0.97834 0.96507 0.00000 0.00000 0.00000 0.00000 0.97927
0.82317 0.90288 0.94591 0.93229 0.96547 0.96372 0.96574 0.95279 0.96536 0.96372 0.96574 0.95279 0.96536 0.96372 0.96574 0.95279 0.96536 0.96372 0.96574 0.95426 0.00000 0.00000 0.00000 0.00000 0.96810
0.85232 0.90677 0.91510 0.96598 0.94352 0.96967 0.90723 0.96978 0.94370 0.96967 0.90723 0.96978 0.94370 0.96967 0.90723 0.96978 0.94370 0.96967 0.90723 0.97039 0.00000 0.00000 0.00000 0.00000 0.96280
0.94092 0.93528 0.95221 0.94275 0.95998 0.94887 0.95756 0.94881 0.95972 0.94887 0.95756 0.94881 0.95972 0.94887 0.95756 0.94881 0.95972 0.94887 0.95816 0.96310 0.00000 0.00000 0.00000 0.00000 0.97851
0.00000 0.00000 0.00000 0.00000 0.00000 0.00000 0.00000 0.00000 0.00000 0.00000 0.00000 0.00000 0.00000 0.00000 0.00000 0.00000 0.00000 0.00000 0.00000 0.00000 0.00000 0.00000 0.00000 0.00000 0.00000
0.00000 0.00000 0.00000 0.00000 0.00000 0.00000 0.00000 0.00000 0.00000 0.00000 0.00000 0.00000 0.00000 0.00000 0.00000 0.00000 0.00000 0.00000 0.00000 0.00000 0.00000 0.00000 0.00000 0.00000 0.00000
0.00000 0.00000 0.00000 0.00000 0.00000 0.00000 0.00000 0.00000 0.00000 0.00000 0.00000 0.00000 0.00000 0.00000 0.00000 0.00000 0.00000 0.00000 0.00000 0.00000 0.00000 0.00000 0.00000 0.00000 0.00000
0.00000 0.00000 0.00000 0.00000 0.00000 0.00000 0.00000 0.00000 0.00000 0.00000 0.00000 0.00000 0.00000 0.00000 0.00000 0.00000 0.00000 0.00000 0.00000 0.00000 0.00000 0.00000 0.00000 0.00000 0.00000
0.00000 0.00000 0.00000 0.00000 0.00000 0.00000 0.00000 0.00000 0.00000 0.00000 0.00000 0.00000 0.00000 0.00000 0.00000 0.00000 0.00000 0.00000 0.00000 0.00000 0.00000 0.00000 0.00000 0.00000 0.00000
