# name=grid_streets_mixed field=200x200 stride=8
25 25
0.55309 0.52642 1.00000 0.91642 0.94494 0.92769 0.96383 0.92727 0.91567 0.91913 0.93737 0.97195 0.97101 1.00000 0.96812 0.95041 0.97362 1.00000 1.00000 1.00000 0.93612 0.97391 1.00000 1.00000 0.81650
0.52251 1.00000 0.96862 1.00000 0.97400 1.00000 0.96803 0.97578 0.96913 0.97351 1.00000 0.97566 1.00000 0.98352 1.00000 1.00000 0.97735 1.00000 1.00000 1.00000 1.00000 0.97760 1.00000 1.00000 0.81650
0.95391 0.96009 0.97746 0.97160 0.98079 1.00000 1.00000 0.99117 1.00000 1.00000 1.00000 1.00000 1.00000 1.00000 1.00000 1.00000 1.00000 1.00000 0.98743 1.00000 1.00000 1.00000 1.00000 1.00000 0.81650
0.45991 1.00000 0.97715 1.00000 0.99117 1.00000 0.97671 0.98242 1.00000 0.98775 1.00000 1.00000 1.00000 0.98819 1.00000 1.00000 1.00000 1.00000 1.00000 1.00000 1.00000 1.00000 1.00000 1.00000 0.81650
0.94625 0.97588 0.97860 0.98731 0.96566 0.98611 0.99093 0.99183 0.99293 1.00000 1.00000 0.98657 1.00000 0.98765 0.98927 0.99027 1.00000 1.00000 1.00000 1.00000 1.00000 1.00000 1.00000 1.00000 0.81650
0.88734 1.00000 0.97604 1.00000 1.00000 1.00000 0.99177 0.98335 1.00000 0.98258 1.00000 1.00000 1.00000 0.98743 1.00000 1.00000 1.00000 1.00000 1.00000 1.00000 1.00000 1.00000 1.00000 1.00000 0.81650
0.88322 1.00000 0.97765 1.00000 0.98594 1.00000 1.00000 0.99120 1.00000 0.99080 1.00000 1.00000 1.00000 1.00000 1.00000 1.00000 1.00000 1.00000 1.00000 1.00000 1.00000 1.00000 1.00000 1.00000 0.81650
0.88502 0.94217 0.97952 1.00000 0.98574 1.00000 1.00000 0.98180 1.00000 0.98069 1.00000 0.97744 1.00000 1.00000 1.00000 1.00000 1.00000 1.00000 1.00000 1.00000 1.00000 1.00000 1.00000 1.00000 0.81650
0.89006 1.00000 0.97555 1.00000 1.00000 1.00000 0.99161 0.99033 1.00000 0.97939 1.00000 0.96085 1.00000 1.00000 1.00000 1.00000 1.00000 1.00000 0.98736 1.00000 1.00000 1.00000 1.00000 1.00000 1.00000
1.00000 1.00000 1.00000 1.00000 0.98458 1.00000 1.00000 0.99310 1.00000 1.00000 1.00000 0.98763 1.00000 1.00000 0.99111 0.99092 1.00000 1.00000 0.99040 1.00000 1.00000 1.00000 1.00000 1.00000 1.00000
0.95777 1.00000 1.00000 1.00000 1.00000 1.00000 1.00000 1.00000 1.00000 1.00000 1.00000 1.00000 1.00000 1.00000 1.00000 1.00000 1.00000 1.00000 1.00000 1.00000 1.00000 1.00000 1.00000 1.00000 1.00000
0.98550 0.98735 1.00000 1.00000 1.00000 1.00000 1.00000 1.00000 1.00000 1.00000 1.00000 1.00000 1.00000 1.00000 1.00000 1.00000 1.00000 1.00000 1.00000 1.00000 1.00000 1.00000 1.00000 1.00000 1.00000
0.96073 1.00000 1.00000 1.00000 1.00000 1.00000 1.00000 1.00000 1.00000 1.00000 1.00000 1.00000 1.00000 1.00000 1.00000 1.00000 1.00000 1.00000 1.00000 1.00000 1.00000 1.00000 1.00000 1.00000 0.81650
1.00000 1.00000 1.00000 1.00000 1.00000 1.00000 1.00000 1.00000 1.00000 1.00000 1.00000 1.00000 1.00000 1.00000 1.00000 1.00000 1.00000 1.00000 1.00000 1.00000 1.00000 1.00000 1.00000 1.00000 0.81650
1.00000 1.00000 1.00000 1.00000 1.00000 1.00000 1.00000 1.00000 1.00000 1.00000 1.00000 1.00000 1.00000 1.00000 1.00000 1.00000 1.00000 1.00000 1.00000 1.00000 1.00000 1.00000 1.00000 1.00000 0.81650
0.98816 0.98957 1.00000 0.99277 1.00000 1.00000 1.00000 1.00000 1.00000 1.00000 1.00000 1.00000 1.00000 1.00000 1.00000 1.00000 1.00000 1.00000 0.99576 1.00000 1.00000 1.00000 1.00000 1.00000 0.81650
0.92391 1.00000 1.00000 1.00000 1.00000 1.00000 1.00000 1.00000 1.00000 1.00000 1.00000 1.00000 1.00000 1.00000 1.00000 1.00000 1.00000 1.00000 1.00000 1.00000 1.00000 1.00000 1.00000 1.00000 0.81650
0.97928 0.98187 1.00000 1.00000 1.00000 1.00000 1.00000 1.00000 1.00000 1.00000 1.00000 1.00000 1.00000 1.00000 1.00000 1.00000 1.00000 1.00000 1.00000 1.00000 1.00000 1.00000 1.00000 1.00000 0.81650
0.78393 1.00000 0.98199 1.00000 0.98493 1.00000 0.98164 0.98616 1.00000 0.98485 1.00000 0.98659 1.00000 0.99075 1.00000 1.00000 1.00000 1.00000 1.00000 1.00000 1.00000 1.00000 1.00000 1.00000 0.81650
1.00000 1.00000 0.98289 1.00000 0.98425 1.00000 1.00000 0.99400 1.00000 1.00000 1.00000 1.00000 1.00000 0.99525 1.00000 1.00000 1.00000 1.00000 1.00000 1.00000 1.00000 1.00000 1.00000 1.00000 0.81650
0.67617 1.00000 0.98124 1.00000 1.00000 1.00000 1.00000 0.98558 1.00000 0.98421 1.00000 1.00000 1.00000 0.99496 1.00000 1.00000 1.00000 1.00000 1.00000 1.00000 1.00000 1.00000 1.00000 1.00000 0.81650
0.93934 1.00000 0.98420 1.00000 1.00000 1.00000 1.00000 0.99258 1.00000 1.00000 1.00000 1.00000 1.00000 1.00000 1.00000 1.00000 1.00000 1.00000 1.00000 1.00000 1.00000 1.00000 1.00000 1.00000 0.81650
0.72673 0.97840 0.98404 0.98475 1.00000 1.00000 1.00000 0.98784 0.98740 0.98701 0.99227 1.00000 1.00000 1.00000 0.99401 1.00000 1.00000 1.00000 1.00000 1.00000 1.00000 1.00000 1.00000 1.00000 0.81650
0.76529 1.00000 1.00000 1.00000 1.00000 1.00000 1.00000 1.00000 1.00000 1.00000 1.00000 1.00000 1.00000 1.00000 1.00000 1.00000 1.00000 1.00000 1.00000 1.00000 1.00000 1.00000 1.00000 1.00000 0.81650
0.66667 0.81650 0.81650 0.81650 0.81650 0.81650 0.81650 0.81650 1.00000 1.00000 1.00000 1.00000 1.00000 1.00000 1.00000 1.00000 0.81650 0.81650 0.81650 0.81650 0.81650 0.81650 0.81650 0.81650 0.66667
