# name=grid_rotated_30 field=200x200 stride=8
25 25
0.36184 0.35387 0.65916 0.71460 0.72248 0.72342 0.62408 0.69812 0.71997 0.72244 0.61665 0.72172 0.66486 0.71434 0.75588 0.71377 0.74242 0.74826 0.71084 0.71606 0.75317 0.77910 0.73476 0.76637 0.77355
0.44564 0.53734 0.66383 0.70409 0.75064 0.73945 0.73057 0.74693 0.70446 0.72214 0.68546 0.72368 0.67743 0.68409 0.75366 0.72466 0.73397 0.72494 0.74338 0.77235 0.75496 0.77602 0.76523 0.76700 0.78057
0.38519 0.62074 0.70887 0.74227 0.75824 0.73668 0.76355 0.75724 0.72401 0.72436 0.69915 0.72822 0.72932 0.73048 0.75149 0.75836 0.76251 0.74061 0.75100 0.76971 0.75759 0.76048 0.77365 0.77369 0.77537
0.47643 0.69996 0.73743 0.75563 0.77091 0.75967 0.75868 0.73236 0.72858 0.73651 0.72519 0.73431 0.73946 0.72819 0.75206 0.75692 0.75066 0.75138 0.76356 0.76695 0.76133 0.77080 0.77177 0.77193 0.77237
0.74081 0.74952 0.73739 0.77232 0.76886 0.75779 0.76084 0.75270 0.74140 0.72945 0.72340 0.72738 0.74159 0.73871 0.75063 0.75686 0.75881 0.74896 0.75944 0.76544 0.76807 0.76735 0.76752 0.76809 0.76703
0.75531 0.75463 0.75599 0.77062 0.76823 0.76378 0.75904 0.75091 0.73065 0.73838 0.73032 0.74503 0.75076 0.75362 0.74754 0.73349 0.75585 0.74028 0.75843 0.75421 0.76414 0.76417 0.75912 0.75484 0.76378
0.71428 0.77635 0.77032 0.76677 0.76408 0.75170 0.75714 0.74928 0.74382 0.73016 0.74014 0.75182 0.74498 0.75884 0.75025 0.75660 0.74529 0.75500 0.74861 0.75896 0.75901 0.75920 0.75631 0.75822 0.75834
0.68588 0.74390 0.75773 0.76149 0.75834 0.75652 0.74725 0.73775 0.74599 0.74421 0.75210 0.75953 0.76253 0.76560 0.74601 0.75797 0.75337 0.75136 0.74632 0.75181 0.75327 0.75239 0.74814 0.75159 0.75283
0.75072 0.72498 0.73790 0.74663 0.73619 0.74737 0.74320 0.74981 0.73854 0.73942 0.74900 0.76312 0.76762 0.76962 0.76580 0.76055 0.74359 0.74123 0.74946 0.74928 0.74624 0.74270 0.74107 0.74184 0.74442
0.74344 0.73221 0.76013 0.74794 0.75604 0.75459 0.74464 0.74442 0.75479 0.75530 0.75886 0.76386 0.76933 0.77014 0.75746 0.75249 0.75602 0.73683 0.75002 0.73988 0.74380 0.73536 0.73580 0.72870 0.73300
0.71348 0.72712 0.75828 0.74514 0.75544 0.74374 0.75580 0.74824 0.76007 0.75313 0.76383 0.76501 0.75972 0.76448 0.76842 0.76388 0.74488 0.74597 0.75376 0.73841 0.74345 0.73742 0.73528 0.73166 0.72850
0.75794 0.75649 0.75592 0.75471 0.75178 0.74448 0.74815 0.74908 0.76282 0.75751 0.76521 0.76811 0.76828 0.76307 0.76884 0.76490 0.76044 0.76048 0.75678 0.75209 0.74651 0.74092 0.73505 0.73548 0.72772
0.66533 0.68847 0.72293 0.72724 0.73970 0.75203 0.75631 0.76165 0.76544 0.76701 0.76671 0.74424 0.75157 0.75027 0.76952 0.75710 0.76777 0.75483 0.76046 0.74676 0.75005 0.74306 0.74068 0.73269 0.73382
0.68351 0.69002 0.72951 0.74399 0.74401 0.74885 0.74445 0.75847 0.75417 0.76819 0.75913 0.76962 0.76933 0.76999 0.75432 0.77157 0.76927 0.76863 0.76365 0.75769 0.75243 0.74904 0.74661 0.74658 0.74782
0.71701 0.72668 0.72332 0.73781 0.72795 0.74227 0.74838 0.75485 0.76353 0.76808 0.76914 0.77063 0.75838 0.77080 0.76333 0.77239 0.76353 0.76813 0.76188 0.75919 0.75389 0.74941 0.75358 0.75342 0.75135
0.60670 0.67950 0.71722 0.72463 0.72059 0.72039 0.73195 0.75317 0.76109 0.76781 0.77004 0.76938 0.75789 0.75844 0.76920 0.77030 0.76302 0.76597 0.76169 0.75773 0.75609 0.75832 0.75807 0.75967 0.73556
0.71008 0.71311 0.71868 0.73468 0.73516 0.73798 0.73011 0.74901 0.74179 0.76421 0.75879 0.75904 0.76606 0.76583 0.76524 0.76566 0.76485 0.75635 0.75708 0.75751 0.75625 0.75621 0.75209 0.76319 0.75762
0.70752 0.69647 0.71932 0.72712 0.74225 0.73426 0.74796 0.75240 0.74811 0.75280 0.76551 0.76429 0.76246 0.74769 0.75928 0.74669 0.75360 0.75011 0.75649 0.75592 0.75848 0.76070 0.76337 0.76425 0.76628
0.74672 0.75647 0.75163 0.72766 0.75140 0.73944 0.75246 0.74089 0.75534 0.75846 0.75145 0.76021 0.75861 0.75451 0.74773 0.75297 0.75344 0.75503 0.75626 0.75014 0.75814 0.75876 0.76151 0.75511 0.75134
0.72435 0.76407 0.76016 0.74161 0.75757 0.75663 0.75122 0.74905 0.75202 0.75491 0.75678 0.75738 0.75612 0.73812 0.74811 0.73244 0.74002 0.75266 0.75435 0.75665 0.75640 0.75872 0.75989 0.76252 0.76602
0.77150 0.75633 0.76513 0.76248 0.75997 0.75837 0.75746 0.75497 0.75290 0.75379 0.75439 0.75488 0.75370 0.75121 0.74558 0.74260 0.74268 0.74081 0.75217 0.75406 0.75607 0.75681 0.75800 0.76076 0.76463
0.76505 0.75473 0.76172 0.76418 0.76120 0.76007 0.75905 0.75640 0.75450 0.75304 0.75348 0.74973 0.74979 0.74960 0.73976 0.73861 0.73161 0.74326 0.75015 0.75391 0.75560 0.75664 0.76016 0.75907 0.76710
0.74428 0.75632 0.75725 0.76204 0.76100 0.76223 0.76101 0.75917 0.74883 0.74482 0.75443 0.75079 0.74492 0.74849 0.73323 0.73141 0.73472 0.74135 0.73710 0.74261 0.75668 0.75747 0.76174 0.76454 0.76845
0.72976 0.74392 0.74843 0.75580 0.75306 0.76501 0.76427 0.75911 0.74568 0.75349 0.75964 0.74438 0.73635 0.73815 0.73171 0.72420 0.72446 0.74082 0.74836 0.75480 0.75857 0.76115 0.76383 0.76646 0.77105
0.71007 0.76945 0.73946 0.75035 0.76410 0.77112 0.76975 0.76828 0.76656 0.75572 0.75840 0.75933 0.73681 0.73911 0.73281 0.70679 0.71900 0.74198 0.75081 0.75810 0.76228 0.76420 0.76739 0.77014 0.77459
