# name=hexagonal field=200x200 stride=8
25 25
0.26948 0.65458 0.59867 0.53417 0.83277 0.88166 0.92190 0.91126 0.88581 0.86396 0.91752 0.87596 0.83408 0.83277 0.83116 0.83507 0.54823 0.52085 0.46623 0.80392 0.93735 0.94092 0.96887 0.98579 0.97787
0.67115 0.64246 0.79404 0.73746 0.86338 0.90067 0.94156 0.94015 0.87001 0.94004 0.89677 0.94862 0.86377 0.86338 0.86261 0.86377 0.68838 0.52860 0.74555 0.79348 0.96495 0.95755 0.95503 0.96946 0.96722
0.85610 0.84036 0.89682 0.86027 0.84749 0.87644 0.93407 0.93810 0.96102 0.93616 0.96668 0.93502 0.84757 0.84749 0.84708 0.84733 0.80339 0.72948 0.83330 0.88103 0.96284 0.95925 0.98883 0.98808 1.00000
0.56982 0.91103 0.88310 0.86791 0.90156 0.89535 0.95608 0.92388 0.95552 0.92517 0.96786 0.92025 0.86335 0.86338 0.86303 0.90655 0.83018 0.83100 0.79187 0.89301 0.96514 0.96721 0.98037 0.98691 0.99379
0.90131 0.92488 0.91580 0.93601 0.91772 0.93673 0.92961 0.94061 0.95613 0.96642 0.96115 0.93394 0.90623 0.90625 0.90607 0.90603 0.89093 0.89296 0.90606 0.94164 0.95514 0.96675 0.98412 0.98177 0.98789
0.81061 0.80427 0.87913 0.87454 0.86338 0.89122 0.91427 0.92365 0.89550 0.95265 0.94437 0.96042 0.90232 0.90230 0.90201 0.90207 0.90749 0.79188 0.92301 0.90112 0.95752 0.96126 0.95119 0.96858 0.97458
0.90551 0.88106 0.91912 0.93734 0.92096 0.93994 0.93077 0.96877 0.95660 0.95524 0.96561 0.95917 0.90893 0.90903 0.90893 0.90864 0.89667 0.90973 0.92230 0.94117 0.95615 0.96760 0.98380 0.98177 0.98794
0.56742 0.90794 0.88051 0.86720 0.90156 0.89535 0.95607 0.91397 0.95545 0.92336 0.96696 0.91844 0.90201 0.90230 0.90232 0.94211 0.86120 0.90796 0.79188 0.95559 0.95832 0.96071 0.97990 0.98691 0.99379
0.90146 0.87782 0.91630 0.93408 0.90625 0.93867 0.92833 0.98762 0.96366 0.98644 0.93464 0.93593 0.93032 0.93014 0.93014 0.93067 0.89471 0.89310 0.90634 0.93857 0.95364 0.96696 0.98306 0.98133 0.98664
0.80825 0.80368 0.89373 0.90239 0.86338 0.89122 0.91427 0.94449 0.89557 0.94399 0.88845 0.93685 0.90123 0.90321 0.90130 0.90335 0.90749 0.79187 0.92301 0.87600 0.95752 0.96126 0.95057 0.96747 0.97281
0.79963 0.92818 0.91844 0.93904 0.94581 0.93791 0.94301 0.96339 0.96679 0.95068 0.96413 0.93512 0.93362 0.93371 0.93397 0.93370 0.89580 0.91153 0.84820 0.95594 0.95747 0.96735 0.98480 0.98219 0.98912
0.56929 0.91087 0.88294 0.89808 0.90832 0.89541 0.97529 0.95065 0.94692 0.89666 0.97274 0.89181 0.90281 0.90147 0.90349 0.94162 0.83064 0.90787 0.79170 0.95556 0.95836 0.96069 0.98033 0.98694 0.99380
0.90368 0.89506 0.91885 0.93429 0.90809 0.94148 0.92894 0.94314 0.91630 0.98630 0.92713 0.93880 1.00000 1.00000 1.00000 1.00000 0.89652 0.84748 0.90869 0.93725 0.98025 0.96789 1.00000 0.98350 0.98649
0.80884 0.88411 0.83626 0.85139 0.85573 0.89161 0.90111 0.92436 0.90303 0.94504 0.89867 0.93832 0.96623 0.96008 0.97788 0.96283 0.90811 0.81613 0.92382 0.88855 0.97319 0.99296 0.96890 0.96014 0.97876
0.80282 0.92760 0.91693 0.93973 0.91841 0.93539 0.93821 0.93592 0.96703 0.95032 0.96481 0.93257 1.00000 1.00000 1.00000 1.00000 0.83824 0.89412 0.86429 0.94316 0.95809 0.97745 0.98564 0.98271 0.99057
0.74356 0.89014 0.89756 0.86831 0.87386 0.88573 0.95609 0.93901 0.94677 0.93651 0.97098 0.87686 0.97131 0.96530 0.97264 1.00000 0.84759 0.90786 0.86342 0.95555 0.97248 0.96917 0.98167 1.00000 0.97642
0.90451 0.89573 0.92651 0.93298 0.90827 0.94303 0.92575 0.94287 0.91353 0.98506 0.89866 0.92633 0.93336 0.90827 0.93266 0.90726 0.96023 0.88780 0.96041 0.90087 0.96224 0.96778 0.98019 0.98198 0.98533
0.80638 0.88439 0.89695 0.85148 0.83983 0.89340 0.89928 0.93809 0.92318 0.97629 0.89691 0.95288 0.86401 0.83983 0.86651 0.84507 0.95298 0.87924 0.94287 0.95243 0.96002 0.97975 0.96040 0.96528 0.97917
0.80286 0.92823 0.91362 0.92440 0.91500 0.93192 0.93668 0.93496 0.96574 0.94794 0.96367 0.92903 0.89117 0.92861 0.90464 0.91197 0.89784 0.95772 0.90630 0.97926 0.95740 0.97339 0.98615 0.98258 0.99066
0.73835 0.92362 0.93012 0.91944 0.91715 0.91052 0.96758 0.95495 0.94908 0.95282 1.00000 0.90315 0.88390 0.88412 0.88205 0.97004 0.89919 0.97413 0.90456 0.97043 0.97290 0.97883 0.98285 1.00000 0.99416
0.96159 0.95163 0.99347 0.91410 0.98282 0.98729 0.96204 0.99360 0.97423 0.97735 0.95316 0.99387 0.91115 0.95369 0.97303 0.90033 0.98372 0.96050 0.98422 0.93876 0.99100 0.97549 0.99113 0.99180 1.00000
0.92665 0.92433 0.96635 0.93414 0.94911 0.97987 0.95443 0.97333 0.96837 0.97838 0.95892 0.98310 0.93408 0.93425 0.96644 0.94087 0.96121 0.93781 0.96856 0.95101 0.99420 1.00000 0.99492 0.99561 1.00000
0.87780 0.96948 0.96405 0.97003 0.96815 0.94383 0.99465 0.97933 0.98212 0.96038 0.98698 0.96228 0.96928 0.95537 0.93717 0.97000 0.94020 0.97227 0.94601 0.98824 0.96739 0.99498 0.99654 1.00000 1.00000
0.92390 0.97118 0.96990 0.95447 0.96685 0.97124 0.97881 0.98153 0.98609 0.99501 0.98825 0.97092 0.95325 0.94864 0.96047 0.96626 0.96199 0.96620 0.96442 0.97676 0.99341 0.99282 0.99654 1.00000 1.00000
0.96297 0.95240 0.99310 0.96508 0.96622 1.00000 0.96688 0.98431 1.00000 0.98533 0.96392 0.99356 0.96422 0.96812 0.96815 0.96215 0.98122 0.98194 0.99053 0.98260 0.99380 1.00000 1.00000 1.00000 1.00000
