# name=mixed_regions field=200x200 stride=8
25 25
0.00000 0.00000 0.50295 0.00000 0.87825 0.87575 0.87825 0.87575 0.45557 0.00000 0.52806 0.00000 0.00000 0.00000 0.00000 0.00000 0.00000 0.00000 0.00000 0.00000 0.00000 0.00000 0.00000 0.00000 0.00000
0.00000 0.52211 1.00000 0.93222 1.00000 0.95167 1.00000 0.95167 1.00000 0.95852 1.00000 0.53470 0.11780 0.00000 0.00000 0.00000 0.00000 0.00000 0.00000 0.00000 0.00000 0.00000 0.00000 0.00000 0.00000
0.50295 1.00000 0.95276 1.00000 0.96239 1.00000 0.96239 1.00000 0.98026 1.00000 0.97159 1.00000 0.11065 0.05248 0.00000 0.00000 0.00000 0.00000 0.00000 0.00000 0.00000 0.00000 0.00000 0.00000 0.00000
0.00000 0.93222 1.00000 1.00000 1.00000 1.00000 1.00000 1.00000 1.00000 1.00000 1.00000 0.88362 0.47053 0.04819 0.00000 0.00000 0.00000 0.00000 0.00000 0.00000 0.00000 0.00000 0.00000 0.00000 0.00000
0.87825 1.00000 0.96239 1.00000 0.98851 1.00000 0.98851 1.00000 0.98451 1.00000 0.97764 0.90428 0.00000 0.00000 0.00000 0.00000 0.00000 0.00000 0.00000 0.00000 0.60427 0.65398 0.69089 0.71255 0.72871
0.87575 0.95167 1.00000 1.00000 1.00000 1.00000 1.00000 1.00000 1.00000 1.00000 0.96735 0.89061 0.00000 0.00000 0.00000 0.00000 0.00000 0.00000 0.00000 0.00000 0.61589 0.67848 0.69726 0.71772 0.71285
0.87825 1.00000 0.96239 1.00000 0.98851 1.00000 0.98851 1.00000 0.98451 1.00000 0.97764 0.90428 0.00000 0.00000 0.00000 0.00000 0.00000 0.00000 0.00000 0.00000 0.62984 0.68034 0.71490 0.71295 0.70958
0.87575 0.95167 1.00000 1.00000 1.00000 1.00000 1.00000 1.00000 1.00000 1.00000 0.96735 0.87060 0.00000 0.00000 0.00000 0.00000 0.00000 0.00000 0.00000 0.00000 0.64997 0.69174 0.70227 0.71393 0.70881
0.87825 1.00000 0.96239 1.00000 0.98851 1.00000 0.98851 1.00000 0.98451 1.00000 0.97764 0.78125 0.37270 0.26786 0.18026 0.15957 0.21631 0.45653 0.59243 0.67052 0.63583 0.71443 0.73111 0.71807 0.73161
0.87575 0.95167 1.00000 1.00000 1.00000 1.00000 1.00000 1.00000 1.00000 1.00000 0.96735 0.79895 0.36409 0.25598 0.29783 0.27575 0.51570 0.56714 0.58731 0.67946 0.68075 0.75212 0.71158 0.72822 0.50513
0.87825 1.00000 0.96239 1.00000 0.98851 1.00000 0.98851 1.00000 0.98451 1.00000 0.94425 0.80928 0.32914 0.38240 0.26596 0.25185 0.47914 0.57778 0.59268 0.69319 0.71274 0.78354 0.77824 0.76059 0.70401
0.87575 0.95167 1.00000 1.00000 1.00000 1.00000 1.00000 1.00000 1.00000 1.00000 0.93474 0.80453 0.43063 0.38151 0.23282 0.22548 0.48922 0.61908 0.61438 0.69531 0.75261 0.78098 0.77515 0.76740 0.70545
0.87825 1.00000 0.96239 1.00000 0.98851 1.00000 0.98851 1.00000 0.98451 1.00000 0.97764 0.86872 0.15803 0.06908 0.00000 0.11126 0.44279 0.55261 0.63695 0.70647 0.73228 0.74456 0.74047 0.73854 0.49412
0.87575 0.95167 1.00000 1.00000 1.00000 1.00000 1.00000 1.00000 1.00000 1.00000 0.96735 0.86953 0.45331 0.35215 0.33205 0.48164 0.67728 0.60487 0.69093 0.68757 0.71590 0.73205 0.72147 0.70321 0.45415
0.87825 1.00000 0.96239 1.00000 0.98851 1.00000 0.98851 1.00000 0.98451 1.00000 0.97764 0.87380 0.44143 0.58549 0.64323 0.67198 0.72180 0.70109 0.68342 0.63138 0.66270 0.68928 0.65500 0.67768 0.43222
0.87575 0.95167 1.00000 1.00000 1.00000 1.00000 1.00000 1.00000 1.00000 1.00000 0.96735 0.85234 0.48508 0.71706 0.74414 0.73214 0.77293 0.76417 0.71505 0.62933 0.69046 0.68494 0.71447 0.66365 0.66156
0.87825 1.00000 0.96239 1.00000 0.98851 1.00000 0.98851 1.00000 0.98451 1.00000 0.97764 0.85565 0.79752 0.73166 0.74444 0.72327 0.75587 0.72696 0.52939 0.67429 0.41589 0.50386 0.60070 0.63723 0.00000
0.87575 0.95167 1.00000 1.00000 1.00000 1.00000 1.00000 1.00000 1.00000 1.00000 0.96735 0.85229 0.76876 0.65723 0.66466 0.66142 0.73203 0.70250 0.62575 0.64955 0.58327 0.63921 0.68751 0.70797 0.00000
0.87825 1.00000 0.98171 1.00000 1.00000 1.00000 1.00000 1.00000 1.00000 1.00000 1.00000 0.82448 0.63498 0.48721 0.53938 0.54581 0.67500 0.60776 0.56674 0.68044 0.69785 0.76107 0.77137 0.81430 0.00000
0.96028 0.98397 1.00000 1.00000 1.00000 1.00000 1.00000 1.00000 1.00000 1.00000 0.97195 0.88665 0.47419 0.33298 0.41577 0.44061 0.57952 0.56362 0.51992 0.72797 0.75045 0.81820 0.82151 0.82584 0.00000
0.72302 1.00000 0.98488 1.00000 0.98815 1.00000 0.98815 1.00000 1.00000 1.00000 1.00000 0.84040 0.00000 0.00000 0.00000 0.00000 0.32160 0.51377 0.56179 0.67553 0.00000 0.00000 0.00000 0.00000 0.00000
0.53881 0.97255 1.00000 1.00000 1.00000 1.00000 1.00000 1.00000 1.00000 1.00000 0.97418 0.87898 0.00000 0.00000 0.00000 0.00000 0.49024 0.52161 0.57977 0.67802 0.00000 0.00000 0.00000 0.00000 0.00000
0.74699 1.00000 1.00000 1.00000 1.00000 1.00000 1.00000 1.00000 1.00000 1.00000 1.00000 0.68669 0.00000 0.00000 0.00000 0.00000 0.49226 0.28606 0.37909 0.69239 0.00000 0.00000 0.00000 0.00000 0.00000
0.62600 0.77956 1.00000 1.00000 1.00000 1.00000 1.00000 1.00000 1.00000 1.00000 0.78170 0.77646 0.00000 0.00000 0.00000 0.00000 0.21797 0.36293 0.41262 0.44756 0.00000 0.00000 0.00000 0.00000 0.00000
0.66667 0.81650 0.81650 0.81650 1.00000 1.00000 1.00000 1.00000 0.81650 0.81650 0.81650 0.66667 0.00000 0.00000 0.00000 0.00000 0.00000 0.00000 0.00000 0.00000 0.00000 0.00000 0.00000 0.00000 0.00000
