# name=organic_walks field=200x200 stride=8
25 25
0.00000 0.00000 0.50061 0.50139 0.50217 0.65329 0.64217 0.42027 0.24229 0.22646 0.21248 0.00000 0.00000 0.00000 0.00000 0.00000 0.00000 0.00000 0.00000 0.00000 0.00000 0.57560 0.57560 0.57560 0.57560
0.24804 0.37004 0.62890 0.43045 0.50212 0.66649 0.63311 0.61912 0.38536 0.37147 0.20105 0.17415 0.00000 0.00000 0.00000 0.00000 0.00000 0.00000 0.00000 0.00000 0.42955 0.51525 0.57560 0.57560 0.57560
0.24843 0.55420 0.60808 0.66289 0.67471 0.65852 0.61998 0.61883 0.37044 0.35492 0.32113 0.15615 0.00000 0.00000 0.00000 0.00000 0.00000 0.00000 0.00000 0.00000 0.56511 0.51681 0.57560 0.57560 0.57560
0.24883 0.53527 0.58624 0.62131 0.62939 0.64763 0.60240 0.60958 0.35259 0.48256 0.43895 0.33085 0.00000 0.00000 0.00000 0.00000 0.00000 0.00000 0.00000 0.00000 0.53033 0.76998 0.83561 0.83160 0.82723
0.00000 0.19807 0.23864 0.23628 0.39714 0.41423 0.39798 0.58952 0.64219 0.60039 0.51709 0.19561 0.29655 0.26839 0.24304 0.14609 0.00000 0.00000 0.00000 0.14682 0.56168 0.70264 0.81451 0.80911 0.80356
0.00000 0.34613 0.45593 0.45724 0.38186 0.16725 0.57557 0.63350 0.65541 0.63812 0.59754 0.19000 0.43503 0.46106 0.13485 0.06803 0.00000 0.00000 0.00000 0.00000 0.56849 0.67572 0.73667 0.75320 0.75291
0.00000 0.26100 0.48614 0.50030 0.33511 0.52368 0.59816 0.42990 0.68180 0.66105 0.60669 0.53660 0.30023 0.34421 0.24147 0.08870 0.07971 0.00000 0.00000 0.10737 0.57786 0.66740 0.70992 0.71410 0.71790
0.27745 0.26340 0.27913 0.29315 0.19539 0.54620 0.64403 0.57059 0.70239 0.68016 0.64974 0.55120 0.12222 0.12537 0.13307 0.22901 0.16916 0.17181 0.00000 0.18396 0.59790 0.64429 0.64806 0.66312 0.66831
0.00000 0.00000 0.00000 0.00000 0.39843 0.65002 0.67068 0.69775 0.66177 0.66042 0.67728 0.63327 0.36982 0.37652 0.53250 0.31341 0.37529 0.38419 0.32576 0.41634 0.60745 0.63615 0.63972 0.64320 0.64654
0.00000 0.00000 0.00000 0.00000 0.36852 0.63768 0.66703 0.77954 0.56713 0.60630 0.67959 0.64619 0.37792 0.50409 0.54074 0.48385 0.55962 0.65348 0.50256 0.54347 0.61859 0.61423 0.62869 0.62983 0.61522
0.00000 0.00000 0.00000 0.00000 0.57996 0.57800 0.73372 0.75725 0.59918 0.69204 0.63142 0.44502 0.56407 0.56535 0.61878 0.69549 0.64676 0.64056 0.62035 0.56908 0.61441 0.62673 0.63134 0.63158 0.63123
0.00000 0.00000 0.00000 0.00000 0.49577 0.52002 0.65839 0.66868 0.60761 0.56632 0.45767 0.45604 0.68035 0.66840 0.68887 0.73717 0.65779 0.62926 0.68300 0.66376 0.70451 0.66206 0.66825 0.65106 0.65552
0.00000 0.00000 0.00000 0.00000 0.24406 0.24406 0.46729 0.48245 0.74380 0.74570 0.76629 0.72133 0.66396 0.64643 0.69118 0.75004 0.65812 0.65705 0.65384 0.64521 0.67408 0.68624 0.69046 0.68058 0.68144
0.00000 0.00000 0.00000 0.00000 0.52533 0.57370 0.64776 0.62420 0.74518 0.76729 0.73448 0.64365 0.59106 0.68947 0.70726 0.74095 0.66403 0.67116 0.63007 0.66488 0.65636 0.72515 0.72019 0.72427 0.70378
0.00000 0.00000 0.00000 0.00000 0.61406 0.57632 0.61690 0.65560 0.76851 0.75642 0.71625 0.52721 0.55517 0.63246 0.67082 0.58145 0.60759 0.57531 0.57620 0.54298 0.66864 0.71248 0.75505 0.74911 0.74068
0.00000 0.00000 0.00000 0.00000 0.70634 0.68821 0.64025 0.67073 0.78033 0.53894 0.68804 0.54829 0.33897 0.35211 0.53594 0.54968 0.63167 0.57728 0.57931 0.63778 0.68605 0.73031 0.75898 0.75455 0.74829
0.00000 0.00000 0.37878 0.40189 0.55207 0.55260 0.52852 0.56662 0.75267 0.49752 0.40002 0.39941 0.06251 0.07517 0.14924 0.00000 0.36824 0.35821 0.60091 0.51892 0.60836 0.70352 0.76112 0.74892 0.75560
0.00000 0.00000 0.42348 0.55411 0.48384 0.47744 0.47245 0.55636 0.81371 0.70494 0.68957 0.42709 0.39202 0.06965 0.08844 0.40233 0.37603 0.35068 0.52482 0.60969 0.67617 0.70858 0.72745 0.76153 0.76114
0.00000 0.00000 0.21183 0.36405 0.43696 0.48480 0.39713 0.55608 0.74833 0.64534 0.63908 0.32117 0.47523 0.41957 0.09804 0.12862 0.34801 0.56658 0.64225 0.58745 0.68897 0.70660 0.73911 0.75911 0.75873
0.00000 0.00000 0.00000 0.35282 0.45001 0.44832 0.59621 0.70277 0.64440 0.67984 0.65865 0.62405 0.59695 0.50419 0.34719 0.47717 0.51710 0.64874 0.66408 0.68618 0.72349 0.72546 0.74743 0.76543 0.75667
0.00000 0.00000 0.00000 0.00000 0.00000 0.32086 0.29301 0.52603 0.67109 0.72416 0.75416 0.72647 0.00000 0.00000 0.00000 0.00000 0.62868 0.60238 0.57442 0.61500 0.00000 0.00000 0.00000 0.00000 0.00000
0.00000 0.00000 0.00000 0.00000 0.00000 0.31469 0.39597 0.68526 0.73614 0.75541 0.76252 0.74526 0.00000 0.00000 0.00000 0.00000 0.62679 0.64038 0.61677 0.60582 0.00000 0.00000 0.00000 0.00000 0.00000
0.00000 0.00000 0.00000 0.00000 0.26592 0.41447 0.46629 0.72245 0.79217 0.78274 0.77499 0.75621 0.00000 0.00000 0.00000 0.00000 0.66121 0.66529 0.65341 0.62719 0.00000 0.00000 0.00000 0.00000 0.00000
0.00000 0.00000 0.00000 0.00000 0.32174 0.45458 0.54167 0.80528 0.79471 0.78488 0.77603 0.77011 0.00000 0.00000 0.00000 0.00000 0.68732 0.69881 0.68425 0.52617 0.00000 0.00000 0.00000 0.00000 0.00000
0.00000 0.00000 0.00000 0.00000 0.00000 0.54167 0.54167 0.54167 0.79861 0.78872 0.77852 0.50868 0.00000 0.00000 0.00000 0.00000 0.71887 0.72944 0.73865 0.43038 0.00000 0.00000 0.00000 0.00000 0.00000
