# name=rect_rotated_scattered field=200x200 stride=8
25 25
0.00000 0.00000 0.00000 0.00000 0.00000 0.00000 0.00000 0.00000 0.32311 0.00000 0.00000 0.00000 0.00000 0.00000 0.00000 0.00000 0.00000 0.00000 0.00000 0.00000 0.00000 0.00000 0.00000 0.00000 0.00000
0.00000 0.00000 0.00000 0.00000 0.00000 0.00000 0.34907 0.81104 0.97592 0.97590 0.97588 0.00000 0.00000 0.00000 0.00000 0.00000 0.00000 0.00000 0.00000 0.00000 0.27901 0.27903 0.27905 0.00000 0.00000
0.00000 0.00000 0.00000 0.00000 0.00000 0.23619 0.67430 0.83221 0.91698 0.97628 0.88887 0.68042 0.00000 0.00000 0.00000 0.00000 0.00000 0.00000 0.00000 0.00000 0.27884 0.27886 0.27888 0.27889 0.00000
0.00000 0.00000 0.00000 0.00000 0.00000 0.50426 0.70647 0.82864 0.89365 0.97668 0.91479 0.74901 0.00000 0.00000 0.00000 0.00000 0.00000 0.00000 0.00000 0.00000 0.27867 0.63042 0.65628 0.68940 0.00000
0.00000 0.00000 0.00000 0.00000 0.00000 0.59168 0.69974 0.81847 0.88307 0.93042 0.93972 0.73108 0.69310 0.28767 0.00000 0.00000 0.00000 0.20844 0.00000 0.00000 0.83069 0.82730 0.82255 0.81706 0.81196
0.00000 0.00000 0.00000 0.00000 0.17148 0.60328 0.68399 0.78076 0.86120 0.87831 0.87979 0.82190 0.55678 0.42802 0.35576 0.16398 0.00000 0.00000 0.00000 0.31144 0.78069 0.81436 0.81170 0.75870 0.80825
0.00000 0.00000 0.00000 0.00000 0.46567 0.34937 0.64737 0.76922 0.77324 0.82957 0.78127 0.77991 0.28244 0.50598 0.41679 0.17376 0.00000 0.00000 0.31712 0.57869 0.76404 0.80589 0.80507 0.80428 0.77533
0.00000 0.00000 0.00000 0.00000 0.48037 0.46465 0.61865 0.72866 0.62217 0.70633 0.65463 0.46422 0.32102 0.30907 0.25575 0.18685 0.00000 0.00000 0.62317 0.69376 0.75632 0.80016 0.80061 0.79911 0.80024
0.00000 0.19410 0.27548 0.35909 0.41889 0.39308 0.26780 0.12475 0.12318 0.31743 0.69416 0.70595 0.65513 0.69550 0.75060 0.47838 0.10779 0.13253 0.63764 0.71699 0.00000 0.00000 0.00000 0.00000 0.77039
0.00000 0.25378 0.33459 0.40870 0.46777 0.57869 0.44157 0.30223 0.47052 0.62699 0.72144 0.75066 0.71346 0.80066 0.78990 0.72386 0.09103 0.11734 0.64700 0.70970 0.00000 0.00000 0.00000 0.00000 0.76599
0.00000 0.25696 0.33343 0.40415 0.70521 0.71362 0.46658 0.35572 0.56771 0.65408 0.67085 0.72227 0.81592 0.84871 0.78062 0.70063 0.07481 0.09808 0.65441 0.72745 0.00000 0.00000 0.00000 0.00000 0.76308
0.00000 0.16352 0.22641 0.29496 0.60157 0.62801 0.46315 0.37134 0.39925 0.64916 0.67610 0.54037 0.83685 0.79911 0.81641 0.68715 0.37823 0.54970 0.56303 0.61141 0.00000 0.00000 0.00000 0.00000 0.62723
0.12281 0.12289 0.39959 0.48189 0.57421 0.70259 0.69176 0.46579 0.40361 0.64748 0.64897 0.66931 0.52637 0.47665 0.60849 0.57884 0.42532 0.60745 0.60816 0.56184 0.69680 0.77132 0.73639 0.75638 0.77130
0.19433 0.19898 0.20391 0.57524 0.55672 0.63922 0.38002 0.40761 0.64143 0.63931 0.59833 0.60015 0.60510 0.51939 0.55392 0.46753 0.59996 0.63593 0.60072 0.51835 0.77190 0.68955 0.73577 0.75758 0.77388
0.18587 0.19268 0.19957 0.35402 0.43702 0.22961 0.29919 0.46114 0.58409 0.56793 0.47666 0.55402 0.46917 0.54332 0.38296 0.46761 0.41106 0.53934 0.46903 0.26396 0.65897 0.78365 0.78530 0.78573 0.78591
0.00000 0.17182 0.18177 0.33505 0.00000 0.15213 0.21134 0.50760 0.52820 0.41942 0.40777 0.38950 0.15327 0.43848 0.26776 0.37105 0.45906 0.42564 0.34731 0.25823 0.61400 0.73425 0.77545 0.80384 0.80225
0.00000 0.00000 0.00000 0.00000 0.24633 0.23496 0.46112 0.55014 0.60047 0.66102 0.47291 0.41317 0.40442 0.59127 0.48037 0.51356 0.37217 0.18585 0.00000 0.00000 0.52233 0.67116 0.77271 0.83107 0.83410
0.00000 0.00000 0.00000 0.00000 0.55278 0.51937 0.28162 0.60337 0.69052 0.69607 0.70412 0.47700 0.56274 0.51642 0.42375 0.47559 0.19945 0.16680 0.12147 0.13702 0.37461 0.53009 0.62528 0.69795 0.85224
0.00000 0.00000 0.00000 0.00000 0.55148 0.58922 0.34058 0.64239 0.78149 0.76640 0.70339 0.61736 0.55698 0.50986 0.12678 0.18057 0.07100 0.08857 0.10346 0.38235 0.48725 0.66660 0.77254 0.71002 0.86768
0.00000 0.00000 0.00000 0.00000 0.63795 0.65306 0.67836 0.74303 0.81920 0.80932 0.76394 0.77731 0.74242 0.65318 0.50307 0.17834 0.27835 0.08117 0.27716 0.17022 0.65132 0.70565 0.78811 0.88136 0.59451
0.53007 0.80645 0.76586 0.72073 0.72943 0.77422 0.77192 0.73458 0.54526 0.74422 0.76629 0.77689 0.72042 0.72720 0.65793 0.62722 0.55495 0.36036 0.27675 0.29652 0.65470 0.77193 0.86718 0.87177 0.00000
0.53001 0.81585 0.82158 0.76595 0.79901 0.78628 0.73517 0.74386 0.56422 0.78472 0.82423 0.83296 0.81754 0.81972 0.75549 0.73079 0.49153 0.46926 0.58291 0.35644 0.47421 0.56917 0.85974 0.86269 0.00000
0.82242 0.82880 0.83534 0.84164 0.81650 0.79096 0.75227 0.74312 0.59249 0.81751 0.85882 0.71906 0.89002 0.87486 0.82407 0.79112 0.56057 0.44600 0.62068 0.40389 0.51472 0.56927 0.56927 0.56928 0.00000
0.57863 0.84246 0.84807 0.85283 0.83411 0.80848 0.76848 0.73709 0.47290 0.67587 0.73618 0.74850 0.91456 0.89910 0.87760 0.84974 0.50470 0.48091 0.66357 0.41812 0.52048 0.56938 0.56938 0.56938 0.00000
0.00000 0.57863 0.57863 0.57863 0.84237 0.81239 0.77248 0.73961 0.47290 0.82555 0.90004 0.78240 0.94057 0.92053 0.89113 0.86215 0.50827 0.48312 0.44692 0.28474 0.56948 0.56948 0.56948 0.56948 0.00000
