# name=grid_sheared field=200x200 stride=8
25 25
0.79998 0.79770 0.89370 0.89595 0.95223 0.94155 0.97763 0.94155 0.97763 0.94155 0.97763 0.94155 0.97763 0.94155 0.97763 0.94155 0.97763 0.94155 0.97763 0.94155 0.97763 0.97762 0.97762 0.97761 0.00000
0.85886 0.84937 0.93573 0.88394 0.95932 0.92785 0.95894 0.92785 0.95894 0.92785 0.95894 0.92785 0.95894 0.92785 0.95894 0.92785 0.95894 0.92785 0.95894 0.92785 0.95894 0.95444 0.95463 0.94208 0.42826
0.85285 0.93263 0.94845 0.96295 0.95516 0.97746 0.95540 0.97746 0.95540 0.97746 0.95540 0.97746 0.95540 0.97746 0.95540 0.97746 0.95540 0.97746 0.95540 0.97746 0.95540 0.97745 0.95111 0.97743 0.44621
0.93921 0.91206 0.94330 0.95538 0.96061 0.96350 0.96032 0.96350 0.96032 0.96350 0.96032 0.96350 0.96032 0.96350 0.96032 0.96350 0.96032 0.96350 0.96032 0.96350 0.96032 0.97737 0.95731 0.97735 0.87564
0.86100 0.96543 0.97033 0.97779 0.95785 0.97731 0.95762 0.97731 0.95762 0.97731 0.95762 0.97731 0.95762 0.97731 0.95762 0.97731 0.95762 0.97731 0.95762 0.97731 0.95762 0.97731 0.95545 0.95178 0.97727
0.79090 0.95466 0.95696 0.97755 0.95928 0.96191 0.95928 0.96191 0.95928 0.96191 0.95928 0.96191 0.95928 0.96191 0.95928 0.96191 0.95928 0.96191 0.95928 0.96191 0.95928 0.96191 0.95773 0.95807 0.88439
0.85982 0.89306 0.94548 0.94219 0.97727 0.93769 0.97727 0.93769 0.97727 0.93769 0.97727 0.93769 0.97727 0.93769 0.97727 0.93769 0.97727 0.93769 0.97727 0.93769 0.97727 0.93769 0.97757 0.93113 0.95635
0.75637 0.89372 0.92454 0.93070 0.96279 0.95995 0.96279 0.95995 0.96279 0.95995 0.96279 0.95995 0.96279 0.95995 0.96279 0.95995 0.96279 0.95995 0.96279 0.95995 0.96279 0.96020 0.97781 0.97057 0.90872
0.73533 0.86683 0.92201 0.93110 0.96141 0.95979 0.97727 0.95979 0.97727 0.95979 0.97727 0.95979 0.97727 0.95979 0.97727 0.95979 0.97727 0.95979 0.97727 0.95979 0.97727 0.96012 0.96871 0.94235 0.92854
0.82317 0.89726 0.94149 0.92359 0.96215 0.95928 0.96191 0.95928 0.96191 0.95928 0.96191 0.95928 0.96191 0.95928 0.96191 0.95928 0.96191 0.95928 0.96191 0.95928 0.96191 0.95342 0.94683 0.92951 0.89092
0.85232 0.91560 0.93151 0.96391 0.93748 0.97727 0.93769 0.97727 0.93769 0.97727 0.93769 0.97727 0.93769 0.97727 0.93769 0.97727 0.93769 0.97727 0.93769 0.97727 0.93769 0.96027 0.89700 0.93914 0.81406
0.94092 0.91270 0.94373 0.95556 0.96025 0.96279 0.95995 0.96279 0.95995 0.96279 0.95995 0.96279 0.95995 0.96279 0.95995 0.96279 0.95995 0.96279 0.95995 0.96279 0.95995 0.95882 0.92852 0.91661 0.86251
0.86639 0.96653 0.95799 0.97776 0.96002 0.97727 0.95979 0.97727 0.95979 0.97727 0.95979 0.97727 0.95979 0.97727 0.95979 0.97727 0.95979 0.97727 0.95979 0.97727 0.95979 0.97727 0.92760 0.93739 0.88987
0.79090 0.95466 0.95696 0.97755 0.95928 0.96191 0.95928 0.96191 0.95928 0.96191 0.95928 0.96191 0.95928 0.96191 0.95928 0.96191 0.95928 0.96191 0.95928 0.96191 0.95928 0.96191 0.94036 0.92333 0.88914
0.85982 0.89306 0.94548 0.94219 0.97727 0.93769 0.97727 0.93769 0.97727 0.93769 0.97727 0.93769 0.97727 0.93769 0.97727 0.93769 0.97727 0.93769 0.97727 0.93769 0.97727 0.93769 0.97757 0.93113 0.95350
0.75637 0.89372 0.92454 0.93070 0.96279 0.95995 0.96279 0.95995 0.96279 0.95995 0.96279 0.95995 0.96279 0.95995 0.96279 0.95995 0.96279 0.95995 0.96279 0.95995 0.96279 0.96020 0.97781 0.97057 0.90872
0.73533 0.86683 0.92201 0.93110 0.96141 0.95979 0.97727 0.95979 0.97727 0.95979 0.97727 0.95979 0.97727 0.95979 0.97727 0.95979 0.97727 0.95979 0.97727 0.95979 0.97727 0.96012 0.96871 0.94235 0.92854
0.82317 0.89726 0.94149 0.92359 0.96215 0.95928 0.96191 0.95928 0.96191 0.95928 0.96191 0.95928 0.96191 0.95928 0.96191 0.95928 0.96191 0.95928 0.96191 0.95928 0.96191 0.95342 0.94683 0.92951 0.89092
0.85232 0.91560 0.93151 0.96391 0.93748 0.97727 0.93769 0.97727 0.93769 0.97727 0.93769 0.97727 0.93769 0.97727 0.93769 0.97727 0.93769 0.97727 0.93769 0.97727 0.93769 0.96027 0.89700 0.93914 0.81406
0.94092 0.91270 0.94373 0.95556 0.96025 0.96279 0.95995 0.96279 0.95995 0.96279 0.95995 0.96279 0.95995 0.96279 0.95995 0.96279 0.95995 0.96279 0.95995 0.96279 0.95995 0.95882 0.92852 0.91661 0.86251
0.86639 0.96653 0.95799 0.97776 0.96002 0.97727 0.95979 0.97727 0.95979 0.97727 0.95979 0.97727 0.95979 0.97727 0.95979 0.97727 0.95979 0.97727 0.95979 0.97727 0.95979 0.97727 0.92760 0.93739 0.88987
0.85422 0.97816 0.97782 0.97757 0.97727 0.96088 0.97727 0.96088 0.97727 0.96088 0.97727 0.96088 0.97727 0.96088 0.97727 0.96088 0.97727 0.96088 0.97727 0.96088 0.97727 0.96088 0.95806 0.91867 0.91120
0.92949 0.94288 0.97754 0.95432 0.97727 0.93052 0.97727 0.93052 0.97727 0.93052 0.97727 0.93052 0.97727 0.93052 0.97727 0.93052 0.97727 0.93052 0.97727 0.93052 0.97727 0.93052 0.97727 0.92013 0.94622
0.50983 0.97727 0.94898 0.97727 0.87197 0.94458 0.87197 0.94458 0.87197 0.94458 0.87197 0.94458 0.87197 0.94458 0.87197 0.94458 0.87197 0.94458 0.87197 0.94458 0.87197 0.94458 0.89376 0.93726 0.50002
0.00000 0.52384 0.97727 0.43938 0.88269 0.42273 0.88269 0.42273 0.88269 0.42273 0.88269 0.42273 0.88269 0.42273 0.88269 0.42273 0.88269 0.42273 0.88269 0.42273 0.88269 0.42273 0.88269 0.45234 0.51551
