# name=grid_sheared field=200x200 stride=8
25 25
0.71973 0.76084 0.79052 0.79178 0.83038 0.81873 0.85009 0.81873 0.85009 0.81873 0.85009 0.81873 0.85009 0.81873 0.85009 0.81873 0.85009 0.81873 0.85009 0.81873 0.85009 0.85003 0.85001 0.84990 0.12407
0.76848 0.75463 0.82468 0.77506 0.83657 0.80622 0.83303 0.80622 0.83303 0.80622 0.83303 0.80622 0.83303 0.80622 0.83303 0.80622 0.83303 0.80622 0.83303 0.80622 0.83303 0.82924 0.82915 0.81832 0.63898
0.75910 0.82403 0.83321 0.84115 0.83101 0.84866 0.82950 0.84866 0.82950 0.84866 0.82950 0.84866 0.82950 0.84866 0.82950 0.84866 0.82950 0.84866 0.82950 0.84866 0.82950 0.84860 0.82566 0.84851 0.64597
0.82925 0.80049 0.82446 0.83192 0.83418 0.83587 0.83320 0.83587 0.83320 0.83587 0.83320 0.83587 0.83320 0.83587 0.83320 0.83587 0.83320 0.83587 0.83320 0.83587 0.83320 0.84791 0.83051 0.84772 0.76348
0.76376 0.84231 0.84449 0.84870 0.83094 0.84750 0.83043 0.84750 0.83043 0.84750 0.83043 0.84750 0.83043 0.84750 0.83043 0.84750 0.83043 0.84750 0.83043 0.84750 0.83043 0.84750 0.82853 0.82535 0.84747
0.70892 0.82951 0.83043 0.84788 0.83177 0.83394 0.83177 0.83394 0.83177 0.83394 0.83177 0.83394 0.83177 0.83394 0.83177 0.83394 0.83177 0.83394 0.83177 0.83394 0.83177 0.83394 0.83041 0.83092 0.77068
0.74839 0.77661 0.82114 0.81756 0.84728 0.81303 0.84728 0.81303 0.84728 0.81303 0.84728 0.81303 0.84728 0.81303 0.84728 0.81303 0.84728 0.81303 0.84728 0.81303 0.84728 0.81303 0.84793 0.80792 0.83039
0.66235 0.78014 0.80485 0.80802 0.83477 0.83234 0.83477 0.83234 0.83477 0.83234 0.83477 0.83234 0.83477 0.83234 0.83477 0.83234 0.83477 0.83234 0.83477 0.83234 0.83477 0.83292 0.84870 0.84370 0.79149
0.64690 0.75935 0.80461 0.81019 0.83412 0.83220 0.84727 0.83220 0.84727 0.83220 0.84727 0.83220 0.84727 0.83220 0.84727 0.83220 0.84727 0.83220 0.84727 0.83220 0.84727 0.83333 0.84230 0.82142 0.81206
0.72532 0.78730 0.82248 0.80477 0.83591 0.83177 0.83394 0.83177 0.83394 0.83177 0.83394 0.83177 0.83394 0.83177 0.83394 0.83177 0.83394 0.83177 0.83394 0.83177 0.83394 0.82826 0.82432 0.81231 0.78148
0.75111 0.80265 0.81371 0.83888 0.81450 0.84728 0.81303 0.84728 0.81303 0.84728 0.81303 0.84728 0.81303 0.84728 0.81303 0.84728 0.81303 0.84728 0.81303 0.84728 0.81303 0.83449 0.78204 0.82080 0.71482
0.82576 0.79752 0.82236 0.83054 0.83334 0.83477 0.83234 0.83477 0.83234 0.83477 0.83234 0.83477 0.83234 0.83477 0.83234 0.83477 0.83234 0.83477 0.83234 0.83477 0.83234 0.83202 0.80821 0.80045 0.75588
0.76446 0.84145 0.83223 0.84849 0.83272 0.84727 0.83220 0.84727 0.83220 0.84727 0.83220 0.84727 0.83220 0.84727 0.83220 0.84727 0.83220 0.84727 0.83220 0.84727 0.83220 0.84727 0.80543 0.81635 0.77702
0.70892 0.82951 0.83043 0.84788 0.83177 0.83394 0.83177 0.83394 0.83177 0.83394 0.83177 0.83394 0.83177 0.83394 0.83177 0.83394 0.83177 0.83394 0.83177 0.83394 0.83177 0.83394 0.81603 0.80197 0.77329
0.74839 0.77661 0.82114 0.81756 0.84728 0.81303 0.84728 0.81303 0.84728 0.81303 0.84728 0.81303 0.84728 0.81303 0.84728 0.81303 0.84728 0.81303 0.84728 0.81303 0.84728 0.81303 0.84793 0.80792 0.82858
0.66235 0.78014 0.80485 0.80802 0.83477 0.83234 0.83477 0.83234 0.83477 0.83234 0.83477 0.83234 0.83477 0.83234 0.83477 0.83234 0.83477 0.83234 0.83477 0.83234 0.83477 0.83292 0.84870 0.84370 0.79149
0.64690 0.75935 0.80461 0.81019 0.83412 0.83220 0.84727 0.83220 0.84727 0.83220 0.84727 0.83220 0.84727 0.83220 0.84727 0.83220 0.84727 0.83220 0.84727 0.83220 0.84727 0.83333 0.84230 0.82142 0.81206
0.72532 0.78730 0.82248 0.80477 0.83591 0.83177 0.83394 0.83177 0.83394 0.83177 0.83394 0.83177 0.83394 0.83177 0.83394 0.83177 0.83394 0.83177 0.83394 0.83177 0.83394 0.82826 0.82432 0.81231 0.78148
0.75111 0.80265 0.81371 0.83888 0.81450 0.84728 0.81303 0.84728 0.81303 0.84728 0.81303 0.84728 0.81303 0.84728 0.81303 0.84728 0.81303 0.84728 0.81303 0.84728 0.81303 0.83449 0.78204 0.82080 0.71482
0.82576 0.79752 0.82236 0.83054 0.83334 0.83477 0.83234 0.83477 0.83234 0.83477 0.83234 0.83477 0.83234 0.83477 0.83234 0.83477 0.83234 0.83477 0.83234 0.83477 0.83234 0.83202 0.80821 0.80045 0.75588
0.76446 0.84145 0.83223 0.84849 0.83272 0.84727 0.83220 0.84727 0.83220 0.84727 0.83220 0.84727 0.83220 0.84727 0.83220 0.84727 0.83220 0.84727 0.83220 0.84727 0.83220 0.84727 0.80543 0.81635 0.77702
0.74844 0.84941 0.84863 0.84805 0.84747 0.83323 0.84747 0.83323 0.84747 0.83323 0.84747 0.83323 0.84747 0.83323 0.84747 0.83323 0.84747 0.83323 0.84747 0.83323 0.84747 0.83323 0.83152 0.79796 0.79245
0.80670 0.81816 0.84800 0.82760 0.84746 0.80696 0.84746 0.80696 0.84746 0.80696 0.84746 0.80696 0.84746 0.80696 0.84746 0.80696 0.84746 0.80696 0.84746 0.80696 0.84746 0.80696 0.84745 0.79794 0.82171
0.29481 0.84768 0.82317 0.84772 0.75675 0.81936 0.75675 0.81936 0.75675 0.81936 0.75675 0.81936 0.75675 0.81936 0.75675 0.81936 0.75675 0.81936 0.75675 0.81936 0.75675 0.81936 0.77527 0.81303 0.28917
0.12597 0.30299 0.84790 0.62212 0.76584 0.65271 0.76584 0.65271 0.76584 0.65271 0.76584 0.65271 0.76584 0.65271 0.76584 0.65271 0.76584 0.65271 0.76584 0.65271 0.76584 0.65271 0.76584 0.43113 0.29819
