# name=grid_rotated_30 field=200x200 stride=8
25 25
0.15056 0.16832 0.50565 0.54145 0.53532 0.52815 0.44380 0.48699 0.53718 0.53699 0.42961 0.50299 0.48868 0.49612 0.51294 0.45974 0.51839 0.51103 0.51169 0.55270 0.58558 0.57294 0.45401 0.40344 0.39911
0.19495 0.35663 0.49267 0.52624 0.55221 0.53651 0.53139 0.55026 0.50922 0.53484 0.50757 0.52927 0.48461 0.48662 0.52368 0.49898 0.52385 0.52939 0.55898 0.59571 0.57687 0.57311 0.53160 0.46795 0.40287
0.24183 0.47420 0.53699 0.54142 0.55794 0.53033 0.55864 0.55674 0.53201 0.51940 0.50377 0.53176 0.53512 0.51962 0.53370 0.54668 0.55192 0.54700 0.56421 0.57517 0.57253 0.54994 0.55170 0.52434 0.47492
0.46895 0.53476 0.55833 0.56530 0.56940 0.55467 0.54148 0.53182 0.53328 0.54058 0.52402 0.52742 0.54421 0.53219 0.54485 0.54482 0.55102 0.55838 0.57668 0.57881 0.57119 0.57572 0.55637 0.52520 0.50226
0.57294 0.57311 0.55788 0.57954 0.56183 0.55628 0.55712 0.55067 0.54374 0.53167 0.52601 0.53031 0.54377 0.54102 0.55707 0.55386 0.56833 0.55328 0.56112 0.57396 0.57398 0.55713 0.55824 0.53948 0.52523
0.58558 0.57687 0.57253 0.57119 0.57398 0.56582 0.55954 0.54115 0.53794 0.54184 0.52604 0.54158 0.54647 0.55372 0.55107 0.55482 0.56894 0.55831 0.57004 0.56093 0.56582 0.55628 0.54597 0.51415 0.51355
0.55270 0.59571 0.57517 0.57881 0.57396 0.56093 0.55575 0.55690 0.55329 0.54014 0.52846 0.54896 0.54069 0.55832 0.55435 0.56666 0.55872 0.55696 0.54806 0.55575 0.55954 0.55712 0.53596 0.54868 0.51767
0.51169 0.55898 0.56421 0.57668 0.56112 0.57004 0.54806 0.55270 0.55889 0.55576 0.55636 0.55804 0.56049 0.56555 0.54706 0.55790 0.55108 0.56635 0.55270 0.55690 0.54115 0.55009 0.53062 0.55458 0.54202
0.51103 0.52939 0.54700 0.55838 0.55328 0.55831 0.55696 0.56635 0.55521 0.55048 0.55594 0.56787 0.56164 0.57309 0.57312 0.57393 0.56184 0.55521 0.55889 0.55329 0.53794 0.54290 0.53153 0.52910 0.50519
0.51839 0.52385 0.55192 0.55102 0.56833 0.56894 0.55872 0.55108 0.56184 0.57075 0.57219 0.57562 0.57907 0.58107 0.56767 0.55790 0.57075 0.55048 0.55576 0.54014 0.54184 0.53090 0.53879 0.51755 0.53261
0.45974 0.49898 0.54668 0.54482 0.55386 0.55482 0.56666 0.55790 0.57393 0.55790 0.57988 0.58312 0.57749 0.57845 0.58499 0.57988 0.57219 0.55594 0.55636 0.52846 0.52604 0.52601 0.52442 0.50407 0.50833
0.51294 0.52368 0.53370 0.54485 0.55707 0.55107 0.55435 0.54706 0.57312 0.56767 0.58499 0.57888 0.59357 0.57543 0.57888 0.58312 0.57562 0.56787 0.55804 0.54896 0.54158 0.53143 0.52998 0.53522 0.53424
0.49612 0.48662 0.51962 0.53219 0.54102 0.55372 0.55832 0.56555 0.57309 0.58107 0.57845 0.57543 0.58607 0.58607 0.59357 0.57749 0.57907 0.56164 0.56049 0.54069 0.54647 0.54518 0.54736 0.53835 0.48886
0.48868 0.48461 0.53512 0.54421 0.54377 0.54647 0.54069 0.56049 0.56164 0.57907 0.57749 0.59357 0.58607 0.58607 0.57543 0.57845 0.58107 0.57309 0.56555 0.55832 0.55372 0.54242 0.53285 0.52058 0.48832
0.48315 0.52927 0.53176 0.52742 0.53031 0.54158 0.54896 0.55804 0.56787 0.57562 0.58312 0.57888 0.57543 0.59357 0.57888 0.58499 0.56767 0.57312 0.54706 0.55435 0.55107 0.55027 0.54447 0.53326 0.52365
0.43191 0.50757 0.50377 0.52402 0.52601 0.52604 0.52846 0.55636 0.55594 0.57219 0.57988 0.58499 0.57845 0.57749 0.58312 0.57988 0.55790 0.57393 0.55790 0.56666 0.55482 0.55270 0.54351 0.54480 0.49662
0.53699 0.53484 0.51940 0.54058 0.53167 0.54184 0.54014 0.55576 0.55048 0.57075 0.55790 0.56767 0.58107 0.57907 0.57562 0.57219 0.57075 0.56184 0.55108 0.55872 0.56894 0.56403 0.54915 0.54919 0.52098
0.53718 0.50922 0.53201 0.53328 0.54374 0.53794 0.55329 0.55889 0.55521 0.56184 0.57393 0.57312 0.57309 0.56164 0.56787 0.55594 0.55048 0.55521 0.56635 0.55696 0.55831 0.55328 0.55643 0.54411 0.52560
0.49230 0.55026 0.55674 0.53182 0.55067 0.54115 0.55690 0.55270 0.56635 0.55108 0.55790 0.54706 0.56555 0.56049 0.55804 0.55636 0.55576 0.55889 0.55270 0.54806 0.57004 0.56112 0.57348 0.55895 0.55214
0.45296 0.53139 0.55864 0.54148 0.55712 0.55954 0.55575 0.54806 0.55696 0.55872 0.56666 0.55435 0.55832 0.54069 0.54896 0.52846 0.54014 0.55329 0.55690 0.55575 0.56093 0.57160 0.57362 0.56594 0.58136
0.52815 0.53651 0.53033 0.55467 0.55628 0.56582 0.56093 0.57004 0.55831 0.56894 0.55482 0.55107 0.55372 0.54647 0.54158 0.52604 0.54184 0.53794 0.54115 0.55954 0.56582 0.57053 0.56379 0.55974 0.55733
0.53630 0.55308 0.55857 0.56940 0.56183 0.57053 0.57160 0.56112 0.55328 0.56403 0.55270 0.55027 0.54242 0.54518 0.53143 0.52601 0.53090 0.54290 0.55009 0.55712 0.55628 0.55713 0.56366 0.53894 0.55534
0.54383 0.52828 0.54291 0.56199 0.56659 0.56379 0.57362 0.57348 0.55643 0.54915 0.54351 0.54447 0.53285 0.54736 0.52998 0.52442 0.53879 0.53153 0.53062 0.53596 0.54597 0.55824 0.55391 0.54633 0.52269
0.51008 0.49635 0.53996 0.55179 0.54572 0.55974 0.56594 0.55895 0.54411 0.54919 0.54480 0.53326 0.52058 0.53835 0.53522 0.50407 0.51755 0.52910 0.55458 0.54868 0.51415 0.54010 0.52668 0.52727 0.46684
0.17251 0.35046 0.47201 0.52465 0.55534 0.55733 0.58136 0.55214 0.52560 0.52098 0.49662 0.52365 0.48832 0.48886 0.53424 0.50833 0.53261 0.50519 0.54202 0.51767 0.51355 0.52611 0.50428 0.47854 0.34843
