# name=two_districts field=200x200 stride=8
25 25
0.00000 0.15408 0.35672 0.37012 0.84040 0.84635 0.84040 0.84635 0.84040 0.36475 0.28193 0.07601 0.15896 0.16268 0.45988 0.45761 0.46801 0.51061 0.55765 0.51648 0.27980 0.53412 0.56506 0.60213 0.20094
0.15408 0.34807 1.00000 0.93222 1.00000 0.94586 1.00000 0.94586 1.00000 0.95852 0.83649 0.21658 0.48642 0.47774 0.44357 0.48204 0.52060 0.53733 0.54422 0.52702 0.52639 0.56880 0.55838 0.56034 0.56701
0.35783 1.00000 0.95276 1.00000 0.96239 1.00000 0.96239 1.00000 0.98026 1.00000 0.86353 0.64983 0.54825 0.47672 0.47337 0.50582 0.53418 0.55562 0.55652 0.53013 0.53074 0.56872 0.54024 0.54368 0.54048
0.37012 0.93222 1.00000 1.00000 1.00000 1.00000 1.00000 1.00000 1.00000 1.00000 0.93551 0.71197 0.53422 0.50173 0.50645 0.52247 0.53336 0.54908 0.55928 0.55736 0.54701 0.55605 0.56446 0.55759 0.54370
0.84056 1.00000 0.96239 1.00000 0.97018 1.00000 0.97018 1.00000 0.98451 1.00000 0.92067 0.69188 0.53409 0.51899 0.54069 0.53756 0.54896 0.55399 0.54802 0.55078 0.55623 0.55801 0.55049 0.53093 0.48926
0.84635 0.94244 1.00000 1.00000 1.00000 1.00000 1.00000 1.00000 1.00000 1.00000 0.89440 0.66086 0.41148 0.52163 0.53210 0.53870 0.53496 0.54106 0.54704 0.55474 0.55356 0.56344 0.56782 0.54521 0.52357
0.84056 1.00000 0.96239 1.00000 0.97018 1.00000 0.97018 1.00000 0.98451 1.00000 0.90373 0.71422 0.45046 0.51737 0.55401 0.54421 0.54817 0.55337 0.53436 0.54554 0.53947 0.56058 0.55434 0.54508 0.53069
0.84635 0.94244 1.00000 1.00000 1.00000 1.00000 1.00000 1.00000 1.00000 1.00000 0.91156 0.73224 0.45312 0.48449 0.53564 0.53270 0.53820 0.55626 0.54972 0.55265 0.55154 0.55581 0.54616 0.54228 0.53347
0.84056 1.00000 0.96239 1.00000 0.97018 1.00000 0.97018 1.00000 0.98451 1.00000 0.97764 0.72429 0.44158 0.53459 0.53193 0.53787 0.55504 0.55122 0.54244 0.54485 0.55009 0.54833 0.54292 0.53751 0.52196
0.84635 0.94244 1.00000 1.00000 1.00000 1.00000 1.00000 1.00000 1.00000 1.00000 0.90008 0.71538 0.49556 0.55220 0.53604 0.54804 0.56143 0.55459 0.55594 0.55106 0.53785 0.55040 0.52920 0.52649 0.51136
0.84056 1.00000 0.96239 1.00000 0.97018 1.00000 0.97018 1.00000 0.98451 1.00000 0.90041 0.69955 0.50746 0.53811 0.53031 0.55825 0.55544 0.54815 0.55527 0.55048 0.56222 0.55835 0.54698 0.54980 0.52599
0.84635 0.94244 1.00000 1.00000 1.00000 1.00000 1.00000 1.00000 1.00000 1.00000 0.91221 0.78354 0.53614 0.49255 0.54192 0.56254 0.56095 0.55485 0.56347 0.54745 0.55842 0.54359 0.55642 0.54978 0.53139
0.84056 1.00000 0.96239 1.00000 0.97018 1.00000 0.97018 1.00000 0.98451 1.00000 0.97764 0.74645 0.45799 0.43816 0.50686 0.51879 0.54421 0.56049 0.57248 0.56409 0.56414 0.55351 0.55597 0.52205 0.51622
0.84635 0.94244 1.00000 1.00000 1.00000 1.00000 1.00000 1.00000 1.00000 1.00000 0.91950 0.69944 0.41522 0.49946 0.53229 0.54407 0.55153 0.56295 0.56627 0.55330 0.55839 0.55469 0.54166 0.51591 0.51737
0.84056 1.00000 0.96239 1.00000 0.97018 1.00000 0.97018 1.00000 0.98451 1.00000 0.91522 0.66144 0.34552 0.50509 0.50301 0.53816 0.54950 0.56196 0.56179 0.56360 0.56576 0.55503 0.55822 0.55907 0.56158
0.84635 0.94244 1.00000 1.00000 1.00000 1.00000 1.00000 1.00000 1.00000 1.00000 0.90686 0.73500 0.46057 0.47825 0.55661 0.56054 0.55551 0.55738 0.54115 0.54856 0.55439 0.55953 0.56610 0.54659 0.55680
0.84056 1.00000 0.96239 1.00000 0.97018 1.00000 0.97018 1.00000 0.98451 1.00000 0.97764 0.70810 0.50009 0.49192 0.53454 0.54428 0.53967 0.56262 0.55146 0.55537 0.55371 0.55153 0.56752 0.55232 0.56261
0.84635 0.94244 1.00000 1.00000 1.00000 1.00000 1.00000 1.00000 1.00000 1.00000 0.96735 0.74421 0.48087 0.51483 0.53553 0.52170 0.54822 0.55655 0.54172 0.55622 0.55121 0.55630 0.54877 0.53927 0.54909
0.84056 1.00000 0.96239 1.00000 0.97018 1.00000 0.97018 1.00000 0.98451 1.00000 0.92280 0.71780 0.25040 0.53646 0.54488 0.55788 0.56870 0.55765 0.54364 0.54995 0.53206 0.54666 0.55046 0.55410 0.55515
0.84635 0.94244 1.00000 1.00000 1.00000 1.00000 1.00000 1.00000 1.00000 1.00000 0.90748 0.75528 0.45618 0.54065 0.53619 0.57190 0.56807 0.55895 0.56091 0.55262 0.54339 0.55141 0.53970 0.56900 0.51365
0.84056 1.00000 0.98026 1.00000 0.98451 1.00000 0.98451 1.00000 1.00000 1.00000 0.94532 0.79539 0.47265 0.51066 0.56276 0.56664 0.55972 0.54663 0.55760 0.55335 0.54700 0.55596 0.54988 0.54813 0.53758
0.36475 0.95852 1.00000 1.00000 1.00000 1.00000 1.00000 1.00000 1.00000 1.00000 0.96094 0.77429 0.48509 0.47783 0.53787 0.53671 0.55747 0.56200 0.56376 0.55355 0.55598 0.54610 0.55365 0.54448 0.55402
0.36199 1.00000 0.97159 1.00000 0.97764 0.96735 0.97764 0.96735 1.00000 0.96094 1.00000 0.56986 0.51943 0.53929 0.56766 0.55938 0.58480 0.56470 0.55524 0.57014 0.55992 0.54921 0.53036 0.52702 0.51214
0.15460 0.35711 1.00000 0.92675 0.90428 0.94437 0.90428 0.94437 0.90428 0.95503 0.49979 0.41503 0.31935 0.58096 0.57912 0.57395 0.59296 0.56793 0.55818 0.55609 0.55792 0.54195 0.49556 0.49063 0.45199
0.00000 0.15408 0.15346 0.37012 0.37189 0.37012 0.37189 0.37012 0.37189 0.15334 0.31541 0.00000 0.31818 0.60505 0.60672 0.58231 0.53960 0.56936 0.55388 0.55707 0.56036 0.53063 0.48641 0.43865 0.36424
