# name=grid_sheared field=200x200 stride=8
25 25
0.78527 0.83593 0.87485 0.88197 0.93003 0.91917 0.95440 0.91917 0.95440 0.91917 0.95440 0.91917 0.95440 0.91917 0.95440 0.91917 0.95440 0.91917 0.95440 0.91917 0.95440 0.95437 0.95435 0.95430 0.13931
0.84032 0.83022 0.91403 0.86388 0.93671 0.90551 0.93576 0.90551 0.93576 0.90551 0.93576 0.90551 0.93576 0.90551 0.93576 0.90551 0.93576 0.90551 0.93576 0.90551 0.93576 0.93144 0.93149 0.91928 0.71799
0.83217 0.90969 0.92501 0.93921 0.93229 0.95373 0.93222 0.95373 0.93222 0.95373 0.93222 0.95373 0.93222 0.95373 0.93222 0.95373 0.93222 0.95373 0.93222 0.95373 0.93222 0.95371 0.92799 0.95370 0.72615
0.91376 0.88687 0.91819 0.93058 0.93644 0.93984 0.93683 0.93984 0.93683 0.93984 0.93683 0.93984 0.93683 0.93984 0.93683 0.93984 0.93683 0.93984 0.93683 0.93984 0.93683 0.95337 0.93386 0.95323 0.85860
0.84690 0.93769 0.94375 0.95196 0.93356 0.95324 0.93412 0.95324 0.93412 0.95324 0.93412 0.95324 0.93412 0.95324 0.93412 0.95324 0.93412 0.95324 0.93412 0.95324 0.93412 0.95324 0.93197 0.92838 0.95340
0.79116 0.92808 0.93141 0.95236 0.93574 0.93819 0.93574 0.93819 0.93574 0.93819 0.93574 0.93819 0.93574 0.93819 0.93574 0.93819 0.93574 0.93819 0.93574 0.93819 0.93574 0.93819 0.93421 0.93344 0.86489
0.83704 0.86996 0.92154 0.91917 0.95319 0.91466 0.95319 0.91466 0.95319 0.91466 0.95319 0.91466 0.95319 0.91466 0.95319 0.91466 0.95319 0.91466 0.95319 0.91466 0.95319 0.91466 0.95228 0.90590 0.92947
0.73914 0.87285 0.90241 0.90802 0.93912 0.93639 0.93912 0.93639 0.93912 0.93639 0.93912 0.93639 0.93912 0.93639 0.93912 0.93639 0.93912 0.93639 0.93912 0.93639 0.93912 0.93575 0.95183 0.94361 0.88208
0.71891 0.84691 0.90019 0.90875 0.93782 0.93623 0.95318 0.93623 0.95318 0.93623 0.95318 0.93623 0.95318 0.93623 0.95318 0.93623 0.95318 0.93623 0.95318 0.93623 0.95318 0.93580 0.94318 0.91667 0.90222
0.80358 0.87563 0.91844 0.90161 0.93874 0.93574 0.93819 0.93574 0.93819 0.93574 0.93819 0.93574 0.93819 0.93574 0.93819 0.93574 0.93819 0.93574 0.93819 0.93574 0.93819 0.92963 0.92274 0.90566 0.86769
0.83028 0.89197 0.90764 0.93951 0.91475 0.95319 0.91466 0.95319 0.91466 0.95319 0.91466 0.95319 0.91466 0.95319 0.91466 0.95319 0.91466 0.95319 0.91466 0.95319 0.91466 0.93694 0.87571 0.91618 0.79434
0.91447 0.88681 0.91812 0.93045 0.93599 0.93912 0.93639 0.93912 0.93639 0.93912 0.93639 0.93912 0.93639 0.93912 0.93639 0.93912 0.93639 0.93912 0.93639 0.93912 0.93639 0.93537 0.90628 0.89507 0.84274
0.84975 0.93842 0.93146 0.95190 0.93566 0.95318 0.93623 0.95318 0.93623 0.95318 0.93623 0.95318 0.93623 0.95318 0.93623 0.95318 0.93623 0.95318 0.93623 0.95318 0.93623 0.95318 0.90500 0.91501 0.86913
0.79116 0.92808 0.93141 0.95236 0.93574 0.93819 0.93574 0.93819 0.93574 0.93819 0.93574 0.93819 0.93574 0.93819 0.93574 0.93819 0.93574 0.93819 0.93574 0.93819 0.93574 0.93819 0.91739 0.89980 0.86608
0.83704 0.86996 0.92154 0.91917 0.95319 0.91466 0.95319 0.91466 0.95319 0.91466 0.95319 0.91466 0.95319 0.91466 0.95319 0.91466 0.95319 0.91466 0.95319 0.91466 0.95319 0.91466 0.95228 0.90590 0.92682
0.73914 0.87285 0.90241 0.90802 0.93912 0.93639 0.93912 0.93639 0.93912 0.93639 0.93912 0.93639 0.93912 0.93639 0.93912 0.93639 0.93912 0.93639 0.93912 0.93639 0.93912 0.93575 0.95183 0.94361 0.88208
0.71891 0.84691 0.90019 0.90875 0.93782 0.93623 0.95318 0.93623 0.95318 0.93623 0.95318 0.93623 0.95318 0.93623 0.95318 0.93623 0.95318 0.93623 0.95318 0.93623 0.95318 0.93580 0.94318 0.91667 0.90222
0.80358 0.87563 0.91844 0.90161 0.93874 0.93574 0.93819 0.93574 0.93819 0.93574 0.93819 0.93574 0.93819 0.93574 0.93819 0.93574 0.93819 0.93574 0.93819 0.93574 0.93819 0.92963 0.92274 0.90566 0.86769
0.83028 0.89197 0.90764 0.93951 0.91475 0.95319 0.91466 0.95319 0.91466 0.95319 0.91466 0.95319 0.91466 0.95319 0.91466 0.95319 0.91466 0.95319 0.91466 0.95319 0.91466 0.93694 0.87571 0.91618 0.79434
0.91447 0.88681 0.91812 0.93045 0.93599 0.93912 0.93639 0.93912 0.93639 0.93912 0.93639 0.93912 0.93639 0.93912 0.93639 0.93912 0.93639 0.93912 0.93639 0.93912 0.93639 0.93537 0.90628 0.89507 0.84274
0.84975 0.93842 0.93146 0.95190 0.93566 0.95318 0.93623 0.95318 0.93623 0.95318 0.93623 0.95318 0.93623 0.95318 0.93623 0.95318 0.93623 0.95318 0.93623 0.95318 0.93623 0.95318 0.90500 0.91501 0.86913
0.83596 0.95075 0.95169 0.95244 0.95341 0.93738 0.95341 0.93738 0.95341 0.93738 0.95341 0.93738 0.95341 0.93738 0.95341 0.93738 0.95341 0.93738 0.95341 0.93738 0.95341 0.93738 0.93478 0.89641 0.88932
0.90422 0.91799 0.95253 0.93105 0.95339 0.90783 0.95339 0.90783 0.95339 0.90783 0.95339 0.90783 0.95339 0.90783 0.95339 0.90783 0.95339 0.90783 0.95339 0.90783 0.95339 0.90783 0.95338 0.89768 0.92334
0.33166 0.95364 0.92607 0.95368 0.85135 0.92178 0.85135 0.92178 0.85135 0.92178 0.85135 0.92178 0.85135 0.92178 0.85135 0.92178 0.85135 0.92178 0.85135 0.92178 0.85135 0.92178 0.87218 0.91466 0.32531
0.14171 0.34087 0.95389 0.69989 0.86157 0.73430 0.86157 0.73430 0.86157 0.73430 0.86157 0.73430 0.86157 0.73430 0.86157 0.73430 0.86157 0.73430 0.86157 0.73430 0.86157 0.73430 0.86157 0.48502 0.33547
