# name=grid_rotated_30 field=200x200 stride=8
25 25
0.21308 0.23861 0.72400 0.77979 0.78058 0.77904 0.65907 0.73251 0.81435 0.82116 0.66111 0.77561 0.74799 0.74625 0.76492 0.67931 0.76093 0.74533 0.73384 0.78249 0.82274 0.80735 0.64271 0.57327 0.57015
0.27722 0.51002 0.71016 0.76350 0.81359 0.79908 0.80118 0.83580 0.78077 0.82724 0.78988 0.82436 0.74780 0.73995 0.78750 0.74506 0.77570 0.77944 0.81447 0.85832 0.82617 0.82083 0.76515 0.67438 0.58038
0.34262 0.68037 0.78154 0.79438 0.82888 0.79662 0.85056 0.85775 0.82590 0.81234 0.79072 0.83446 0.83418 0.79901 0.80935 0.82375 0.82884 0.81414 0.83223 0.84312 0.83582 0.80046 0.80481 0.76800 0.69148
0.66385 0.76797 0.81188 0.83282 0.85336 0.84014 0.82859 0.82464 0.83525 0.85199 0.82956 0.83534 0.85500 0.82444 0.83321 0.82547 0.83139 0.83656 0.86102 0.86010 0.84626 0.85315 0.82266 0.77630 0.73765
0.80735 0.82083 0.81237 0.85751 0.84627 0.84770 0.85791 0.85580 0.85395 0.83981 0.83712 0.83900 0.85461 0.84230 0.85801 0.84248 0.86049 0.83500 0.84679 0.86160 0.86073 0.84038 0.83973 0.80706 0.78304
0.82274 0.82617 0.83582 0.84626 0.86073 0.86069 0.85880 0.84046 0.84191 0.85406 0.83281 0.85398 0.85566 0.85740 0.84514 0.84441 0.86034 0.84168 0.86199 0.84996 0.86069 0.84770 0.82889 0.77627 0.77120
0.78249 0.85832 0.84312 0.86010 0.86160 0.84996 0.84794 0.85813 0.85733 0.84324 0.82563 0.85569 0.83880 0.85864 0.84559 0.85980 0.84242 0.84199 0.83249 0.84794 0.85880 0.85791 0.82094 0.83718 0.78351
0.73384 0.81447 0.83223 0.86102 0.84679 0.86199 0.83249 0.84365 0.85843 0.85765 0.85755 0.85802 0.85896 0.86117 0.83031 0.84327 0.83222 0.85967 0.84365 0.85813 0.84046 0.85458 0.82213 0.85335 0.82364
0.74533 0.77944 0.81414 0.83656 0.83500 0.84168 0.84199 0.85967 0.84526 0.83914 0.84635 0.86097 0.84910 0.86381 0.86296 0.86293 0.84829 0.84526 0.85843 0.85733 0.84191 0.85223 0.83171 0.82018 0.77305
0.76093 0.77570 0.82884 0.83139 0.86049 0.86034 0.84242 0.83222 0.84829 0.86136 0.86265 0.86387 0.86513 0.86633 0.84964 0.83693 0.86136 0.83914 0.85765 0.84324 0.85406 0.83826 0.84843 0.80682 0.82011
0.67931 0.74506 0.82375 0.82547 0.84248 0.84441 0.85980 0.84327 0.86293 0.83693 0.86522 0.86638 0.85419 0.85498 0.86721 0.86522 0.86265 0.84635 0.85755 0.82563 0.83281 0.83712 0.82782 0.78710 0.78522
0.76492 0.78750 0.80935 0.83321 0.85801 0.84514 0.84559 0.83031 0.86296 0.84964 0.86721 0.85167 0.86943 0.84200 0.85167 0.86638 0.86387 0.86097 0.85802 0.85569 0.85398 0.83929 0.83593 0.83377 0.82323
0.74625 0.73995 0.79901 0.82444 0.84230 0.85740 0.85864 0.86117 0.86381 0.86633 0.85498 0.84200 0.85165 0.85165 0.86943 0.85419 0.86513 0.84910 0.85896 0.83880 0.85566 0.85494 0.85568 0.83187 0.74477
0.74799 0.74780 0.83418 0.85500 0.85461 0.85566 0.83880 0.85896 0.84910 0.86513 0.85419 0.86943 0.85165 0.85165 0.84200 0.85498 0.86633 0.86381 0.86117 0.85864 0.85740 0.84264 0.82168 0.79437 0.73428
0.74502 0.82436 0.83446 0.83534 0.83900 0.85398 0.85569 0.85802 0.86097 0.86387 0.86638 0.85167 0.84200 0.86943 0.85167 0.86721 0.84964 0.86296 0.83031 0.84559 0.84514 0.84428 0.83000 0.80427 0.78199
0.66465 0.78988 0.79072 0.82956 0.83712 0.83281 0.82563 0.85755 0.84635 0.86265 0.86522 0.86721 0.85498 0.85419 0.86638 0.86522 0.83693 0.86293 0.84327 0.85980 0.84441 0.84063 0.82209 0.81874 0.73896
0.82116 0.82724 0.81234 0.85199 0.83981 0.85406 0.84324 0.85765 0.83914 0.86136 0.83693 0.84964 0.86633 0.86513 0.86387 0.86265 0.86136 0.84829 0.83222 0.84242 0.86034 0.85240 0.82853 0.82486 0.77135
0.81435 0.78077 0.82590 0.83525 0.85395 0.84191 0.85733 0.85843 0.84526 0.84829 0.86293 0.86296 0.86381 0.84910 0.86097 0.84635 0.83914 0.84526 0.85967 0.84199 0.84168 0.83500 0.83422 0.81107 0.77609
0.74048 0.83580 0.85775 0.82464 0.85580 0.84046 0.85813 0.84365 0.85967 0.83222 0.84327 0.83031 0.86117 0.85896 0.85802 0.85755 0.85765 0.85843 0.84365 0.83249 0.86199 0.84679 0.85731 0.82677 0.80826
0.67268 0.80118 0.85056 0.82859 0.85791 0.85880 0.84794 0.83249 0.84199 0.84242 0.85980 0.84559 0.85864 0.83880 0.85569 0.82563 0.84324 0.85733 0.85813 0.84794 0.84996 0.85859 0.85383 0.83261 0.84297
0.77904 0.79908 0.79662 0.84014 0.84770 0.86069 0.84996 0.86199 0.84168 0.86034 0.84441 0.84514 0.85740 0.85566 0.85398 0.83281 0.85406 0.84191 0.84046 0.85880 0.86069 0.85617 0.83685 0.82024 0.80346
0.78042 0.81344 0.82876 0.85336 0.84627 0.85617 0.85859 0.84679 0.83500 0.85240 0.84063 0.84428 0.84264 0.85494 0.83929 0.83712 0.83826 0.85223 0.85458 0.85791 0.84770 0.84038 0.83444 0.78567 0.79770
0.77977 0.76354 0.79436 0.82729 0.83755 0.83685 0.85383 0.85731 0.83422 0.82853 0.82209 0.83000 0.82168 0.85568 0.83593 0.82782 0.84843 0.83171 0.82213 0.82094 0.82889 0.83973 0.81836 0.79603 0.75126
0.72462 0.71076 0.78195 0.80143 0.79594 0.82024 0.83261 0.82677 0.81107 0.82486 0.81874 0.80427 0.79437 0.83187 0.83377 0.78710 0.80682 0.82018 0.85335 0.83718 0.77627 0.80697 0.77631 0.76841 0.66882
0.24139 0.49608 0.67327 0.75238 0.79770 0.80346 0.84297 0.80826 0.77609 0.77135 0.73896 0.78199 0.73428 0.74477 0.82323 0.78522 0.82011 0.77305 0.82364 0.78351 0.77120 0.78294 0.73774 0.69208 0.49678
