# name=organic_walks field=200x200 stride=8
25 25
0.00000 0.00000 0.00000 0.00000 0.00000 0.00000 0.21121 0.04172 0.00000 0.11013 0.10273 0.00000 0.00000 0.00000 0.00000 0.00000 0.00000 0.00000 0.00000 0.00000 0.00000 0.00000 0.00000 0.00000 0.00000
0.00000 0.00000 0.00000 0.00000 0.00000 0.18856 0.20171 0.22136 0.22266 0.19834 0.10161 0.10676 0.03259 0.03594 0.00000 0.00000 0.00000 0.00000 0.00000 0.00000 0.00000 0.00000 0.00000 0.00000 0.00000
0.00000 0.00000 0.00000 0.00000 0.17268 0.18619 0.19555 0.35686 0.21203 0.18823 0.18730 0.11224 0.03333 0.03459 0.00000 0.00000 0.00000 0.00000 0.00000 0.03759 0.03343 0.00000 0.00000 0.00000 0.00000
0.00000 0.00000 0.00000 0.07102 0.07602 0.18804 0.19424 0.33641 0.20291 0.17980 0.22712 0.28035 0.26293 0.37030 0.10668 0.02094 0.05723 0.06084 0.00000 0.03341 0.03145 0.09967 0.04676 0.04622 0.04570
0.00000 0.00000 0.00000 0.06671 0.07369 0.19294 0.19960 0.52884 0.42617 0.49593 0.22447 0.09826 0.36513 0.32173 0.29844 0.05502 0.05006 0.05823 0.06772 0.02959 0.07025 0.08821 0.04451 0.04416 0.04391
0.00000 0.00000 0.00000 0.00000 0.15871 0.09432 0.19649 0.51108 0.44468 0.47601 0.52444 0.08394 0.46365 0.53765 0.21284 0.05414 0.05531 0.06575 0.03001 0.00000 0.19606 0.22570 0.18451 0.03566 0.03689
0.00000 0.00000 0.00000 0.00000 0.13960 0.16780 0.16972 0.00000 0.46009 0.46081 0.16741 0.45328 0.47979 0.48830 0.58466 0.24266 0.19539 0.02800 0.03224 0.00000 0.23981 0.15595 0.03325 0.03474 0.03622
0.00000 0.02858 0.03311 0.03757 0.04585 0.37051 0.35734 0.10038 0.28151 0.06593 0.16875 0.46585 0.29590 0.31425 0.32209 0.14180 0.12636 0.02428 0.03028 0.18630 0.30624 0.51576 0.20076 0.07807 0.07599
0.03404 0.03395 0.03548 0.10141 0.10686 0.22777 0.25925 0.29045 0.14011 0.15927 0.18376 0.18707 0.31995 0.33122 0.21011 0.08368 0.11260 0.09059 0.28367 0.51289 0.53242 0.20265 0.19709 0.18730 0.06771
0.03625 0.03436 0.03380 0.09011 0.09656 0.50713 0.23456 0.68725 0.20294 0.31760 0.35878 0.39292 0.16103 0.31686 0.50432 0.16541 0.43699 0.48461 0.26449 0.51454 0.15782 0.24977 0.18333 0.17887 0.18558
0.03940 0.03692 0.03479 0.42439 0.48932 0.56555 0.62519 0.62512 0.59609 0.62075 0.39233 0.18956 0.17080 0.39263 0.32423 0.15442 0.31538 0.20863 0.18870 0.02675 0.43482 0.52590 0.52784 0.51941 0.51931
0.00000 0.03303 0.02971 0.35828 0.42513 0.53670 0.24819 0.23804 0.57604 0.58362 0.22963 0.23965 0.23979 0.50254 0.25953 0.30530 0.33546 0.20147 0.25332 0.23160 0.49869 0.52272 0.54279 0.49689 0.08443
0.00000 0.00000 0.00000 0.28258 0.38026 0.22490 0.38140 0.22244 0.20217 0.45700 0.24466 0.22059 0.20511 0.13184 0.26663 0.26874 0.18077 0.45347 0.45327 0.46035 0.41576 0.43148 0.48269 0.19009 0.00000
0.00000 0.00000 0.00000 0.31648 0.56014 0.59485 0.53756 0.31674 0.48663 0.30234 0.45880 0.18726 0.17606 0.25959 0.45979 0.42891 0.45366 0.54802 0.47209 0.46028 0.30026 0.55046 0.42009 0.07662 0.00000
0.00000 0.00000 0.07057 0.20787 0.19994 0.31629 0.28873 0.24706 0.24379 0.28142 0.41723 0.17692 0.18182 0.29125 0.28423 0.14628 0.17311 0.50147 0.49520 0.28917 0.39484 0.41811 0.02989 0.02647 0.03201
0.00000 0.00000 0.02652 0.02562 0.29721 0.28772 0.29091 0.17073 0.42295 0.02799 0.40182 0.16189 0.19586 0.21239 0.14516 0.14651 0.15315 0.47718 0.52112 0.45849 0.46142 0.18528 0.03035 0.02717 0.02792
0.00000 0.00000 0.02066 0.02163 0.11892 0.14760 0.07870 0.19268 0.17782 0.06548 0.08711 0.08279 0.17220 0.18538 0.29318 0.07118 0.23325 0.14454 0.38406 0.06752 0.06872 0.39780 0.09809 0.09722 0.07972
0.00000 0.00000 0.04984 0.11075 0.12279 0.07224 0.07805 0.19372 0.17982 0.15179 0.11529 0.16696 0.14651 0.16528 0.03219 0.51832 0.47021 0.14061 0.28762 0.46941 0.56034 0.33458 0.09356 0.03982 0.03965
0.00000 0.00000 0.00000 0.03275 0.04486 0.15048 0.08483 0.09779 0.27169 0.12450 0.10121 0.03267 0.10987 0.02507 0.13528 0.13822 0.36703 0.28708 0.51692 0.46838 0.49621 0.33172 0.34747 0.03983 0.04007
0.00000 0.00000 0.00000 0.03472 0.04854 0.06857 0.27359 0.29838 0.17455 0.24308 0.19406 0.08068 0.07118 0.03543 0.32108 0.45591 0.50172 0.51250 0.30910 0.44525 0.54838 0.33086 0.34925 0.10386 0.04233
0.00000 0.00000 0.00000 0.00000 0.02198 0.06932 0.07338 0.06339 0.14180 0.15399 0.17831 0.08188 0.18885 0.18828 0.17790 0.29098 0.57540 0.50072 0.48670 0.45585 0.43847 0.18654 0.09979 0.00000 0.00000
0.00000 0.00000 0.00000 0.00000 0.01888 0.07457 0.06626 0.14326 0.15488 0.16559 0.18182 0.19221 0.17817 0.16397 0.55330 0.30719 0.32040 0.47792 0.49202 0.31576 0.45538 0.08429 0.00000 0.00000 0.00000
0.00000 0.00000 0.00000 0.00000 0.00000 0.00000 0.05802 0.16714 0.07349 0.06911 0.08117 0.20354 0.18989 0.15934 0.03395 0.33461 0.19504 0.31104 0.29604 0.09318 0.04104 0.08543 0.00000 0.00000 0.00000
0.00000 0.00000 0.00000 0.00000 0.00000 0.00000 0.00000 0.04429 0.07793 0.07601 0.08462 0.09732 0.09334 0.00000 0.00000 0.04579 0.20292 0.20615 0.31382 0.04173 0.04084 0.04125 0.00000 0.00000 0.00000
0.00000 0.00000 0.00000 0.00000 0.00000 0.00000 0.00000 0.00000 0.04149 0.03975 0.04086 0.00000 0.00000 0.00000 0.00000 0.04580 0.04552 0.04581 0.04659 0.00000 0.00000 0.00000 0.00000 0.00000 0.00000
