# name=grid_sheared field=200x200 stride=8
25 25
0.79998 0.79770 0.89370 0.89595 0.95223 0.94155 0.97763 0.94155 0.97763 0.94155 0.97763 0.94155 0.97763 0.94155 0.97763 0.94155 0.97763 0.94155 0.97763 0.97764 0.97763 0.97763 0.97762 0.97761 0.79821
0.85886 0.84937 0.93573 0.88394 0.95932 0.92785 0.95894 0.92785 0.95894 0.92785 0.95894 0.92785 0.95894 0.92785 0.95894 0.92785 0.95894 0.92785 0.95894 0.95701 0.96234 0.97755 0.96322 0.97752 0.77644
0.85285 0.93263 0.94845 0.96295 0.95516 0.97746 0.95540 0.97746 0.95540 0.97746 0.95540 0.97746 0.95540 0.97746 0.95540 0.97746 0.95540 0.97746 0.95540 0.97746 0.95963 0.97745 0.96129 0.97743 0.77410
0.93921 0.91206 0.94330 0.95538 0.96061 0.96350 0.96032 0.96350 0.96032 0.96350 0.96032 0.96350 0.96032 0.96350 0.96032 0.96350 0.96032 0.96350 0.96089 0.97736 0.96394 0.97736 0.97736 0.97735 0.97734
0.86100 0.96543 0.97033 0.97779 0.95785 0.97731 0.95762 0.97731 0.95762 0.97731 0.95762 0.97731 0.95762 0.97731 0.95762 0.97731 0.95762 0.97731 0.95850 0.97730 0.96236 0.97731 0.97730 0.97730 0.97727
0.79090 0.95466 0.95696 0.97772 0.97748 0.96256 0.95928 0.96257 0.97748 0.96256 0.95928 0.96257 0.97748 0.96256 0.95928 0.96257 0.97748 0.96256 0.96011 0.96448 0.97743 0.96785 0.97727 0.96741 0.97767
0.85982 0.89306 0.94745 0.94520 0.97771 0.94098 0.97777 0.94100 0.97771 0.94098 0.97777 0.94100 0.97771 0.94098 0.97777 0.94100 0.97771 0.94098 0.97774 0.94553 0.97761 0.95363 0.97775 0.96485 0.97810
0.75637 0.89874 0.92979 0.93689 0.96551 0.96333 0.96581 0.96333 0.96551 0.96333 0.96581 0.96333 0.96551 0.96333 0.96581 0.96333 0.96551 0.96333 0.97810 0.96490 0.97787 0.96768 0.97811 0.97838 0.97878
0.73977 0.89039 0.93933 0.93878 0.96497 0.96407 0.97834 0.96407 0.97824 0.96407 0.97834 0.96407 0.97824 0.96407 0.97834 0.96407 0.97824 0.96407 0.97834 0.96507 0.97806 0.97823 0.97843 0.97879 0.97927
0.82317 0.91167 0.94591 0.93229 0.96547 0.96372 0.96574 0.96372 0.96536 0.96372 0.96574 0.96372 0.96536 0.96372 0.96574 0.96372 0.96536 0.96372 0.96574 0.96454 0.96736 0.97830 0.96983 0.97892 0.97377
0.85232 0.91882 0.93575 0.96598 0.94352 0.97807 0.94438 0.97807 0.94370 0.97807 0.94438 0.97807 0.94370 0.97807 0.94438 0.97807 0.94370 0.97807 0.94438 0.97800 0.94922 0.97808 0.96589 0.97864 0.97105
0.94092 0.91270 0.94559 0.95737 0.96196 0.96416 0.96189 0.96417 0.96168 0.96416 0.96189 0.96417 0.96168 0.96416 0.96189 0.96417 0.96168 0.96416 0.96237 0.97763 0.96481 0.96559 0.97793 0.97815 0.97858
0.86639 0.96653 0.95799 0.97791 0.97767 0.97744 0.95979 0.97744 0.97746 0.97744 0.95979 0.97744 0.97746 0.97744 0.95979 0.97744 0.97746 0.97744 0.96057 0.97742 0.97742 0.97738 0.95824 0.97774 0.97801
0.79090 0.95466 0.95696 0.97772 0.97748 0.96256 0.95928 0.96257 0.97748 0.96256 0.95928 0.96257 0.97748 0.96256 0.95928 0.96257 0.97748 0.96256 0.96011 0.96448 0.97743 0.96785 0.96676 0.94860 0.94503
0.85982 0.89306 0.94745 0.94520 0.97771 0.94098 0.97777 0.94100 0.97771 0.94098 0.97777 0.94100 0.97771 0.94098 0.97777 0.94100 0.97771 0.94098 0.97774 0.94553 0.97761 0.95363 0.97775 0.96485 0.96555
0.75637 0.89874 0.92979 0.93689 0.96551 0.96333 0.96581 0.96333 0.96551 0.96333 0.96581 0.96333 0.96551 0.96333 0.96581 0.96333 0.96551 0.96333 0.97810 0.96490 0.97787 0.96768 0.97811 0.97838 0.97878
0.73977 0.89039 0.93933 0.93878 0.96497 0.96407 0.97834 0.96407 0.97824 0.96407 0.97834 0.96407 0.97824 0.96407 0.97834 0.96407 0.97824 0.96407 0.97834 0.96507 0.97806 0.97823 0.97843 0.97879 0.97927
0.82317 0.91167 0.94591 0.93229 0.96547 0.96372 0.96574 0.96372 0.96536 0.96372 0.96574 0.96372 0.96536 0.96372 0.96574 0.96372 0.96536 0.96372 0.96574 0.96454 0.96736 0.97830 0.96983 0.97892 0.97377
0.85232 0.91882 0.93575 0.96598 0.94352 0.97807 0.94438 0.97807 0.94370 0.97807 0.94438 0.97807 0.94370 0.97807 0.94438 0.97807 0.94370 0.97807 0.94438 0.97800 0.94922 0.97808 0.96589 0.97864 0.97105
0.94092 0.93528 0.96374 0.95846 0.97794 0.96490 0.97774 0.96490 0.97769 0.96490 0.97774 0.96490 0.97769 0.96490 0.97774 0.96490 0.97769 0.96490 0.97772 0.97761 0.97761 0.96629 0.97791 0.97808 0.97851
0.93046 0.96795 0.96067 0.97782 0.97761 0.97742 0.96245 0.97742 0.97743 0.97742 0.96245 0.97742 0.97743 0.97742 0.96245 0.97742 0.97743 0.97742 0.96301 0.97740 0.97740 0.97737 0.96138 0.97767 0.97789
0.97829 0.97795 0.97769 0.97749 0.97727 0.97727 0.97727 0.97727 0.97727 0.97727 0.97727 0.97727 0.97727 0.97727 0.97727 0.97727 0.97727 0.97727 0.97727 0.97727 0.97727 0.97727 0.96919 0.96226 0.95224
0.94475 0.95443 0.97745 0.96242 0.97727 0.96341 0.97727 0.96341 0.97727 0.96341 0.97727 0.96341 0.97727 0.96341 0.97727 0.96341 0.97727 0.96341 0.97727 0.96546 0.97727 0.96855 0.97727 0.97727 0.96709
0.72398 0.97727 0.97727 0.97727 0.97727 0.97727 0.97727 0.97727 0.97727 0.97727 0.97727 0.97727 0.97727 0.97727 0.97727 0.97727 0.97727 0.97727 0.97727 0.97727 0.97727 0.97727 0.97727 0.97727 0.97727
0.00000 0.00000 0.00000 0.00000 0.97727 0.77779 0.97727 0.77779 0.97727 0.77779 0.97727 0.77779 0.97727 0.77779 0.97727 0.77779 0.97727 0.77779 0.97727 0.78043 0.97727 0.97727 0.97727 0.97727 0.97727
