# name=rect_scattered field=200x200 stride=8
25 25
0.00000 0.00000 0.00000 0.00000 0.00000 0.00000 0.26788 0.24808 0.34400 0.27413 0.23771 0.14927 0.00000 0.00000 0.00000 0.00000 0.00000 0.00000 0.00000 0.00000 0.00000 0.00000 0.00000 0.00000 0.00000
0.00000 0.00000 0.00000 0.00000 0.00000 0.20467 0.80675 0.83455 0.85576 0.82060 0.36325 0.12877 0.00000 0.00000 0.00000 0.00000 0.00000 0.00000 0.00000 0.00000 0.00000 0.00000 0.00000 0.00000 0.00000
0.00000 0.00000 0.00000 0.00000 0.42695 0.73622 0.84613 0.87994 0.87980 0.84041 0.69009 0.29166 0.00000 0.00000 0.00000 0.00000 0.00000 0.00000 0.00000 0.00000 0.00000 0.00000 0.00000 0.00000 0.00000
0.00000 0.00000 0.00000 0.00000 0.64094 0.83104 0.86568 0.89646 0.88418 0.83511 0.72243 0.57798 0.00000 0.00000 0.00000 0.00000 0.00000 0.00000 0.00000 0.00000 0.00000 0.00000 0.00000 0.00000 0.00000
0.00000 0.00000 0.00000 0.00000 0.56980 0.74827 0.82286 0.87460 0.88246 0.86894 0.78510 0.57098 0.00000 0.00000 0.00000 0.00000 0.00000 0.00000 0.00000 0.00000 0.69854 0.76826 0.86129 0.93797 1.00000
0.00000 0.00000 0.00000 0.00000 0.55567 0.64640 0.86393 0.89421 0.91916 0.88455 0.77638 0.64105 0.00000 0.00000 0.00000 0.00000 0.00000 0.00000 0.00000 0.00000 0.74124 0.82543 0.83648 0.92581 1.00000
0.00000 0.00000 0.00000 0.00000 0.77544 0.82147 0.87910 0.90164 0.92970 0.91359 0.74257 0.52473 0.00000 0.00000 0.00000 0.00000 0.00000 0.00000 0.00000 0.00000 0.66807 0.78609 0.88299 0.91817 1.00000
0.00000 0.00000 0.00000 0.00000 0.76623 0.69233 0.75078 0.93758 0.91778 0.86288 0.77133 0.28740 0.00000 0.00000 0.00000 0.00000 0.00000 0.00000 0.00000 0.00000 0.57790 0.75828 0.86550 0.93102 1.00000
0.00000 0.00000 0.00000 0.00000 0.91557 0.82181 0.70942 0.72151 0.76333 0.50590 0.60460 0.28721 0.22490 0.56610 0.36805 0.12905 0.15218 0.10843 0.23520 0.17158 0.00000 0.00000 0.00000 0.00000 0.00000
0.00000 0.00000 0.00000 0.00000 0.83289 0.73290 0.14735 0.69366 0.79020 0.78306 0.76569 0.27134 0.58705 0.54325 0.65682 0.65392 0.25560 0.24433 0.18313 0.39603 0.00000 0.00000 0.00000 0.00000 0.00000
0.00000 0.00000 0.00000 0.00000 0.78168 0.33447 0.46137 0.73391 0.68298 0.79483 0.80240 0.60908 0.52155 0.67465 0.67536 0.65974 0.24791 0.24781 0.24681 0.41457 0.00000 0.00000 0.00000 0.00000 0.00000
0.00000 0.00000 0.00000 0.00000 0.51199 0.74552 0.74172 0.80586 0.77731 0.83582 0.77266 0.63971 0.00000 0.41719 0.48162 0.66163 0.22764 0.17979 0.55432 0.68506 0.00000 0.00000 0.00000 0.00000 0.00000
0.00000 0.00000 0.00000 0.00000 0.75594 0.87591 0.85400 0.73945 0.86587 0.90117 0.81131 0.70040 0.54240 0.71927 0.75179 0.39463 0.32100 0.56940 0.60943 0.74845 0.00000 0.00000 0.00000 0.00000 0.00000
0.00000 0.00000 0.00000 0.00000 0.63872 0.78751 0.72562 0.76676 0.84550 0.84629 0.83460 0.78246 0.26181 0.64309 0.71282 0.17901 0.17194 0.46578 0.49911 0.53298 0.00000 0.00000 0.00000 0.00000 0.00000
0.00000 0.00000 0.00000 0.00000 0.24278 0.68164 0.75156 0.77904 0.84776 0.80173 0.71995 0.75942 0.17190 0.66187 0.59823 0.25181 0.25552 0.47238 0.50866 0.43990 0.00000 0.00000 0.00000 0.00000 0.00000
0.00000 0.00000 0.00000 0.00000 0.09710 0.33017 0.71096 0.75884 0.77504 0.83128 0.71935 0.14901 0.18101 0.19123 0.57156 0.59357 0.43383 0.65825 0.69817 0.74516 0.00000 0.00000 0.00000 0.00000 0.00000
0.00000 0.00000 0.00000 0.00000 0.00000 0.00000 0.00000 0.00000 0.00000 0.00000 0.00000 0.00000 0.45260 0.36833 0.71907 0.71871 0.65099 0.65332 0.74952 0.70871 0.00000 0.00000 0.00000 0.00000 0.00000
0.00000 0.00000 0.00000 0.00000 0.00000 0.00000 0.00000 0.00000 0.00000 0.00000 0.00000 0.00000 0.14241 0.20529 0.74242 0.73617 0.68886 0.66678 0.69253 0.80278 0.00000 0.00000 0.00000 0.00000 0.00000
0.00000 0.00000 0.00000 0.00000 0.00000 0.00000 0.00000 0.00000 0.00000 0.00000 0.00000 0.00000 0.18513 0.17861 0.45002 0.84298 0.75005 0.78262 0.73334 0.78648 0.00000 0.00000 0.00000 0.00000 0.00000
0.00000 0.00000 0.00000 0.00000 0.00000 0.00000 0.00000 0.00000 0.00000 0.00000 0.00000 0.00000 0.64860 0.79350 0.87168 0.91389 0.72795 0.82091 0.79176 0.77254 0.00000 0.00000 0.00000 0.00000 0.00000
0.00000 0.00000 0.00000 0.00000 0.00000 0.00000 0.00000 0.00000 0.00000 0.00000 0.00000 0.00000 0.83402 0.87236 0.87611 0.79124 0.81612 0.86964 0.83107 0.87176 0.00000 0.00000 0.00000 0.00000 0.00000
0.00000 0.00000 0.00000 0.00000 0.00000 0.00000 0.00000 0.00000 0.00000 0.00000 0.00000 0.00000 0.92786 0.93202 0.93393 0.92124 0.89085 0.88703 0.87592 0.89391 0.00000 0.00000 0.00000 0.00000 0.00000
0.00000 0.00000 0.00000 0.00000 0.00000 0.00000 0.00000 0.00000 0.00000 0.00000 0.00000 0.00000 0.97532 0.96856 0.96976 0.97498 0.95063 0.92362 0.91558 0.92304 0.00000 0.00000 0.00000 0.00000 0.00000
0.00000 0.00000 0.00000 0.00000 0.00000 0.00000 0.00000 0.00000 0.00000 0.00000 0.00000 0.00000 0.97148 0.98173 0.98172 0.98431 1.00000 0.95666 0.94050 0.97432 0.00000 0.00000 0.00000 0.00000 0.00000
0.00000 0.00000 0.00000 0.00000 0.00000 0.00000 0.00000 0.00000 0.00000 0.00000 0.00000 0.00000 0.00000 0.00000 0.00000 0.00000 0.00000 0.00000 0.00000 0.00000 0.00000 0.00000 0.00000 0.00000 0.00000
