# name=grid_mixed_sizes field=200x200 stride=8
25 25
0.00000 0.00000 0.00000 0.00000 0.00000 0.00000 0.04527 0.04751 0.05361 0.14527 0.14188 0.35696 0.35852 0.14191 0.34100 0.32550 0.30360 0.77941 0.30900 0.31048 0.48899 0.14191 0.14383 0.14707 0.00000
0.00000 0.00000 0.00000 0.00000 0.00000 0.00000 0.26454 0.25001 0.24228 0.30251 0.70612 0.35696 0.48841 0.33813 0.47998 0.51093 0.30227 0.78346 0.28354 0.78321 0.48570 0.49473 0.95245 0.14707 0.00000
0.00000 0.00000 0.36738 0.00000 0.28541 0.26766 0.26879 0.40254 0.77499 0.69566 0.87021 0.86727 0.96327 0.90449 0.81631 0.74256 0.76007 0.80262 0.71974 0.75215 0.91630 0.93378 0.91738 0.92186 0.13921
0.13921 0.36738 0.91961 0.87022 0.81550 0.82994 0.72456 0.75333 0.79193 0.84978 0.85459 0.92165 0.92363 0.88617 0.85131 0.86741 0.74772 0.81973 0.79154 0.92965 0.90735 0.94547 0.93493 0.87166 0.13394
0.13394 0.30141 0.91200 0.86533 0.78726 0.79420 0.72769 0.87473 0.77486 0.80569 0.85180 0.94356 0.91728 0.89124 0.86411 0.79683 0.77414 0.82847 0.82852 0.94408 0.96353 0.93203 0.88873 0.52774 0.13657
0.13657 0.33997 0.88218 0.86043 0.85643 0.70348 0.75098 0.86154 0.77365 0.84009 0.85368 0.72319 0.90603 0.89949 0.72793 0.80918 0.68160 0.87239 0.89982 0.86738 0.93344 0.81980 0.77888 0.79017 0.13921
0.34330 0.33495 0.95642 0.96065 0.92367 0.82700 0.83222 0.61823 0.75607 0.78585 0.79742 0.28624 0.80297 0.79804 0.82725 0.77323 0.91392 0.96706 0.92931 0.89310 0.83612 0.78580 0.48399 0.29821 0.13394
0.13394 1.00000 1.00000 1.00000 0.96877 0.93775 0.78899 0.83444 0.81146 0.85164 0.91134 0.76848 0.80704 0.78942 0.81779 0.74933 0.66527 0.76489 0.78013 0.83443 0.78670 0.76658 0.74747 0.33377 0.13657
0.13657 1.00000 1.00000 0.95798 0.90289 0.80023 0.80953 0.62681 0.85485 0.84038 0.95721 0.78041 0.81616 0.76712 0.77273 0.79589 0.41871 0.73744 0.77294 0.79287 0.70557 0.72701 0.74686 0.36187 0.13921
0.37765 0.36070 1.00000 0.87223 0.64634 0.82844 0.53111 0.61898 0.78325 0.82706 0.77593 0.68136 0.72194 0.78864 0.30351 0.74433 0.44954 0.72598 0.82253 0.78810 0.76817 0.75780 0.11699 0.13394 0.13394
0.00000 0.30849 0.30756 0.37389 0.53406 0.75462 0.43569 0.67642 0.75677 0.77420 0.28448 0.69470 0.72160 0.75216 0.37094 0.38287 0.78210 0.81800 0.31495 0.81646 0.47140 0.73731 0.49503 0.13657 0.13657
0.04745 0.28462 0.39223 0.37926 0.66770 0.69205 0.76842 0.28963 0.60403 0.62027 0.60115 0.75298 0.79216 0.81054 0.68329 0.38904 0.77412 0.74894 0.82636 0.79102 0.78624 0.76964 0.60609 0.36091 0.00000
0.04878 0.04967 0.21948 0.46227 0.40050 0.40254 0.29089 0.87404 0.83710 0.75366 0.80356 0.82955 0.72697 0.68143 0.74935 0.86124 0.21062 0.66672 0.47667 0.73349 0.71051 0.10276 0.10365 0.05161 0.05203
0.00000 0.14742 0.14742 0.44624 0.44665 0.70005 0.81296 0.91870 0.89412 0.82667 0.78458 0.83165 0.79341 0.11055 0.35640 0.33960 0.22289 0.03739 0.39864 0.39825 0.39472 0.71020 0.11495 0.05115 0.05113
0.14467 0.14467 0.14467 0.27622 0.46910 0.50136 0.87639 0.87241 0.85036 0.80263 0.73330 0.72966 0.79955 0.69491 0.76758 0.71079 0.67715 0.67662 0.73880 0.72005 0.73970 0.76498 0.36044 0.35113 0.00000
0.14603 0.14603 0.29034 0.37993 0.25311 0.29421 0.11994 0.11428 0.29176 0.75396 0.68730 0.71971 0.84061 0.80650 0.78693 0.72059 0.66109 0.74710 0.74631 0.75117 0.78621 0.28522 0.14467 0.14467 0.14467
0.00000 0.38006 0.38006 0.36368 0.34419 0.66082 0.39315 0.61199 0.60979 0.77222 0.70748 0.72189 0.73478 0.78946 0.78678 0.61940 0.83903 0.26192 0.72722 0.78861 0.47140 0.47140 0.14603 0.14603 0.00000
0.14467 0.14467 0.14467 0.12951 0.77923 0.72981 0.71786 0.62470 0.70330 0.45506 0.81458 0.74269 0.64386 0.60236 0.86651 0.68801 0.81639 0.79458 0.75820 0.75403 0.67273 0.34597 0.15000 0.00000 0.00000
0.14603 0.14603 0.36605 0.14603 0.84406 0.77339 0.50894 0.66076 0.66945 0.40903 0.83461 0.86087 0.95306 0.91992 0.92077 0.91960 0.91577 0.86108 0.80449 0.85710 0.72097 0.70165 0.14639 0.14639 0.00000
0.05243 0.34304 0.35534 0.66124 0.69108 0.26393 0.74634 0.65450 0.68730 0.83504 0.89593 0.93928 0.96351 0.95363 0.92047 0.93161 0.96359 0.89847 0.93925 0.84140 0.80842 0.69655 0.14499 0.14499 0.00000
0.05247 0.05233 0.10771 0.10108 0.77868 0.78343 0.77638 0.69769 0.67394 0.72189 0.89578 0.84343 0.93994 0.91048 0.86201 0.96091 0.90528 0.93156 0.87540 0.95326 0.84380 0.57431 0.14974 0.00000 0.00000
0.05341 0.05305 0.12125 0.11000 0.82407 0.79501 0.43840 0.45994 0.80120 0.74269 0.65167 0.60236 0.10141 0.64217 0.26519 0.83310 0.91147 0.92165 0.90806 0.83164 0.26560 0.21497 0.00000 0.00000 0.00000
0.00000 0.13870 0.12852 0.12393 0.51398 0.53034 0.12475 0.48861 0.50395 0.30916 0.30199 0.50864 0.50001 0.64177 0.73553 0.84113 0.93160 0.96862 0.93964 0.49429 0.26871 0.05348 0.00000 0.00000 0.00000
0.00000 0.00000 0.14527 0.14188 0.14357 0.37529 0.14188 0.32878 0.32616 0.31147 0.30301 0.50449 0.10141 0.30128 0.28957 0.49569 0.93943 1.00000 0.51772 0.50745 0.05244 0.05314 0.00000 0.00000 0.00000
0.00000 0.00000 0.14527 0.14188 0.14357 0.14527 0.14188 0.14357 0.05333 0.05271 0.30480 0.00000 0.00000 0.30213 0.05255 0.34327 0.14238 0.14191 0.14383 0.05306 0.05243 0.00000 0.00000 0.00000 0.00000
