# name=row_only field=200x200 stride=8
25 25
0.00000 0.00000 0.15298 0.15131 0.36208 0.36810 0.33954 0.33771 0.33056 0.32184 0.31681 0.13217 0.36735 0.15063 0.15199 0.15182 0.15063 0.15158 0.15585 0.15563 0.15585 0.00000 0.00000 0.00000 0.00000
0.00000 0.00000 0.29086 0.30631 0.78949 0.32466 0.66909 0.73282 0.57065 0.43933 0.41710 0.39278 0.81537 0.47266 0.81951 0.55091 0.33399 0.89643 0.90438 0.50129 0.52404 0.12473 0.00000 0.00000 0.00000
0.00000 0.00000 0.26765 0.47612 0.77318 0.78713 0.81177 0.72218 0.76563 0.39455 0.38260 0.81708 0.80289 0.72642 0.85117 0.79927 0.81080 0.88039 0.86363 0.77098 0.47681 0.48638 0.00000 0.00000 0.00000
0.02679 0.02718 0.21329 0.84958 0.83077 0.87384 0.82201 0.69581 0.68888 0.65954 0.70516 0.80599 0.79737 0.72809 0.75382 0.76188 0.76100 0.89555 0.80249 0.73745 0.39321 0.40734 0.22223 0.00000 0.00000
0.02803 0.17672 0.17088 0.82290 0.78120 0.88152 0.82866 0.73272 0.71567 0.72425 0.74869 0.78250 0.77350 0.74407 0.75257 0.80187 0.78977 0.78243 0.79083 0.71422 0.60327 0.20041 0.20527 0.00000 0.00000
0.00000 0.22644 0.32795 0.72612 0.79446 0.78338 0.80407 0.79215 0.75662 0.75710 0.74652 0.71882 0.71256 0.75432 0.68145 0.72139 0.78891 0.70002 0.66809 0.65710 0.52377 0.51536 0.34173 0.07227 0.00000
0.04320 0.17306 0.17483 0.77958 0.76564 0.79479 0.67945 0.78576 0.84509 0.85168 0.81898 0.77749 0.68432 0.77101 0.72841 0.75974 0.81114 0.72415 0.70619 0.68616 0.75115 0.71047 0.20330 0.08738 0.09472
0.00000 0.20338 0.41382 0.67653 0.73038 0.76533 0.57477 0.75176 0.84011 0.82131 0.79320 0.78569 0.77113 0.78587 0.73361 0.82526 0.79709 0.78935 0.77784 0.74070 0.79286 0.77298 0.25132 0.26281 0.04694
0.07699 0.19828 0.73399 0.78296 0.74501 0.76043 0.72738 0.77822 0.75811 0.74879 0.80051 0.78243 0.82378 0.80273 0.74185 0.86562 0.82054 0.77168 0.78807 0.85794 0.88202 0.88012 0.72604 0.46206 0.00000
0.08021 0.08182 0.86316 0.82758 0.76550 0.84632 0.73673 0.74011 0.76789 0.77305 0.83579 0.77639 0.83755 0.79275 0.74487 0.84340 0.80629 0.76609 0.78826 0.85469 0.87308 0.81580 0.79040 0.46326 0.00000
0.03249 0.20882 0.75555 0.73506 0.79230 0.78059 0.72138 0.80644 0.80922 0.74775 0.80235 0.75728 0.77887 0.74359 0.79869 0.77259 0.82308 0.79447 0.77323 0.82786 0.82873 0.83792 0.69141 0.72203 0.08800
0.21216 0.21212 0.64018 0.71143 0.71522 0.70937 0.71767 0.81175 0.83486 0.76700 0.80902 0.79757 0.74420 0.81015 0.78438 0.81508 0.74490 0.81670 0.83459 0.83812 0.84824 0.81279 0.77756 0.72883 0.10033
0.03243 0.18694 0.62572 0.63738 0.68577 0.65080 0.64786 0.78980 0.78882 0.80612 0.81868 0.66424 0.77706 0.75166 0.73454 0.78490 0.76270 0.82800 0.86772 0.83583 0.79913 0.78620 0.76600 0.75972 0.04670
0.02639 0.16723 0.35467 0.64366 0.73531 0.72653 0.67017 0.78290 0.81213 0.77279 0.80714 0.74191 0.79527 0.81475 0.82975 0.83814 0.84055 0.87111 0.86792 0.85945 0.80369 0.77561 0.78683 0.40769 0.03582
0.00000 0.02346 0.21594 0.67220 0.73952 0.65048 0.74517 0.68799 0.77249 0.72695 0.71858 0.75059 0.77589 0.79222 0.76418 0.77946 0.83642 0.70923 0.80848 0.80092 0.75670 0.80171 0.78175 0.39739 0.02840
0.00000 0.00000 0.43487 0.70225 0.70456 0.70719 0.71513 0.72401 0.72605 0.72017 0.80920 0.79273 0.77751 0.85317 0.81971 0.81556 0.83323 0.83910 0.78477 0.83415 0.82106 0.74379 0.71652 0.19316 0.00000
0.00000 0.00000 0.21642 0.74080 0.71112 0.82447 0.79306 0.67444 0.73823 0.71376 0.73599 0.81464 0.86642 0.85803 0.76760 0.74266 0.84449 0.83687 0.82436 0.82128 0.78539 0.78787 0.67192 0.03084 0.02915
0.03249 0.03341 0.37843 0.71576 0.71605 0.85531 0.78714 0.71310 0.77630 0.85614 0.81752 0.84979 0.80740 0.76258 0.81407 0.79075 0.81054 0.74336 0.81652 0.84098 0.76972 0.65572 0.22637 0.09207 0.00000
0.03185 0.08826 0.43289 0.41648 0.75501 0.84227 0.81561 0.75215 0.76653 0.84928 0.86348 0.83746 0.79456 0.83764 0.83810 0.77090 0.80191 0.71401 0.83701 0.69307 0.76892 0.79528 0.09799 0.09527 0.09212
0.10284 0.41453 0.74186 0.77273 0.81249 0.78412 0.81610 0.77640 0.74817 0.79904 0.77631 0.83399 0.71304 0.76968 0.78333 0.75001 0.80306 0.79994 0.80587 0.78384 0.78927 0.82171 0.58235 0.00000 0.00000
0.09836 0.42584 0.78074 0.82907 0.84610 0.85866 0.85545 0.85004 0.76386 0.79148 0.85290 0.67402 0.75250 0.78386 0.63662 0.76255 0.76157 0.76013 0.80729 0.80407 0.79754 0.76308 0.45047 0.09110 0.00000
0.00000 0.88656 0.83379 0.82875 0.86165 0.85598 0.86509 0.84737 0.80512 0.76688 0.82309 0.41626 0.80576 0.76756 0.72349 0.73864 0.76469 0.79052 0.83021 0.80841 0.77591 0.42405 0.08262 0.03196 0.03255
0.00000 0.31455 0.89272 0.88778 0.89284 0.84685 0.88667 0.88201 0.81094 0.78936 0.29339 0.45465 0.80584 0.76731 0.73756 0.80975 0.81631 0.57319 0.77522 0.46074 0.49439 0.51845 0.03288 0.03219 0.00000
0.00000 0.34462 0.32824 0.91696 0.46280 0.86366 0.93729 0.43345 0.81674 0.12977 0.33138 0.13475 0.48351 0.49954 0.74931 0.80992 0.53934 0.55381 0.30533 0.45934 0.51825 0.03912 0.03781 0.00000 0.00000
0.00000 0.00000 0.13443 0.12990 0.34650 0.35429 0.14763 0.37784 0.15072 0.15108 0.38733 0.15564 0.34440 0.13286 0.12969 0.32690 0.32507 0.13119 0.34075 0.15563 0.15595 0.00000 0.00000 0.00000 0.00000
