# name=grid_sheared field=200x200 stride=8
25 25
0.79932 0.79701 0.89292 0.89515 0.95138 0.94069 0.97676 0.94069 0.97676 0.94069 0.97676 0.94069 0.97676 0.94069 0.97676 0.94069 0.97676 0.94069 0.97676 0.94069 0.97676 0.97673 0.97672 0.97667 0.13440
0.85801 0.84850 0.93466 0.88291 0.95816 0.92678 0.95777 0.92678 0.95777 0.92678 0.95777 0.92678 0.95777 0.92678 0.95777 0.92678 0.95777 0.92678 0.95777 0.92678 0.95777 0.95333 0.95342 0.94092 0.58015
0.85195 0.93155 0.94734 0.96178 0.95400 0.97625 0.95423 0.97625 0.95423 0.97625 0.95423 0.97625 0.95423 0.97625 0.95423 0.97625 0.95423 0.97625 0.95423 0.97625 0.95423 0.97623 0.94992 0.97624 0.57992
0.93820 0.91093 0.94211 0.95407 0.95934 0.96212 0.95904 0.96212 0.95904 0.96212 0.95904 0.96212 0.95904 0.96212 0.95904 0.96212 0.95904 0.96212 0.95904 0.96212 0.95904 0.97597 0.95601 0.97584 0.87435
0.85991 0.96407 0.96900 0.97639 0.95658 0.97590 0.95634 0.97590 0.95634 0.97590 0.95634 0.97590 0.95634 0.97590 0.95634 0.97590 0.95634 0.97590 0.95634 0.97590 0.95634 0.97590 0.95414 0.95046 0.97610
0.79001 0.95337 0.95568 0.97615 0.95802 0.96052 0.95802 0.96052 0.95802 0.96052 0.95802 0.96052 0.95802 0.96052 0.95802 0.96052 0.95802 0.96052 0.95802 0.96052 0.95802 0.96052 0.95645 0.95662 0.88314
0.85856 0.89180 0.94409 0.94094 0.97589 0.93644 0.97589 0.93644 0.97589 0.93644 0.97589 0.93644 0.97589 0.93644 0.97589 0.93644 0.97589 0.93644 0.97589 0.93644 0.97589 0.93644 0.97617 0.92986 0.95506
0.75560 0.89271 0.92332 0.92945 0.96148 0.95868 0.96148 0.95868 0.96148 0.95868 0.96148 0.95868 0.96148 0.95868 0.96148 0.95868 0.96148 0.95868 0.96148 0.95868 0.96148 0.95894 0.97650 0.96925 0.90754
0.73434 0.86567 0.92067 0.92987 0.96004 0.95852 0.97588 0.95852 0.97588 0.95852 0.97588 0.95852 0.97588 0.95852 0.97588 0.95852 0.97588 0.95852 0.97588 0.95852 0.97588 0.95887 0.96739 0.94117 0.92740
0.82229 0.89627 0.94027 0.92236 0.96077 0.95802 0.96052 0.95802 0.96052 0.95802 0.96052 0.95802 0.96052 0.95802 0.96052 0.95802 0.96052 0.95802 0.96052 0.95802 0.96052 0.95217 0.94549 0.92831 0.88978
0.85143 0.91444 0.93031 0.96256 0.93624 0.97589 0.93644 0.97589 0.93644 0.97589 0.93644 0.97589 0.93644 0.97589 0.93644 0.97589 0.93644 0.97589 0.93644 0.97589 0.93644 0.95890 0.89579 0.93793 0.81316
0.93991 0.91157 0.94255 0.95425 0.95899 0.96148 0.95868 0.96148 0.95868 0.96148 0.95868 0.96148 0.95868 0.96148 0.95868 0.96148 0.95868 0.96148 0.95868 0.96148 0.95868 0.95751 0.92729 0.91535 0.86135
0.86530 0.96518 0.95674 0.97637 0.95875 0.97588 0.95852 0.97588 0.95852 0.97588 0.95852 0.97588 0.95852 0.97588 0.95852 0.97588 0.95852 0.97588 0.95852 0.97588 0.95852 0.97588 0.92634 0.93615 0.88887
0.79001 0.95337 0.95568 0.97615 0.95802 0.96052 0.95802 0.96052 0.95802 0.96052 0.95802 0.96052 0.95802 0.96052 0.95802 0.96052 0.95802 0.96052 0.95802 0.96052 0.95802 0.96052 0.93910 0.92194 0.88788
0.85856 0.89180 0.94409 0.94094 0.97589 0.93644 0.97589 0.93644 0.97589 0.93644 0.97589 0.93644 0.97589 0.93644 0.97589 0.93644 0.97589 0.93644 0.97589 0.93644 0.97589 0.93644 0.97617 0.92986 0.95221
0.75560 0.89271 0.92332 0.92945 0.96148 0.95868 0.96148 0.95868 0.96148 0.95868 0.96148 0.95868 0.96148 0.95868 0.96148 0.95868 0.96148 0.95868 0.96148 0.95868 0.96148 0.95894 0.97650 0.96925 0.90754
0.73434 0.86567 0.92067 0.92987 0.96004 0.95852 0.97588 0.95852 0.97588 0.95852 0.97588 0.95852 0.97588 0.95852 0.97588 0.95852 0.97588 0.95852 0.97588 0.95852 0.97588 0.95887 0.96739 0.94117 0.92740
0.82229 0.89627 0.94027 0.92236 0.96077 0.95802 0.96052 0.95802 0.96052 0.95802 0.96052 0.95802 0.96052 0.95802 0.96052 0.95802 0.96052 0.95802 0.96052 0.95802 0.96052 0.95217 0.94549 0.92831 0.88978
0.85143 0.91444 0.93031 0.96256 0.93624 0.97589 0.93644 0.97589 0.93644 0.97589 0.93644 0.97589 0.93644 0.97589 0.93644 0.97589 0.93644 0.97589 0.93644 0.97589 0.93644 0.95890 0.89579 0.93793 0.81316
0.93991 0.91157 0.94255 0.95425 0.95899 0.96148 0.95868 0.96148 0.95868 0.96148 0.95868 0.96148 0.95868 0.96148 0.95868 0.96148 0.95868 0.96148 0.95868 0.96148 0.95868 0.95751 0.92729 0.91535 0.86135
0.86530 0.96518 0.95674 0.97637 0.95875 0.97588 0.95852 0.97588 0.95852 0.97588 0.95852 0.97588 0.95852 0.97588 0.95852 0.97588 0.95852 0.97588 0.95852 0.97588 0.95852 0.97588 0.92634 0.93615 0.88887
0.85326 0.97700 0.97665 0.97637 0.97611 0.95970 0.97611 0.95970 0.97611 0.95970 0.97611 0.95970 0.97611 0.95970 0.97611 0.95970 0.97611 0.95970 0.97611 0.95970 0.97611 0.95970 0.95690 0.91751 0.91008
0.92834 0.94174 0.97632 0.95322 0.97609 0.92944 0.97609 0.92944 0.97609 0.92944 0.97609 0.92944 0.97609 0.92944 0.97609 0.92944 0.97609 0.92944 0.97609 0.92944 0.97609 0.92944 0.97608 0.91905 0.94511
0.33956 0.97635 0.94812 0.97639 0.87117 0.94373 0.87117 0.94373 0.87117 0.94373 0.87117 0.94373 0.87117 0.94373 0.87117 0.94373 0.87117 0.94373 0.87117 0.94373 0.87117 0.94373 0.89295 0.93644 0.33306
0.13891 0.34899 0.97660 0.55565 0.88208 0.57286 0.88208 0.57286 0.88208 0.57286 0.88208 0.57286 0.88208 0.57286 0.88208 0.57286 0.88208 0.57286 0.88208 0.57286 0.88208 0.57286 0.88208 0.33694 0.34345
