# name=grid_rotated_30 field=200x200 stride=8
25 25
0.17744 0.19854 0.60386 0.65142 0.65156 0.64740 0.34212 0.59465 0.65578 0.65856 0.33775 0.33681 0.60296 0.60882 0.67624 0.61993 0.62605 0.60169 0.60189 0.65789 0.69676 0.68467 0.36015 0.19548 0.19061
0.19180 0.20121 0.59012 0.63506 0.67434 0.65856 0.65264 0.67522 0.62561 0.66012 0.62831 0.65583 0.60008 0.59970 0.67626 0.61683 0.63034 0.62773 0.66494 0.71438 0.69214 0.68785 0.63827 0.56159 0.19927
0.19632 0.56540 0.64439 0.65436 0.68100 0.65157 0.68800 0.68665 0.65853 0.64510 0.62675 0.66162 0.66483 0.64252 0.67805 0.67057 0.66820 0.65608 0.67736 0.69447 0.69128 0.66320 0.66679 0.63532 0.57698
0.36015 0.64046 0.67219 0.68419 0.69490 0.68060 0.66740 0.65847 0.66333 0.67470 0.65521 0.65955 0.67734 0.65897 0.68220 0.66759 0.66999 0.67539 0.70086 0.70212 0.69245 0.69916 0.67656 0.64129 0.61510
0.68467 0.68785 0.67269 0.70265 0.68539 0.68190 0.68716 0.68282 0.67743 0.66446 0.65969 0.66309 0.67740 0.67063 0.68754 0.68782 0.69616 0.67523 0.68407 0.69869 0.69855 0.68112 0.68476 0.66414 0.64922
0.69676 0.69214 0.69128 0.69245 0.69855 0.69276 0.68874 0.67031 0.66860 0.67619 0.65772 0.67604 0.67944 0.68467 0.67872 0.68152 0.69684 0.68145 0.69645 0.68470 0.69276 0.68190 0.67244 0.63586 0.63636
0.65789 0.71438 0.69447 0.70212 0.69869 0.68470 0.68178 0.68712 0.68434 0.67064 0.65664 0.68169 0.66937 0.68813 0.68065 0.69479 0.68302 0.68106 0.67104 0.68178 0.68874 0.68716 0.66217 0.67947 0.64026
0.60189 0.66494 0.67736 0.70086 0.68407 0.69645 0.67104 0.67892 0.68885 0.68663 0.68685 0.68775 0.68935 0.69275 0.66956 0.68209 0.67449 0.69460 0.67892 0.68712 0.67031 0.68300 0.65889 0.68727 0.67012
0.60169 0.62773 0.65608 0.67539 0.67523 0.68145 0.68106 0.69460 0.68214 0.67671 0.68186 0.69426 0.68537 0.69766 0.69865 0.69951 0.68756 0.68214 0.68885 0.68434 0.66860 0.67764 0.66379 0.65927 0.62660
0.62605 0.63034 0.66820 0.66999 0.69616 0.69684 0.68302 0.67449 0.68756 0.69776 0.69767 0.69943 0.70171 0.70313 0.68879 0.67848 0.69776 0.67671 0.68663 0.67064 0.67619 0.66464 0.67508 0.64664 0.66243
0.61993 0.61683 0.67057 0.66759 0.68782 0.68152 0.69479 0.68209 0.69951 0.67848 0.70280 0.70482 0.69602 0.69703 0.70614 0.70280 0.69767 0.68186 0.68685 0.65664 0.65772 0.65969 0.65632 0.62902 0.63193
0.67624 0.67626 0.67805 0.68220 0.68754 0.67872 0.68065 0.66956 0.69865 0.68879 0.70614 0.69596 0.71247 0.69027 0.69596 0.70482 0.69943 0.69426 0.68775 0.68169 0.67604 0.66392 0.66146 0.66453 0.66032
0.60882 0.59970 0.64252 0.65897 0.67063 0.68467 0.68813 0.69275 0.69766 0.70313 0.69703 0.69027 0.70031 0.70031 0.71247 0.69602 0.70171 0.68537 0.68935 0.66937 0.67944 0.67844 0.67969 0.66727 0.60339
0.60296 0.60008 0.66483 0.67734 0.67740 0.67944 0.66937 0.68935 0.68537 0.70171 0.69602 0.71247 0.70031 0.70031 0.69027 0.69703 0.70313 0.69766 0.69275 0.68813 0.68467 0.67166 0.65962 0.64340 0.60132
0.33681 0.65583 0.66162 0.65955 0.66309 0.67604 0.68169 0.68775 0.69426 0.69943 0.70482 0.69596 0.69027 0.71247 0.69596 0.70614 0.68879 0.69865 0.66956 0.68065 0.67872 0.67890 0.67176 0.65625 0.64261
0.33775 0.62831 0.62675 0.65521 0.65969 0.65772 0.65664 0.68685 0.68186 0.69767 0.70280 0.70614 0.69703 0.69602 0.70482 0.70280 0.67848 0.69951 0.68209 0.69479 0.68152 0.68023 0.66806 0.66856 0.60880
0.65856 0.66012 0.64510 0.67470 0.66446 0.67619 0.67064 0.68663 0.67671 0.69776 0.67848 0.68879 0.70313 0.70171 0.69943 0.69767 0.69776 0.68756 0.67449 0.68302 0.69684 0.69150 0.67302 0.67238 0.63326
0.65578 0.62561 0.65853 0.66333 0.67743 0.66860 0.68434 0.68885 0.68214 0.68756 0.69951 0.69865 0.69766 0.68537 0.69426 0.68186 0.67671 0.68214 0.69460 0.68106 0.68145 0.67523 0.67820 0.66149 0.63581
0.59465 0.67522 0.68665 0.65847 0.68282 0.67031 0.68712 0.67892 0.69460 0.67449 0.68209 0.66956 0.69275 0.68935 0.68775 0.68685 0.68663 0.68885 0.67892 0.67104 0.69645 0.68407 0.69748 0.67649 0.66531
0.34212 0.65264 0.68800 0.66740 0.68716 0.68874 0.68178 0.67104 0.68106 0.68302 0.69479 0.68065 0.68813 0.66937 0.68169 0.65664 0.67064 0.68434 0.68712 0.68178 0.68470 0.69608 0.69652 0.68474 0.69964
0.64740 0.65856 0.65157 0.68060 0.68190 0.69276 0.68470 0.69645 0.68145 0.69684 0.68152 0.67872 0.68467 0.67944 0.67604 0.65772 0.67619 0.66860 0.67031 0.68874 0.69276 0.69470 0.68430 0.67742 0.67140
0.65205 0.67478 0.68131 0.69490 0.68539 0.69470 0.69608 0.68407 0.67523 0.69150 0.68023 0.67890 0.67166 0.67844 0.66392 0.65969 0.66464 0.67764 0.68300 0.68716 0.68190 0.68112 0.68396 0.65010 0.66799
0.65278 0.63624 0.65521 0.68008 0.68683 0.68430 0.69652 0.69748 0.67820 0.67302 0.66806 0.67176 0.65962 0.67969 0.66146 0.65632 0.67508 0.66379 0.65889 0.66217 0.67244 0.68476 0.67335 0.65981 0.62661
0.60667 0.59249 0.64627 0.66404 0.65886 0.67742 0.68474 0.67649 0.66149 0.67238 0.66856 0.65625 0.64340 0.66727 0.66453 0.62902 0.64664 0.65927 0.68727 0.67947 0.63586 0.66446 0.64214 0.63719 0.55861
0.20043 0.20272 0.56120 0.62808 0.66799 0.67140 0.69964 0.66531 0.63581 0.63326 0.60880 0.64261 0.60132 0.60339 0.66032 0.63193 0.66243 0.62660 0.67012 0.64026 0.63636 0.64968 0.61630 0.57934 0.20077
