# name=grid_mixed_sizes field=200x200 stride=8
25 25
0.00000 0.00000 0.00000 0.00000 0.00000 0.00000 0.00000 0.00000 0.00000 0.00000 0.00000 0.00000 0.00000 0.00000 0.00000 0.00000 0.00000 0.00000 0.00000 0.00000 0.48899 0.00000 0.00000 0.00000 0.00000
0.00000 0.00000 0.00000 0.00000 0.00000 0.00000 0.09769 0.10771 0.11053 0.12567 0.46329 0.00000 0.32116 0.00000 0.29628 0.00000 0.00000 0.00000 0.26665 0.47445 0.48570 0.45456 0.95245 0.00000 0.00000
0.00000 0.00000 0.36738 0.00000 0.12480 0.07403 0.09757 0.25086 0.51639 0.47886 0.87021 0.86727 0.96327 0.90449 0.81631 0.40981 0.33441 0.73582 0.41485 0.46498 0.91630 0.93378 0.91738 0.92186 0.00000
0.00000 0.36738 0.91961 0.87022 0.81550 0.42797 0.71394 0.75333 0.79193 0.84978 0.85459 0.92165 0.92363 0.88617 0.85131 0.86741 0.74772 0.81973 0.79154 0.92965 0.90735 0.94547 0.93493 0.87166 0.00000
0.00000 0.30141 0.91200 0.86533 0.78726 0.72250 0.72634 0.87473 0.77486 0.80569 0.85180 0.94356 0.91728 0.89124 0.86411 0.79683 0.77414 0.82847 0.82852 0.94408 0.96353 0.93203 0.88873 0.52774 0.00000
0.00000 0.33997 0.88218 0.86043 0.85643 0.69248 0.75098 0.86154 0.45391 0.84009 0.85368 0.48022 0.90603 0.89949 0.72010 0.80918 0.68160 0.87239 0.89982 0.86738 0.93344 0.81243 0.51133 0.51801 0.00000
0.34330 0.33495 0.95642 0.96065 0.92367 0.82700 0.83222 0.45970 0.75607 0.78585 0.79742 0.28624 0.80297 0.79804 0.82725 0.77323 0.91392 0.96706 0.92931 0.89310 0.83612 0.78580 0.48399 0.11294 0.00000
0.00000 1.00000 1.00000 1.00000 0.96877 0.93775 0.78899 0.80694 0.81146 0.85164 0.91134 0.76848 0.80704 0.78942 0.81779 0.74933 0.66527 0.45586 0.78013 0.83443 0.78670 0.74341 0.42532 0.09499 0.00000
0.00000 1.00000 1.00000 0.95798 0.90289 0.80023 0.80953 0.49820 0.85485 0.84038 0.95721 0.78041 0.81616 0.76712 0.77273 0.79589 0.11189 0.44967 0.44768 0.75128 0.38124 0.39443 0.40319 0.00000 0.00000
0.37765 0.36070 1.00000 0.87223 0.43901 0.82844 0.42419 0.44226 0.78325 0.82706 0.77593 0.43597 0.42236 0.35186 0.06736 0.49312 0.11452 0.48214 0.82253 0.78810 0.43837 0.44426 0.11358 0.00000 0.00000
0.00000 0.30849 0.30756 0.25677 0.37211 0.72033 0.43569 0.43846 0.75677 0.77420 0.28448 0.43437 0.72160 0.71340 0.24249 0.27552 0.78210 0.81800 0.31495 0.81646 0.47140 0.44768 0.47140 0.00000 0.00000
0.00000 0.28462 0.25513 0.22598 0.37607 0.62412 0.76842 0.28963 0.26000 0.52451 0.47954 0.75298 0.79216 0.81054 0.68329 0.24575 0.77412 0.74894 0.82636 0.17463 0.41797 0.41225 0.11784 0.00000 0.00000
0.00000 0.00000 0.21948 0.17463 0.00000 0.40254 0.29089 0.87404 0.83710 0.75366 0.80356 0.82955 0.72697 0.68143 0.67070 0.86124 0.09354 0.59888 0.41211 0.39355 0.38192 0.03865 0.04166 0.00000 0.00000
0.00000 0.00000 0.00000 0.13779 0.14923 0.70005 0.81296 0.91870 0.89412 0.82667 0.78458 0.83165 0.79341 0.11055 0.17410 0.00000 0.08901 0.03670 0.15997 0.22222 0.22222 0.39744 0.03535 0.00000 0.00000
0.00000 0.00000 0.00000 0.10609 0.18311 0.19414 0.87639 0.87241 0.49833 0.49158 0.69385 0.65744 0.79955 0.69491 0.76758 0.42116 0.55850 0.33912 0.64015 0.16249 0.38474 0.39121 0.00000 0.00000 0.00000
0.00000 0.00000 0.12480 0.11666 0.11055 0.23696 0.00000 0.11428 0.12277 0.67500 0.40307 0.71133 0.84061 0.80650 0.78693 0.69628 0.41200 0.60409 0.68923 0.72120 0.44426 0.11358 0.00000 0.00000 0.00000
0.00000 0.00000 0.00000 0.12010 0.11340 0.66082 0.11148 0.42911 0.42193 0.72155 0.39778 0.71526 0.72782 0.78946 0.78678 0.45198 0.49478 0.25231 0.71865 0.78861 0.47140 0.47140 0.00000 0.00000 0.00000
0.00000 0.00000 0.00000 0.11402 0.77923 0.72981 0.71786 0.39521 0.41318 0.09972 0.81458 0.70869 0.28176 0.26160 0.86651 0.46444 0.81639 0.79458 0.75820 0.75403 0.45063 0.12864 0.00000 0.00000 0.00000
0.00000 0.00000 0.00000 0.00000 0.84406 0.77339 0.12294 0.36404 0.40353 0.26896 0.83461 0.86087 0.95306 0.91992 0.92077 0.91960 0.91577 0.86108 0.80449 0.85710 0.47140 0.47140 0.00000 0.00000 0.00000
0.00000 0.00000 0.00000 0.53173 0.47940 0.00000 0.19781 0.60676 0.40307 0.83504 0.89593 0.93928 0.96351 0.95363 0.92047 0.93161 0.96359 0.89847 0.93925 0.84140 0.80842 0.47140 0.00000 0.00000 0.00000
0.00000 0.00000 0.10771 0.10108 0.16760 0.38245 0.18732 0.62169 0.66978 0.71526 0.89578 0.84343 0.93994 0.91048 0.86201 0.96091 0.90528 0.93156 0.87540 0.95326 0.84380 0.57431 0.00000 0.00000 0.00000
0.00000 0.00000 0.12125 0.11000 0.15551 0.34483 0.09989 0.10421 0.72979 0.70869 0.28184 0.26160 0.00000 0.20586 0.26125 0.83310 0.91147 0.92165 0.90806 0.83164 0.26560 0.21497 0.00000 0.00000 0.00000
0.00000 0.13870 0.12852 0.11358 0.09082 0.08167 0.10679 0.11018 0.10777 0.00000 0.00000 0.00000 0.00000 0.21015 0.42220 0.84113 0.93160 0.96862 0.93964 0.49429 0.26871 0.00000 0.00000 0.00000 0.00000
0.00000 0.00000 0.00000 0.00000 0.00000 0.00000 0.00000 0.00000 0.00000 0.00000 0.00000 0.00000 0.00000 0.00000 0.27099 0.49569 0.93943 1.00000 0.51772 0.50745 0.00000 0.00000 0.00000 0.00000 0.00000
0.00000 0.00000 0.00000 0.00000 0.00000 0.00000 0.00000 0.00000 0.00000 0.00000 0.00000 0.00000 0.00000 0.00000 0.00000 0.00000 0.00000 0.00000 0.00000 0.00000 0.00000 0.00000 0.00000 0.00000 0.00000
