# name=grid_nonrect_buildings field=200x200 stride=8
25 25
0.00000 0.00000 0.00000 0.00000 0.00000 0.00000 0.00000 0.00000 0.00000 0.00000 0.00000 0.00000 0.00000 0.00000 0.00000 0.00000 0.00000 0.00000 0.00000 0.00000 0.00000 0.00000 0.00000 0.00000 0.00000
0.00000 0.29367 0.27982 0.80278 0.27693 0.28265 0.29911 0.31830 0.97211 0.29465 0.27702 0.25379 0.24642 0.22156 0.22276 0.22848 0.23620 0.25458 0.75694 0.25233 0.25344 0.27948 0.30918 0.32813 0.00000
0.00000 0.27306 0.77068 0.77994 0.76436 0.82422 0.88622 0.93524 0.91769 0.84581 0.81424 0.77735 0.77488 0.72261 0.68227 0.70438 0.75495 0.79695 0.76970 0.80413 0.75711 0.82158 0.84067 0.30671 0.00000
0.00000 0.73903 0.74424 0.75074 0.79634 0.83993 0.89326 0.91379 0.92532 0.88451 0.85592 0.79289 0.79934 0.76281 0.77675 0.78945 0.80543 0.81507 0.78555 0.80203 0.80123 0.81103 0.83363 0.27478 0.00000
0.00000 0.23064 0.74386 0.74687 0.78428 0.83154 0.85184 0.85718 0.87670 0.88133 0.85512 0.81487 0.78654 0.78157 0.81091 0.81858 0.80107 0.83229 0.80188 0.80677 0.79403 0.79302 0.75513 0.26627 0.00000
0.00000 0.23342 0.70376 0.75541 0.79040 0.83678 0.85313 0.86334 0.87831 0.88950 0.86358 0.82519 0.80783 0.80113 0.82869 0.83555 0.80941 0.80398 0.80691 0.80285 0.78948 0.77911 0.74523 0.25166 0.00000
0.00000 0.24525 0.74202 0.74964 0.79239 0.82566 0.85313 0.88594 0.92884 0.87139 0.85566 0.83496 0.82833 0.83814 0.82004 0.82091 0.79553 0.81638 0.79276 0.78506 0.76653 0.77640 0.73471 0.00000 0.00000
0.00000 0.25664 0.78692 0.79153 0.77545 0.82935 0.86880 0.90616 0.89446 0.89462 0.84310 0.83599 0.85782 0.83432 0.80068 0.79946 0.81374 0.83717 0.80988 0.81837 0.76575 0.78756 0.77483 0.25022 0.00000
0.00000 0.23824 0.75549 0.77267 0.79633 0.81660 0.84043 0.87288 0.88710 0.85749 0.84665 0.85124 0.84412 0.84684 0.82540 0.81989 0.84531 0.81996 0.79651 0.80158 0.79568 0.81038 0.77078 0.00000 0.00000
0.00000 0.24474 0.72310 0.77432 0.79266 0.76123 0.79023 0.84043 0.82566 0.85514 0.85857 0.83452 0.86181 0.84696 0.87347 0.86563 0.82175 0.83822 0.81876 0.83929 0.84310 0.83862 0.76896 0.26109 0.00000
0.00000 0.24313 0.71746 0.75949 0.72180 0.76349 0.74843 0.74883 0.79043 0.82767 0.83179 0.82638 0.81586 0.85138 0.88066 0.87238 0.82733 0.80069 0.81870 0.84998 0.85430 0.85728 0.80265 0.26796 0.00000
0.00000 0.72682 0.72473 0.75718 0.72940 0.72144 0.71881 0.73212 0.74309 0.78905 0.80404 0.77514 0.81729 0.83845 0.85131 0.84508 0.84012 0.82567 0.83257 0.81439 0.82589 0.85504 0.84903 0.00000 0.00000
0.00000 0.24948 0.77375 0.77156 0.72206 0.72895 0.72475 0.76975 0.76924 0.78311 0.79261 0.80104 0.82605 0.80905 0.79861 0.82288 0.83167 0.84580 0.81474 0.79056 0.81144 0.86840 0.80984 0.29453 0.00000
0.00000 0.74011 0.74988 0.78569 0.76270 0.75510 0.78257 0.76660 0.79041 0.80753 0.80723 0.77682 0.78217 0.77968 0.80055 0.82393 0.82770 0.81989 0.80709 0.81550 0.82336 0.86195 0.85860 0.00000 0.00000
0.00000 0.25141 0.73677 0.82227 0.83225 0.79572 0.80974 0.78432 0.82792 0.84760 0.84727 0.80397 0.76746 0.78792 0.83069 0.85444 0.84738 0.81432 0.82694 0.84528 0.85742 0.88057 0.84849 0.30440 0.00000
0.00000 0.24970 0.78300 0.84837 0.83607 0.87310 0.84843 0.82797 0.83865 0.86187 0.86145 0.81544 0.79056 0.81392 0.85679 0.87909 0.86203 0.84222 0.84137 0.86776 0.87990 0.90137 0.88492 0.30724 0.00000
0.00000 0.25446 0.81400 0.85513 0.87467 0.88278 0.87172 0.85590 0.83004 0.84673 0.84827 0.83344 0.83064 0.83955 0.86180 0.87454 0.89981 0.88322 0.85507 0.86892 0.88040 0.88698 0.89674 0.30204 0.00000
0.00000 0.27327 0.85861 0.88544 0.86134 0.87942 0.86340 0.87795 0.84420 0.83787 0.83584 0.84503 0.87264 0.85382 0.84726 0.89167 0.90325 0.91759 0.88758 0.86290 0.85651 0.90176 0.90816 0.30135 0.00000
0.00000 0.80668 0.82560 0.85162 0.87589 0.87542 0.85424 0.83955 0.81739 0.84895 0.84918 0.83861 0.83978 0.84622 0.87465 0.88816 0.91165 0.90779 0.88259 0.86669 0.85306 0.85202 0.83759 0.26777 0.00000
0.00000 0.26684 0.79867 0.85309 0.85572 0.81877 0.83464 0.86869 0.84976 0.87061 0.82398 0.81673 0.80468 0.81453 0.85938 0.87507 0.86168 0.90057 0.86694 0.86866 0.81373 0.82133 0.75903 0.25469 0.00000
0.00000 0.26691 0.78078 0.82712 0.78832 0.82547 0.81239 0.81568 0.85559 0.82493 0.85661 0.80681 0.76477 0.77501 0.80719 0.82351 0.81922 0.81057 0.84110 0.79939 0.82002 0.79515 0.72482 0.24448 0.00000
0.00000 0.82425 0.81331 0.79874 0.79284 0.79341 0.77824 0.84141 0.84511 0.87040 0.85300 0.81375 0.77983 0.74170 0.75534 0.76740 0.78989 0.80446 0.79301 0.81301 0.79996 0.77918 0.76133 0.00000 0.00000
0.00000 0.29446 0.81113 0.78833 0.72580 0.73992 0.76521 0.76420 0.83292 0.82171 0.80865 0.77752 0.77860 0.72198 0.67539 0.69502 0.71567 0.69954 0.76374 0.76363 0.75270 0.79664 0.78080 0.27844 0.00000
0.00000 0.31247 0.28496 0.24492 0.24905 0.24746 0.24517 0.26459 0.25798 0.28265 0.27341 0.25374 0.25313 0.23492 0.22920 0.22210 0.22083 0.23897 0.74192 0.25394 0.25593 0.80903 0.29184 0.00000 0.00000
0.00000 0.00000 0.00000 0.00000 0.00000 0.00000 0.00000 0.00000 0.00000 0.00000 0.00000 0.00000 0.00000 0.00000 0.00000 0.00000 0.00000 0.00000 0.00000 0.00000 0.00000 0.00000 0.00000 0.00000 0.00000
