# name=grid_sheared field=200x200 stride=8
25 25
0.74782 0.74182 0.82666 0.82476 0.87309 0.86178 0.89480 0.86178 0.89480 0.86178 0.89480 0.86178 0.89480 0.86178 0.89480 0.86178 0.89480 0.86178 0.89480 0.86178 0.89480 0.89475 0.89473 0.89464 0.00000
0.80141 0.78896 0.86434 0.81312 0.87949 0.84877 0.87706 0.84877 0.87706 0.84877 0.87706 0.84877 0.87706 0.84877 0.87706 0.84877 0.87706 0.84877 0.87706 0.84877 0.87706 0.87304 0.87301 0.86159 0.26105
0.79426 0.86399 0.87501 0.88460 0.87442 0.89369 0.87352 0.89369 0.87352 0.89369 0.87352 0.89369 0.87352 0.89369 0.87352 0.89369 0.87352 0.89369 0.87352 0.89369 0.87352 0.89365 0.86952 0.89359 0.27193
0.87135 0.84265 0.86817 0.87636 0.87891 0.88043 0.87761 0.88043 0.87761 0.88043 0.87761 0.88043 0.87761 0.88043 0.87761 0.88043 0.87761 0.88043 0.87761 0.88043 0.87761 0.89311 0.87481 0.89294 0.80000
0.79495 0.88866 0.89069 0.89506 0.87586 0.89281 0.87487 0.89281 0.87487 0.89281 0.87487 0.89281 0.87487 0.89281 0.87487 0.89281 0.87487 0.89281 0.87487 0.89281 0.87487 0.89281 0.87286 0.86950 0.89287
0.72690 0.87559 0.87612 0.89395 0.87633 0.87862 0.87633 0.87862 0.87633 0.87862 0.87633 0.87862 0.87633 0.87862 0.87633 0.87862 0.87633 0.87862 0.87633 0.87862 0.87633 0.87862 0.87490 0.87597 0.80929
0.78871 0.81830 0.86512 0.86111 0.89267 0.85659 0.89267 0.85659 0.89267 0.85659 0.89267 0.85659 0.89267 0.85659 0.89267 0.85659 0.89267 0.85659 0.89267 0.85659 0.89267 0.85659 0.89406 0.85263 0.87685
0.69526 0.81987 0.84666 0.85088 0.87949 0.87693 0.87949 0.87693 0.87949 0.87693 0.87949 0.87693 0.87949 0.87693 0.87949 0.87693 0.87949 0.87693 0.87949 0.87693 0.87949 0.87804 0.89526 0.89040 0.83588
0.67776 0.79688 0.84557 0.85243 0.87856 0.87679 0.89266 0.87679 0.89266 0.87679 0.89266 0.87679 0.89266 0.87679 0.89266 0.87679 0.89266 0.87679 0.89266 0.87679 0.89266 0.87826 0.88791 0.86600 0.85611
0.76066 0.82674 0.86477 0.84627 0.87998 0.87633 0.87862 0.87633 0.87862 0.87633 0.87862 0.87633 0.87862 0.87633 0.87862 0.87633 0.87862 0.87633 0.87862 0.87633 0.87862 0.87246 0.86803 0.85476 0.82177
0.78892 0.84400 0.85631 0.88337 0.85746 0.89267 0.85659 0.89267 0.85659 0.89267 0.85659 0.89267 0.85659 0.89267 0.85659 0.89267 0.85659 0.89267 0.85659 0.89267 0.85659 0.87840 0.82219 0.86289 0.75054
0.86973 0.84098 0.86699 0.87555 0.87825 0.87949 0.87693 0.87949 0.87693 0.87949 0.87693 0.87949 0.87693 0.87949 0.87693 0.87949 0.87693 0.87949 0.87693 0.87949 0.87693 0.87631 0.85024 0.84100 0.79310
0.79850 0.88853 0.87845 0.89493 0.87778 0.89266 0.87679 0.89266 0.87679 0.89266 0.87679 0.89266 0.87679 0.89266 0.87679 0.89266 0.87679 0.89266 0.87679 0.89266 0.87679 0.89266 0.84810 0.85863 0.81650
0.72690 0.87559 0.87612 0.89395 0.87633 0.87862 0.87633 0.87862 0.87633 0.87862 0.87633 0.87862 0.87633 0.87862 0.87633 0.87862 0.87633 0.87862 0.87633 0.87862 0.87633 0.87862 0.85947 0.84497 0.81482
0.78871 0.81830 0.86512 0.86111 0.89267 0.85659 0.89267 0.85659 0.89267 0.85659 0.89267 0.85659 0.89267 0.85659 0.89267 0.85659 0.89267 0.85659 0.89267 0.85659 0.89267 0.85659 0.89406 0.85263 0.87467
0.69526 0.81987 0.84666 0.85088 0.87949 0.87693 0.87949 0.87693 0.87949 0.87693 0.87949 0.87693 0.87949 0.87693 0.87949 0.87693 0.87949 0.87693 0.87949 0.87693 0.87949 0.87804 0.89526 0.89040 0.83588
0.67776 0.79688 0.84557 0.85243 0.87856 0.87679 0.89266 0.87679 0.89266 0.87679 0.89266 0.87679 0.89266 0.87679 0.89266 0.87679 0.89266 0.87679 0.89266 0.87679 0.89266 0.87826 0.88791 0.86600 0.85611
0.76066 0.82674 0.86477 0.84627 0.87998 0.87633 0.87862 0.87633 0.87862 0.87633 0.87862 0.87633 0.87862 0.87633 0.87862 0.87633 0.87862 0.87633 0.87862 0.87633 0.87862 0.87246 0.86803 0.85476 0.82177
0.78892 0.84400 0.85631 0.88337 0.85746 0.89267 0.85659 0.89267 0.85659 0.89267 0.85659 0.89267 0.85659 0.89267 0.85659 0.89267 0.85659 0.89267 0.85659 0.89267 0.85659 0.87840 0.82219 0.86289 0.75054
0.86973 0.84098 0.86699 0.87555 0.87825 0.87949 0.87693 0.87949 0.87693 0.87949 0.87693 0.87949 0.87693 0.87949 0.87693 0.87949 0.87693 0.87949 0.87693 0.87949 0.87693 0.87631 0.85024 0.84100 0.79310
0.79850 0.88853 0.87845 0.89493 0.87778 0.89266 0.87679 0.89266 0.87679 0.89266 0.87679 0.89266 0.87679 0.89266 0.87679 0.89266 0.87679 0.89266 0.87679 0.89266 0.87679 0.89266 0.84810 0.85863 0.81650
0.78461 0.89701 0.89543 0.89422 0.89287 0.87786 0.89287 0.87786 0.89287 0.87786 0.89287 0.87786 0.89287 0.87786 0.89287 0.87786 0.89287 0.87786 0.89287 0.87786 0.89287 0.87786 0.87577 0.84016 0.83397
0.85145 0.86311 0.89408 0.87194 0.89286 0.85019 0.89286 0.85019 0.89286 0.85019 0.89286 0.85019 0.89286 0.85019 0.89286 0.85019 0.89286 0.85019 0.89286 0.85019 0.89286 0.85019 0.89285 0.84068 0.86526
0.31060 0.89309 0.86727 0.89313 0.79689 0.86325 0.79689 0.86325 0.79689 0.86325 0.79689 0.86325 0.79689 0.86325 0.79689 0.86325 0.79689 0.86325 0.79689 0.86325 0.79689 0.86325 0.81680 0.85659 0.30466
0.00000 0.31923 0.89332 0.26776 0.80686 0.25761 0.80686 0.25761 0.80686 0.25761 0.80686 0.25761 0.80686 0.25761 0.80686 0.25761 0.80686 0.25761 0.80686 0.25761 0.80686 0.25761 0.80686 0.27565 0.31417
