# name=grid_sheared field=200x200 stride=8
25 25
0.78593 0.78263 0.87561 0.87674 0.93086 0.92001 0.95525 0.92001 0.95525 0.92001 0.95525 0.92001 0.95525 0.92001 0.95525 0.92001 0.95525 0.92001 0.95525 0.92001 0.95525 0.95524 0.95524 0.95521 0.00000
0.84341 0.83312 0.91653 0.86488 0.93784 0.90655 0.93690 0.90655 0.93690 0.90655 0.93690 0.90655 0.93690 0.90655 0.93690 0.90655 0.93690 0.90655 0.93690 0.90655 0.93690 0.93251 0.93268 0.92042 0.41839
0.83710 0.91418 0.92870 0.94188 0.93343 0.95491 0.93336 0.95491 0.93336 0.95491 0.93336 0.95491 0.93336 0.95491 0.93336 0.95491 0.93336 0.95491 0.93336 0.95491 0.93336 0.95490 0.92915 0.95486 0.43589
0.92096 0.89342 0.92311 0.93416 0.93865 0.94119 0.93809 0.94119 0.93809 0.94119 0.93809 0.94119 0.93809 0.94119 0.93809 0.94119 0.93809 0.94119 0.93809 0.94119 0.93809 0.95474 0.93513 0.95471 0.85534
0.84326 0.94483 0.94895 0.95558 0.93581 0.95462 0.93537 0.95462 0.93537 0.95462 0.93537 0.95462 0.93537 0.95462 0.93537 0.95462 0.93537 0.95462 0.93537 0.95462 0.93537 0.95462 0.93325 0.92967 0.95455
0.77367 0.93342 0.93523 0.95510 0.93697 0.93954 0.93697 0.93954 0.93697 0.93954 0.93697 0.93954 0.93697 0.93954 0.93697 0.93954 0.93697 0.93954 0.93697 0.93954 0.93697 0.93954 0.93546 0.93604 0.86422
0.84074 0.87298 0.92391 0.92039 0.95455 0.91588 0.95455 0.91588 0.95455 0.91588 0.95455 0.91588 0.95455 0.91588 0.95455 0.91588 0.95455 0.91588 0.95455 0.91588 0.95455 0.91588 0.95515 0.91004 0.93499
0.73990 0.87383 0.90361 0.90925 0.94040 0.93763 0.94040 0.93763 0.94040 0.93763 0.94040 0.93763 0.94040 0.93763 0.94040 0.93763 0.94040 0.93763 0.94040 0.93763 0.94040 0.93811 0.95563 0.94904 0.88915
0.71987 0.84805 0.90150 0.90995 0.93916 0.93747 0.95455 0.93747 0.95455 0.93747 0.95455 0.93747 0.95455 0.93747 0.95455 0.93747 0.95455 0.93747 0.95455 0.93747 0.95455 0.93811 0.94701 0.92182 0.90907
0.80634 0.87828 0.92087 0.90281 0.94008 0.93697 0.93954 0.93697 0.93954 0.93697 0.93954 0.93697 0.93954 0.93697 0.93954 0.93697 0.93954 0.93697 0.93954 0.93697 0.93954 0.93165 0.92568 0.90942 0.87235
0.83525 0.89637 0.91130 0.94228 0.91597 0.95455 0.91588 0.95455 0.91588 0.95455 0.91588 0.95455 0.91588 0.95455 0.91588 0.95455 0.91588 0.95455 0.91588 0.95455 0.91588 0.93828 0.87690 0.91865 0.79696
0.92176 0.89342 0.92309 0.93406 0.93820 0.94040 0.93763 0.94040 0.93763 0.94040 0.93763 0.94040 0.93763 0.94040 0.93763 0.94040 0.93763 0.94040 0.93763 0.94040 0.93763 0.93664 0.90748 0.89631 0.84387
0.84815 0.94559 0.93661 0.95551 0.93791 0.95455 0.93747 0.95455 0.93747 0.95455 0.93747 0.95455 0.93747 0.95455 0.93747 0.95455 0.93747 0.95455 0.93747 0.95455 0.93747 0.95455 0.90623 0.91622 0.87011
0.77367 0.93342 0.93523 0.95510 0.93697 0.93954 0.93697 0.93954 0.93697 0.93954 0.93697 0.93954 0.93697 0.93954 0.93697 0.93954 0.93697 0.93954 0.93697 0.93954 0.93697 0.93954 0.91861 0.90231 0.86918
0.84074 0.87298 0.92391 0.92039 0.95455 0.91588 0.95455 0.91588 0.95455 0.91588 0.95455 0.91588 0.95455 0.91588 0.95455 0.91588 0.95455 0.91588 0.95455 0.91588 0.95455 0.91588 0.95515 0.91004 0.93232
0.73990 0.87383 0.90361 0.90925 0.94040 0.93763 0.94040 0.93763 0.94040 0.93763 0.94040 0.93763 0.94040 0.93763 0.94040 0.93763 0.94040 0.93763 0.94040 0.93763 0.94040 0.93811 0.95563 0.94904 0.88915
0.71987 0.84805 0.90150 0.90995 0.93916 0.93747 0.95455 0.93747 0.95455 0.93747 0.95455 0.93747 0.95455 0.93747 0.95455 0.93747 0.95455 0.93747 0.95455 0.93747 0.95455 0.93811 0.94701 0.92182 0.90907
0.80634 0.87828 0.92087 0.90281 0.94008 0.93697 0.93954 0.93697 0.93954 0.93697 0.93954 0.93697 0.93954 0.93697 0.93954 0.93697 0.93954 0.93697 0.93954 0.93697 0.93954 0.93165 0.92568 0.90942 0.87235
0.83525 0.89637 0.91130 0.94228 0.91597 0.95455 0.91588 0.95455 0.91588 0.95455 0.91588 0.95455 0.91588 0.95455 0.91588 0.95455 0.91588 0.95455 0.91588 0.95455 0.91588 0.93828 0.87690 0.91865 0.79696
0.92176 0.89342 0.92309 0.93406 0.93820 0.94040 0.93763 0.94040 0.93763 0.94040 0.93763 0.94040 0.93763 0.94040 0.93763 0.94040 0.93763 0.94040 0.93763 0.94040 0.93763 0.93664 0.90748 0.89631 0.84387
0.84815 0.94559 0.93661 0.95551 0.93791 0.95455 0.93747 0.95455 0.93747 0.95455 0.93747 0.95455 0.93747 0.95455 0.93747 0.95455 0.93747 0.95455 0.93747 0.95455 0.93747 0.95455 0.90623 0.91622 0.87011
0.83547 0.95632 0.95565 0.95514 0.95455 0.93854 0.95455 0.93854 0.95455 0.93854 0.95455 0.93854 0.95455 0.93854 0.95455 0.93854 0.95455 0.93854 0.95455 0.93854 0.95455 0.93854 0.93591 0.89755 0.89041
0.90849 0.92141 0.95508 0.93213 0.95455 0.90888 0.95455 0.90888 0.95455 0.90888 0.95455 0.90888 0.95455 0.90888 0.95455 0.90888 0.95455 0.90888 0.95455 0.90888 0.95455 0.90888 0.95455 0.89873 0.92442
0.49797 0.95455 0.92692 0.95455 0.85169 0.92261 0.85169 0.92261 0.85169 0.92261 0.85169 0.92261 0.85169 0.92261 0.85169 0.92261 0.85169 0.92261 0.85169 0.92261 0.85169 0.92261 0.87298 0.91547 0.48840
0.00000 0.51166 0.95455 0.42916 0.86216 0.41290 0.86216 0.41290 0.86216 0.41290 0.86216 0.41290 0.86216 0.41290 0.86216 0.41290 0.86216 0.41290 0.86216 0.41290 0.86216 0.41290 0.86216 0.44182 0.50352
