# name=grid_streets_mixed field=200x200 stride=8
25 25
0.36873 0.35095 1.00000 0.91642 0.93186 0.91921 0.88433 0.90786 0.87903 0.87353 0.86582 0.94224 0.86523 0.95941 0.85379 0.85848 0.96294 0.88242 0.88802 0.89591 0.53130 0.95018 1.00000 0.36021 0.12936
0.34834 1.00000 0.96862 1.00000 0.97365 1.00000 0.96803 0.97578 0.96606 0.97351 1.00000 0.95007 1.00000 0.94735 1.00000 1.00000 0.96811 0.96231 0.97533 0.96243 1.00000 0.95701 1.00000 1.00000 0.12021
0.95391 0.96009 0.97746 0.97160 0.98079 1.00000 1.00000 0.98225 1.00000 1.00000 1.00000 1.00000 1.00000 1.00000 1.00000 1.00000 1.00000 1.00000 0.95554 1.00000 0.97113 1.00000 0.96384 0.95699 0.11519
0.48509 1.00000 0.97715 1.00000 0.98086 1.00000 0.97671 0.98242 1.00000 0.98075 1.00000 0.96336 1.00000 0.98687 1.00000 1.00000 1.00000 1.00000 0.98208 1.00000 1.00000 1.00000 1.00000 1.00000 0.31015
0.93000 0.97588 0.97832 0.98241 0.96566 0.98324 0.98442 0.96913 0.98568 0.98556 1.00000 0.98657 1.00000 0.98650 0.98690 0.98701 0.98614 1.00000 0.96799 1.00000 0.98266 1.00000 0.97819 0.93452 0.31597
0.53596 1.00000 0.97604 1.00000 0.97932 1.00000 0.97558 0.98155 1.00000 0.97980 1.00000 0.96161 1.00000 0.98628 1.00000 1.00000 1.00000 1.00000 0.98120 1.00000 1.00000 1.00000 1.00000 0.92533 0.34749
0.56710 1.00000 0.97673 1.00000 0.97997 1.00000 1.00000 0.98209 1.00000 0.98040 1.00000 0.96270 1.00000 1.00000 1.00000 1.00000 1.00000 1.00000 0.98175 1.00000 1.00000 1.00000 1.00000 0.93117 0.35042
0.78256 0.94164 0.97636 1.00000 0.97969 1.00000 1.00000 0.98180 1.00000 0.98008 1.00000 0.96211 1.00000 1.00000 1.00000 1.00000 1.00000 1.00000 0.98146 1.00000 1.00000 1.00000 1.00000 0.93724 0.36535
0.77794 1.00000 0.97555 1.00000 0.97889 1.00000 0.97508 0.98117 1.00000 0.97939 1.00000 0.96085 1.00000 0.98600 1.00000 1.00000 1.00000 1.00000 0.98082 1.00000 1.00000 1.00000 1.00000 0.92363 0.37026
0.94119 0.92405 0.97802 0.98170 0.96485 0.98257 0.98382 0.96738 0.98470 0.98450 1.00000 0.98601 1.00000 0.98593 0.98635 0.98610 0.98555 1.00000 0.96710 1.00000 0.94419 1.00000 0.97722 0.94505 0.35715
0.70120 1.00000 0.97622 1.00000 0.98007 1.00000 0.97576 0.98169 0.97425 0.97996 1.00000 0.96189 1.00000 0.98632 1.00000 1.00000 0.97582 1.00000 0.98134 0.97146 1.00000 0.96727 1.00000 1.00000 0.35428
0.90298 0.91510 1.00000 0.97425 1.00000 1.00000 1.00000 1.00000 1.00000 1.00000 1.00000 1.00000 1.00000 1.00000 1.00000 1.00000 1.00000 1.00000 0.97739 1.00000 0.93738 1.00000 0.96801 0.90899 0.31655
0.36129 1.00000 0.97708 1.00000 0.98079 1.00000 0.97664 0.98236 0.97518 0.98069 1.00000 0.96324 1.00000 0.98712 1.00000 1.00000 0.97670 1.00000 0.98203 0.97249 1.00000 0.96844 1.00000 1.00000 0.31210
0.89532 0.90826 1.00000 1.00000 1.00000 1.00000 1.00000 1.00000 1.00000 1.00000 1.00000 1.00000 1.00000 1.00000 1.00000 1.00000 1.00000 1.00000 1.00000 1.00000 0.93213 1.00000 1.00000 0.90173 0.60630
0.32791 1.00000 0.97750 1.00000 0.98115 1.00000 0.97706 0.98268 1.00000 0.98104 1.00000 0.96390 1.00000 0.98736 1.00000 1.00000 1.00000 1.00000 0.98236 1.00000 1.00000 1.00000 1.00000 1.00000 0.28798
0.90344 0.91552 1.00000 0.97768 0.97954 0.97873 0.98024 1.00000 1.00000 1.00000 1.00000 0.98292 1.00000 1.00000 1.00000 1.00000 0.98236 1.00000 0.98044 1.00000 0.97793 1.00000 0.97229 0.90943 0.28754
0.51634 1.00000 0.97624 1.00000 0.98009 1.00000 0.97579 0.98171 1.00000 0.97998 1.00000 0.96193 1.00000 0.98636 1.00000 1.00000 1.00000 1.00000 0.98136 1.00000 1.00000 1.00000 1.00000 0.91101 0.32577
0.88924 0.90280 0.98028 1.00000 0.98281 1.00000 1.00000 0.98448 1.00000 1.00000 1.00000 1.00000 1.00000 1.00000 1.00000 1.00000 1.00000 1.00000 0.98411 1.00000 0.97085 1.00000 1.00000 0.89595 0.31562
0.31279 1.00000 0.97739 1.00000 0.98106 1.00000 0.97696 0.98260 1.00000 0.98095 1.00000 0.96373 1.00000 0.98699 1.00000 1.00000 1.00000 1.00000 0.98227 1.00000 1.00000 1.00000 1.00000 1.00000 0.12751
0.90533 0.91719 0.97957 0.97811 0.96144 0.97914 0.98063 0.98401 1.00000 1.00000 1.00000 0.98325 1.00000 0.98806 1.00000 1.00000 0.98270 1.00000 0.96386 1.00000 0.97835 1.00000 0.97280 0.91121 0.11602
0.30415 1.00000 0.97759 1.00000 0.98122 1.00000 1.00000 0.98275 1.00000 0.98112 1.00000 0.96404 1.00000 0.98716 1.00000 1.00000 1.00000 1.00000 0.98243 1.00000 1.00000 1.00000 1.00000 0.91633 0.12496
0.91541 1.00000 0.97863 1.00000 0.98154 1.00000 1.00000 0.98356 1.00000 1.00000 1.00000 1.00000 1.00000 1.00000 1.00000 1.00000 1.00000 1.00000 0.98325 1.00000 1.00000 1.00000 1.00000 0.92075 0.13672
0.35533 0.96592 0.94765 0.97581 0.95463 0.97692 0.95047 0.95811 0.97996 0.95623 0.98137 0.93688 1.00000 0.96628 0.98172 1.00000 0.98058 1.00000 0.95658 0.98067 0.97541 0.97737 0.96915 0.96325 0.15227
0.36367 1.00000 0.96487 0.91926 0.92448 0.92196 0.88806 0.97284 0.96202 0.97031 0.94872 0.94428 0.94544 0.94127 0.95187 0.95142 0.96429 0.88619 0.97234 0.89933 1.00000 0.95196 1.00000 0.35596 0.15328
0.00000 0.15299 0.15225 0.36695 0.36350 0.36303 0.43427 0.13140 0.33580 0.30648 0.51963 0.32294 0.56341 0.58697 0.58891 0.57768 0.56444 0.31753 0.12991 0.43155 0.36691 0.35980 0.15042 0.15186 0.00000
