# name=mixed_regions field=200x200 stride=8
25 25
0.00000 0.00000 0.33530 0.00000 0.30371 0.00000 0.30371 0.00000 0.30371 0.00000 0.35204 0.00000 0.00000 0.00000 0.00000 0.00000 0.00000 0.00000 0.00000 0.00000 0.00000 0.00000 0.00000 0.00000 0.00000
0.00000 0.34807 1.00000 0.93222 1.00000 0.89834 1.00000 0.89834 1.00000 0.95852 1.00000 0.35647 0.23667 0.00000 0.00000 0.00000 0.00000 0.00000 0.00000 0.00000 0.00000 0.00000 0.00000 0.00000 0.00000
0.33530 1.00000 0.95276 1.00000 0.96239 1.00000 0.96239 1.00000 0.98026 1.00000 0.97159 1.00000 0.22897 0.17273 0.00000 0.00000 0.00000 0.00000 0.00000 0.00000 0.05117 0.38677 0.45684 0.08363 0.03711
0.00000 0.93222 1.00000 1.00000 1.00000 1.00000 1.00000 1.00000 1.00000 1.00000 1.00000 0.84585 0.22025 0.16876 0.00000 0.00000 0.00000 0.00000 0.00000 0.04418 0.04506 0.35130 0.43250 0.48881 0.19824
0.30371 1.00000 0.96239 1.00000 0.97018 1.00000 0.97018 1.00000 0.98451 1.00000 0.97764 0.90428 0.21543 0.06452 0.00000 0.00000 0.00000 0.00000 0.01150 0.00000 0.27478 0.34162 0.41350 0.45505 0.18442
0.00000 0.89834 1.00000 1.00000 1.00000 1.00000 1.00000 1.00000 1.00000 1.00000 0.96735 0.89061 0.08469 0.12434 0.00000 0.00000 0.09303 0.00777 0.00000 0.00000 0.27771 0.35428 0.42850 0.27748 0.17368
0.30371 1.00000 0.96239 1.00000 0.97018 1.00000 0.97018 1.00000 0.98451 1.00000 0.97764 0.90428 0.08031 0.12006 0.00000 0.15617 0.12182 0.24206 0.00000 0.00000 0.04603 0.32137 0.22147 0.24811 0.28090
0.00000 0.89834 1.00000 1.00000 1.00000 1.00000 1.00000 1.00000 1.00000 1.00000 0.96735 0.86094 0.22295 0.05531 0.00000 0.12354 0.14277 0.15714 0.05514 0.15247 0.00000 0.03773 0.04207 0.01720 0.01947
0.30371 1.00000 0.96239 1.00000 0.97018 1.00000 0.97018 1.00000 0.98451 1.00000 0.97764 0.74444 0.31010 0.20363 0.00000 0.06499 0.08514 0.16123 0.25036 0.18150 0.09831 0.00000 0.03718 0.03887 0.00000
0.00000 0.89834 1.00000 1.00000 1.00000 1.00000 1.00000 1.00000 1.00000 1.00000 0.96735 0.73208 0.32055 0.18142 0.10210 0.18823 0.20027 0.20848 0.09419 0.20433 0.19852 0.00000 0.00000 0.00000 0.00000
0.30371 1.00000 0.96239 1.00000 0.97018 1.00000 0.97018 1.00000 0.98451 1.00000 0.90998 0.71775 0.31249 0.37307 0.11169 0.19797 0.21032 0.37541 0.20874 0.20352 0.19864 0.00000 0.00000 0.00000 0.00000
0.00000 0.89834 1.00000 1.00000 1.00000 1.00000 1.00000 1.00000 1.00000 1.00000 0.89987 0.71496 0.47106 0.38076 0.11678 0.11532 0.21129 0.42242 0.22576 0.10837 0.05117 0.00000 0.00000 0.00000 0.00000
0.30371 1.00000 0.96239 1.00000 0.97018 1.00000 0.97018 1.00000 0.98451 1.00000 0.97764 0.79952 0.28481 0.08812 0.00000 0.04947 0.04124 0.38391 0.20578 0.46293 0.17039 0.07195 0.07746 0.07685 0.00000
0.00000 0.89834 1.00000 1.00000 1.00000 1.00000 1.00000 1.00000 1.00000 1.00000 0.96735 0.82801 0.23038 0.06799 0.01834 0.01896 0.10100 0.11439 0.38785 0.42405 0.20812 0.21064 0.08644 0.01767 0.00000
0.30371 1.00000 0.96239 1.00000 0.97018 1.00000 0.97018 1.00000 0.98451 1.00000 0.97764 0.82463 0.07834 0.38305 0.02398 0.02209 0.01856 0.17271 0.20251 0.12843 0.24248 0.13255 0.02159 0.01953 0.00000
0.00000 0.89834 1.00000 1.00000 1.00000 1.00000 1.00000 1.00000 1.00000 1.00000 0.96735 0.78586 0.08182 0.47495 0.06454 0.05703 0.05033 0.04162 0.12394 0.13375 0.25965 0.28142 0.28014 0.06591 0.06763
0.30371 1.00000 0.96239 1.00000 0.97018 1.00000 0.97018 1.00000 0.98451 1.00000 0.97764 0.77964 0.08129 0.50674 0.06990 0.06441 0.05912 0.05096 0.04336 0.04493 0.05705 0.15860 0.06242 0.06160 0.06253
0.00000 0.89834 1.00000 1.00000 1.00000 1.00000 1.00000 1.00000 1.00000 1.00000 0.96735 0.79155 0.07931 0.55423 0.11221 0.10667 0.05249 0.04576 0.13750 0.14930 0.05110 0.04817 0.00000 0.00000 0.00000
0.30371 1.00000 0.96239 1.00000 0.97018 1.00000 0.97018 1.00000 0.98451 1.00000 0.97764 0.87839 0.54204 0.25692 0.08851 0.34265 0.32277 0.03715 0.01088 0.29679 0.19767 0.00000 0.00000 0.00000 0.00000
0.00000 0.89834 1.00000 1.00000 1.00000 1.00000 1.00000 1.00000 1.00000 1.00000 0.96735 0.81880 0.54076 0.25079 0.15089 0.36518 0.33427 0.12503 0.00000 0.20168 0.12814 0.00000 0.00000 0.00000 0.00000
0.30371 1.00000 0.98026 1.00000 0.98451 1.00000 0.98451 1.00000 1.00000 1.00000 1.00000 0.75382 0.06690 0.24198 0.06674 0.05586 0.04865 0.13154 0.13513 0.15137 0.15128 0.15881 0.00000 0.00000 0.00000
0.00000 0.95852 1.00000 1.00000 1.00000 1.00000 1.00000 1.00000 1.00000 1.00000 0.96094 0.78241 0.07008 0.05481 0.07658 0.06279 0.13926 0.12922 0.14239 0.15893 0.15920 0.00000 0.00000 0.00000 0.00000
0.35204 1.00000 0.97159 1.00000 0.97764 0.96735 0.97764 0.96735 1.00000 0.96094 1.00000 0.28087 0.07513 0.00000 0.00000 0.07035 0.14301 0.05955 0.00000 0.14891 0.15958 0.00000 0.00000 0.00000 0.00000
0.00000 0.35647 1.00000 0.92675 0.90428 0.89061 0.90428 0.89061 0.90428 0.95503 0.34879 0.36684 0.00000 0.00000 0.00000 0.00000 0.05678 0.00000 0.00000 0.00000 0.00000 0.00000 0.00000 0.00000 0.00000
0.00000 0.00000 0.00000 0.00000 0.00000 0.00000 0.00000 0.00000 0.00000 0.00000 0.00000 0.00000 0.00000 0.00000 0.00000 0.00000 0.00000 0.00000 0.00000 0.00000 0.00000 0.00000 0.00000 0.00000 0.00000
