# name=row_only field=200x200 stride=8
25 25
0.00000 0.00000 0.00000 0.00000 0.00000 0.00000 0.00000 0.00000 0.00000 0.00000 0.00000 0.00000 0.00000 0.00000 0.00000 0.00000 0.00000 0.00000 0.00000 0.00000 0.00000 0.00000 0.00000 0.00000 0.00000
0.00000 0.00000 0.11650 0.10952 0.68836 0.26953 0.27071 0.73282 0.08471 0.11439 0.08702 0.00000 0.00000 0.00000 0.08905 0.12903 0.10153 0.17261 0.16974 0.14778 0.17275 0.11741 0.00000 0.00000 0.00000
0.00000 0.00000 0.10516 0.42399 0.69110 0.71576 0.73820 0.72218 0.61873 0.11479 0.09202 0.00000 0.00000 0.00000 0.09510 0.13046 0.15559 0.16830 0.37131 0.38203 0.16334 0.17989 0.00000 0.00000 0.00000
0.00000 0.00000 0.21204 0.70758 0.67360 0.73515 0.70976 0.68109 0.58479 0.57697 0.28198 0.29594 0.27814 0.28532 0.28761 0.12893 0.14684 0.39910 0.61843 0.68419 0.37783 0.40734 0.22223 0.00000 0.00000
0.00000 0.16587 0.15905 0.65119 0.62769 0.69438 0.66857 0.73272 0.69422 0.60260 0.59549 0.32588 0.52546 0.30129 0.27567 0.53591 0.34964 0.37525 0.60417 0.60488 0.57263 0.20041 0.20527 0.00000 0.00000
0.00000 0.20409 0.32795 0.68058 0.59119 0.50074 0.63543 0.64380 0.59740 0.60350 0.74652 0.69593 0.53400 0.58843 0.29697 0.50464 0.65742 0.33419 0.32483 0.59102 0.30083 0.32523 0.18472 0.00000 0.00000
0.00000 0.17306 0.17483 0.59963 0.60111 0.54168 0.59307 0.64097 0.72526 0.78258 0.81898 0.77749 0.66293 0.70836 0.68844 0.63057 0.69845 0.72415 0.64242 0.64813 0.75115 0.45206 0.19111 0.00000 0.00000
0.00000 0.20338 0.35946 0.34065 0.61465 0.57205 0.28315 0.62647 0.68646 0.77828 0.77635 0.67913 0.70996 0.71854 0.65996 0.73540 0.72893 0.78935 0.77784 0.74070 0.79286 0.75485 0.25132 0.26281 0.00000
0.00000 0.19355 0.38440 0.58263 0.54421 0.61536 0.62729 0.70768 0.69689 0.70771 0.59262 0.53675 0.51745 0.48853 0.56521 0.66542 0.73476 0.77168 0.77790 0.77871 0.76408 0.73605 0.41664 0.25600 0.00000
0.00000 0.00000 0.39719 0.36327 0.54506 0.47578 0.59616 0.69201 0.71407 0.67182 0.62723 0.35793 0.31693 0.50530 0.56280 0.35334 0.69209 0.69831 0.64364 0.68709 0.66493 0.36956 0.38562 0.22159 0.00000
0.00000 0.00000 0.36271 0.62437 0.58765 0.12613 0.62881 0.59654 0.65406 0.61827 0.33672 0.66556 0.63494 0.53242 0.63849 0.31893 0.68158 0.67645 0.75083 0.70344 0.72562 0.75410 0.13891 0.14675 0.00000
0.00000 0.00000 0.59645 0.62893 0.59555 0.68497 0.66841 0.69912 0.65443 0.63892 0.67670 0.69585 0.68722 0.71709 0.63371 0.69182 0.74490 0.81670 0.83459 0.79207 0.76547 0.71200 0.67967 0.15651 0.00000
0.00000 0.00000 0.62572 0.63738 0.56999 0.54549 0.60821 0.73520 0.63198 0.68547 0.64153 0.63753 0.74171 0.67697 0.73454 0.78490 0.76270 0.82800 0.86772 0.83583 0.78346 0.76601 0.69467 0.64538 0.00000
0.00000 0.08264 0.34158 0.38165 0.37403 0.66903 0.67017 0.68621 0.68033 0.65161 0.67011 0.72603 0.76349 0.73944 0.73396 0.83814 0.84055 0.87111 0.86792 0.85945 0.78644 0.75821 0.69129 0.09029 0.00000
0.00000 0.00000 0.21594 0.67220 0.36366 0.60570 0.74517 0.58363 0.61597 0.60552 0.64529 0.75059 0.68347 0.71739 0.71983 0.66181 0.81848 0.70923 0.80848 0.77504 0.64974 0.64151 0.31363 0.07760 0.00000
0.00000 0.00000 0.43487 0.70225 0.65350 0.58453 0.36221 0.56830 0.64500 0.66403 0.74348 0.79273 0.77751 0.79419 0.70428 0.73346 0.66346 0.70916 0.65922 0.78695 0.74343 0.31811 0.31387 0.06089 0.00000
0.00000 0.00000 0.21642 0.74080 0.71112 0.61699 0.61790 0.40491 0.69129 0.71376 0.73599 0.81464 0.86642 0.82610 0.71342 0.36493 0.64020 0.60935 0.74542 0.74309 0.77741 0.61425 0.32395 0.00000 0.00000
0.00000 0.00000 0.35143 0.42521 0.43024 0.76461 0.77796 0.71310 0.77630 0.77435 0.72121 0.74514 0.74584 0.67257 0.39047 0.36001 0.63919 0.37058 0.63402 0.72380 0.70820 0.42553 0.21070 0.00000 0.00000
0.00000 0.07472 0.35805 0.38155 0.70755 0.70753 0.79464 0.72627 0.74588 0.71651 0.68035 0.67149 0.71180 0.66905 0.38365 0.35872 0.56322 0.38064 0.70147 0.69307 0.76752 0.79235 0.00000 0.00000 0.00000
0.00000 0.41453 0.74186 0.77273 0.81249 0.78412 0.77873 0.68405 0.71269 0.61420 0.59894 0.58968 0.11926 0.32472 0.13728 0.28941 0.68690 0.40348 0.67085 0.74389 0.78927 0.82171 0.39165 0.00000 0.00000
0.00000 0.42584 0.78074 0.82907 0.84610 0.85866 0.85545 0.81686 0.73199 0.69109 0.57961 0.15075 0.11515 0.13338 0.13219 0.35678 0.62101 0.41131 0.62623 0.77145 0.79754 0.76308 0.45047 0.00000 0.00000
0.00000 0.88656 0.83379 0.82875 0.86165 0.85598 0.86509 0.82623 0.75882 0.73547 0.62396 0.15973 0.12219 0.07803 0.32278 0.32985 0.34187 0.40926 0.66431 0.70948 0.77591 0.42405 0.00000 0.00000 0.00000
0.00000 0.31455 0.89272 0.88778 0.89284 0.84685 0.88667 0.88201 0.81094 0.78936 0.11189 0.17185 0.12762 0.00000 0.10742 0.13797 0.15947 0.40956 0.70114 0.44925 0.49439 0.51845 0.00000 0.00000 0.00000
0.00000 0.34462 0.32824 0.91696 0.28697 0.86366 0.93729 0.31399 0.81674 0.11742 0.11687 0.11172 0.00000 0.00000 0.09755 0.12937 0.10172 0.39856 0.08690 0.45934 0.51825 0.00000 0.00000 0.00000 0.00000
0.00000 0.00000 0.00000 0.00000 0.00000 0.00000 0.00000 0.00000 0.00000 0.00000 0.00000 0.00000 0.00000 0.00000 0.00000 0.00000 0.00000 0.00000 0.00000 0.00000 0.00000 0.00000 0.00000 0.00000 0.00000
