# name=two_districts field=200x200 stride=8
25 25
0.00000 0.13417 0.33530 0.31490 0.67514 0.66464 0.67514 0.66464 0.67514 0.31282 0.27925 0.07186 0.17903 0.17334 0.53693 0.53900 0.55168 0.60262 0.66063 0.60542 0.23900 0.54504 0.66349 0.70707 0.23280
0.13417 0.34807 1.00000 0.93222 1.00000 0.89834 1.00000 0.89834 1.00000 0.95852 0.84887 0.22531 0.52076 0.49363 0.49951 0.56944 0.61563 0.63609 0.64568 0.62626 0.62442 0.67291 0.65710 0.65965 0.66815
0.33530 1.00000 0.95276 1.00000 0.96239 1.00000 0.96239 1.00000 0.98026 1.00000 0.87199 0.66066 0.62564 0.53003 0.56295 0.60099 0.63440 0.66011 0.66277 0.63173 0.62395 0.67492 0.63909 0.64249 0.63756
0.31490 0.93222 1.00000 1.00000 1.00000 1.00000 1.00000 1.00000 1.00000 1.00000 0.94070 0.73260 0.59908 0.56622 0.60657 0.62521 0.63666 0.65509 0.66785 0.66789 0.65482 0.66364 0.66930 0.65965 0.64188
0.67612 1.00000 0.96239 1.00000 0.97018 1.00000 0.97018 1.00000 0.98451 1.00000 0.92679 0.70247 0.58901 0.59952 0.65339 0.64813 0.65903 0.66503 0.65648 0.65971 0.66581 0.66681 0.65553 0.62907 0.57910
0.66464 0.89834 1.00000 1.00000 1.00000 1.00000 1.00000 1.00000 1.00000 1.00000 0.90220 0.66812 0.46282 0.60325 0.64634 0.65215 0.64623 0.65254 0.65642 0.66441 0.66226 0.67145 0.67445 0.64665 0.61951
0.67612 1.00000 0.96239 1.00000 0.97018 1.00000 0.97018 1.00000 0.98451 1.00000 0.91160 0.73383 0.51230 0.61072 0.67241 0.65827 0.66155 0.66322 0.63903 0.65573 0.64803 0.67053 0.65833 0.64483 0.62766
0.66464 0.89834 1.00000 1.00000 1.00000 1.00000 1.00000 1.00000 1.00000 1.00000 0.91758 0.71765 0.50641 0.56009 0.64726 0.64318 0.64975 0.66881 0.65847 0.66407 0.66351 0.66632 0.64974 0.64352 0.63217
0.67612 1.00000 0.96239 1.00000 0.97018 1.00000 0.97018 1.00000 0.98451 1.00000 0.97764 0.74571 0.47904 0.61681 0.63997 0.64580 0.66486 0.65931 0.65208 0.65773 0.66353 0.65735 0.64697 0.64055 0.62034
0.66464 0.89834 1.00000 1.00000 1.00000 1.00000 1.00000 1.00000 1.00000 1.00000 0.90582 0.66843 0.52311 0.63717 0.64425 0.65853 0.67392 0.66243 0.66662 0.66366 0.64884 0.65803 0.63133 0.62667 0.60793
0.67612 1.00000 0.96239 1.00000 0.97018 1.00000 0.97018 1.00000 0.98451 1.00000 0.90696 0.70653 0.52109 0.62126 0.62035 0.67038 0.66475 0.65542 0.66506 0.65974 0.67396 0.66559 0.65134 0.65217 0.62619
0.66464 0.89834 1.00000 1.00000 1.00000 1.00000 1.00000 1.00000 1.00000 1.00000 0.90650 0.71292 0.51999 0.56541 0.65597 0.67857 0.67316 0.66194 0.67135 0.65251 0.66568 0.64797 0.66381 0.65451 0.63452
0.67612 1.00000 0.96239 1.00000 0.97018 1.00000 0.97018 1.00000 0.98451 1.00000 0.97764 0.71409 0.43346 0.51283 0.60293 0.62453 0.65368 0.66914 0.67911 0.66874 0.67159 0.66103 0.66367 0.62502 0.61756
0.66464 0.89834 1.00000 1.00000 1.00000 1.00000 1.00000 1.00000 1.00000 1.00000 0.91842 0.68337 0.38243 0.61182 0.64360 0.65555 0.66134 0.67136 0.67310 0.65641 0.66495 0.66396 0.64860 0.61869 0.61866
0.67612 1.00000 0.96239 1.00000 0.97018 1.00000 0.97018 1.00000 0.98451 1.00000 0.91341 0.62890 0.48774 0.60043 0.60467 0.64522 0.65800 0.67148 0.66990 0.67156 0.67512 0.66221 0.66826 0.66863 0.66865
0.66464 0.89834 1.00000 1.00000 1.00000 1.00000 1.00000 1.00000 1.00000 1.00000 0.90447 0.72637 0.48608 0.56927 0.66777 0.67112 0.66458 0.66643 0.64879 0.65731 0.66367 0.66692 0.67485 0.64907 0.65810
0.67612 1.00000 0.96239 1.00000 0.97018 1.00000 0.97018 1.00000 0.98451 1.00000 0.97764 0.70800 0.47354 0.49417 0.63994 0.65175 0.64770 0.67739 0.66460 0.66705 0.66209 0.65887 0.67730 0.65635 0.66201
0.66464 0.89834 1.00000 1.00000 1.00000 1.00000 1.00000 1.00000 1.00000 1.00000 0.96735 0.70676 0.44289 0.56031 0.64010 0.62352 0.65646 0.66999 0.65376 0.67108 0.65988 0.66459 0.65474 0.64160 0.64865
0.67612 1.00000 0.96239 1.00000 0.97018 1.00000 0.97018 1.00000 0.98451 1.00000 0.92743 0.72924 0.24728 0.61845 0.64869 0.66396 0.68030 0.66993 0.65424 0.65982 0.63743 0.65832 0.66096 0.66054 0.65890
0.66464 0.89834 1.00000 1.00000 1.00000 1.00000 1.00000 1.00000 1.00000 1.00000 0.91255 0.74186 0.50472 0.61887 0.62968 0.67995 0.67792 0.66965 0.67409 0.66348 0.65087 0.66281 0.64863 0.68217 0.61404
0.67612 1.00000 0.98026 1.00000 0.98451 1.00000 0.98451 1.00000 1.00000 1.00000 0.94998 0.80883 0.48920 0.56325 0.66775 0.67334 0.66643 0.65299 0.66742 0.66348 0.65857 0.66999 0.66025 0.65773 0.64078
0.31282 0.95852 1.00000 1.00000 1.00000 1.00000 1.00000 1.00000 1.00000 1.00000 0.96094 0.81519 0.46563 0.48993 0.63590 0.63555 0.66349 0.67119 0.67401 0.66242 0.66608 0.65453 0.66451 0.65103 0.65986
0.35204 1.00000 0.97159 1.00000 0.97764 0.96735 0.97764 0.96735 1.00000 0.96094 1.00000 0.49829 0.53960 0.62945 0.66827 0.65889 0.69161 0.67180 0.66200 0.68057 0.66909 0.65693 0.63431 0.62850 0.60972
0.13827 0.35647 1.00000 0.92675 0.90428 0.89061 0.90428 0.89061 0.90428 0.95503 0.44748 0.41177 0.21586 0.67631 0.67794 0.67175 0.69619 0.66920 0.66032 0.66054 0.66433 0.64678 0.59301 0.58557 0.53781
0.00000 0.13417 0.12904 0.31490 0.31566 0.31490 0.31566 0.31490 0.31566 0.12808 0.29992 0.00000 0.23383 0.70859 0.70747 0.67713 0.62765 0.66587 0.65061 0.65760 0.66503 0.63246 0.58126 0.52357 0.41284
