# name=two_districts field=200x200 stride=8
25 25
0.00000 0.33333 0.54838 0.56773 0.87825 0.87575 0.87825 0.87575 0.87825 0.55897 0.45694 0.19034 0.40302 0.42262 0.91138 0.78984 0.82515 0.83240 0.89651 0.90000 0.60314 0.90561 0.92646 0.94488 0.51175
0.33333 0.52211 1.00000 0.93792 1.00000 0.98200 1.00000 0.98200 1.00000 0.95852 0.87156 0.38516 0.75477 0.80984 0.88306 0.88647 0.92150 0.91489 0.89288 0.88472 0.87835 0.91702 0.91380 0.89309 0.89839
0.54838 1.00000 0.95276 1.00000 0.97174 1.00000 0.97174 1.00000 0.98026 1.00000 0.88749 0.76182 0.84525 0.81701 0.86223 0.86631 0.91053 0.91314 0.93134 0.89973 0.90906 0.92535 0.91860 0.90858 0.86175
0.56773 0.93792 1.00000 1.00000 1.00000 1.00000 1.00000 1.00000 1.00000 1.00000 0.95021 0.83721 0.80452 0.86167 0.88625 0.89930 0.91703 0.91332 0.93264 0.92661 0.94182 0.92089 0.93561 0.90613 0.90705
0.87825 1.00000 0.97174 1.00000 0.98851 1.00000 0.98851 1.00000 0.98816 1.00000 0.93800 0.81790 0.78178 0.86018 0.90670 0.90835 0.92365 0.94017 0.92757 0.93123 0.93051 0.94222 0.94284 0.91447 0.85073
0.87575 0.98200 1.00000 1.00000 1.00000 1.00000 1.00000 1.00000 1.00000 1.00000 0.91652 0.84389 0.67125 0.85124 0.93860 0.93897 0.92877 0.92949 0.92833 0.94016 0.93105 0.93429 0.92328 0.90918 0.92698
0.87825 1.00000 0.97174 1.00000 0.98851 1.00000 0.98851 1.00000 0.98816 1.00000 0.92603 0.76978 0.72319 0.82645 0.93834 0.93850 0.93845 0.93863 0.93045 0.92780 0.93086 0.94151 0.92297 0.92915 0.89824
0.87575 0.98200 1.00000 1.00000 1.00000 1.00000 1.00000 1.00000 1.00000 1.00000 0.92861 0.84789 0.69506 0.82345 0.92559 0.91899 0.92991 0.93832 0.93860 0.93938 0.94020 0.92706 0.91575 0.93395 0.92082
0.87825 1.00000 0.97174 1.00000 0.98851 1.00000 0.98851 1.00000 0.98816 1.00000 0.97764 0.86408 0.68066 0.85603 0.89580 0.93909 0.93873 0.93871 0.92634 0.92486 0.94012 0.92657 0.94074 0.88563 0.87579
0.87575 0.98200 1.00000 1.00000 1.00000 1.00000 1.00000 1.00000 1.00000 1.00000 0.95638 0.83542 0.76148 0.87533 0.90683 0.93248 0.93942 0.93943 0.93972 0.94023 0.92969 0.92865 0.90964 0.90912 0.91924
0.87825 1.00000 0.97174 1.00000 0.98851 1.00000 0.98851 1.00000 0.98816 1.00000 0.94984 0.79691 0.74387 0.85420 0.91232 0.94014 0.94029 0.94051 0.92684 0.94116 0.94134 0.94078 0.91200 0.91244 0.91195
0.87575 0.98200 1.00000 1.00000 1.00000 1.00000 1.00000 1.00000 1.00000 1.00000 0.96981 0.90854 0.73998 0.84368 0.91932 0.94061 0.94110 0.93204 0.94199 0.93352 0.93091 0.93210 0.93128 0.92924 0.89090
0.87825 1.00000 0.97174 1.00000 0.98851 1.00000 0.98851 1.00000 0.98816 1.00000 0.97764 0.85050 0.66467 0.72813 0.90690 0.93997 0.94089 0.92992 0.94254 0.93146 0.94214 0.92913 0.92627 0.91461 0.88671
0.87575 0.98200 1.00000 1.00000 1.00000 1.00000 1.00000 1.00000 1.00000 1.00000 0.93756 0.83930 0.58722 0.86251 0.90327 0.91900 0.92980 0.94192 0.94234 0.93284 0.93222 0.93152 0.94151 0.90670 0.89279
0.87825 1.00000 0.97174 1.00000 0.98851 1.00000 0.98851 1.00000 0.98816 1.00000 0.93544 0.78747 0.69690 0.82108 0.92392 0.93909 0.92952 0.94118 0.92918 0.94205 0.94177 0.94195 0.94209 0.92443 0.92967
0.87575 0.98200 1.00000 1.00000 1.00000 1.00000 1.00000 1.00000 1.00000 1.00000 0.92655 0.82602 0.78573 0.80382 0.93778 0.93906 0.94018 0.94079 0.93294 0.93169 0.92682 0.94106 0.94149 0.94271 0.91500
0.87825 1.00000 0.97174 1.00000 0.98851 1.00000 0.98851 1.00000 0.98816 1.00000 0.97764 0.77516 0.75449 0.83682 0.91182 0.91844 0.93995 0.94066 0.94033 0.94003 0.93964 0.92936 0.94081 0.93473 0.92361
0.87575 0.98200 1.00000 1.00000 1.00000 1.00000 1.00000 1.00000 1.00000 1.00000 0.97224 0.84334 0.68000 0.85280 0.88673 0.92411 0.94059 0.94074 0.93980 0.93909 0.93872 0.93912 0.94018 0.90669 0.89602
0.87825 1.00000 0.97174 1.00000 0.98851 1.00000 0.98851 1.00000 0.98816 1.00000 0.94389 0.81626 0.45695 0.82817 0.89878 0.94181 0.94136 0.94060 0.93978 0.93890 0.92991 0.92603 0.93251 0.92974 0.92852
0.87575 0.98200 1.00000 1.00000 1.00000 1.00000 1.00000 1.00000 1.00000 1.00000 0.93048 0.83195 0.71107 0.82823 0.91839 0.94225 0.94193 0.94126 0.93987 0.93919 0.92851 0.93896 0.93981 0.94080 0.90770
0.87825 1.00000 0.98026 1.00000 0.98816 1.00000 0.98816 1.00000 1.00000 1.00000 0.96556 0.84838 0.67805 0.83001 0.92941 0.92653 0.94218 0.93260 0.94051 0.93986 0.92754 0.93958 0.92835 0.92747 0.91025
0.55897 0.95852 1.00000 1.00000 1.00000 1.00000 1.00000 1.00000 1.00000 1.00000 0.96094 0.87706 0.68399 0.79706 0.89185 0.90904 0.94270 0.92977 0.94127 0.92892 0.94046 0.92691 0.92572 0.92947 0.90299
0.55526 1.00000 0.97159 1.00000 0.97764 0.97224 0.97764 0.97224 1.00000 0.96094 1.00000 0.67143 0.71422 0.88542 0.90816 0.93285 0.94340 0.93470 0.94214 0.94162 0.92982 0.92928 0.90675 0.88947 0.85558
0.33333 0.54665 1.00000 0.94236 0.93486 0.98070 0.93486 0.98070 0.93486 0.95503 0.66513 0.60286 0.51648 0.89409 0.91651 0.93076 0.94426 0.93180 0.90025 0.93334 0.93246 0.89762 0.87263 0.84680 0.79950
0.00000 0.33333 0.33333 0.56773 0.57059 0.56773 0.57059 0.56773 0.57059 0.33333 0.53252 0.00000 0.53069 0.94493 0.94564 0.91128 0.92046 0.92347 0.88035 0.92250 0.90213 0.90980 0.85844 0.79781 0.71246
