# name=row_only field=200x200 stride=8
25 25
0.00000 0.00000 0.00000 0.00000 0.00000 0.00000 0.00000 0.00000 0.00000 0.00000 0.00000 0.00000 0.00000 0.00000 0.00000 0.00000 0.00000 0.00000 0.00000 0.00000 0.00000 0.00000 0.00000 0.00000 0.00000
0.00000 0.00000 0.27476 0.25829 0.73512 0.42200 0.42429 0.78823 0.21280 0.24347 0.19094 0.00000 0.00000 0.00000 0.16740 0.24144 0.23020 0.31524 0.30591 0.28023 0.33057 0.27771 0.00000 0.00000 0.00000
0.00000 0.00000 0.25775 0.57735 0.75225 0.76921 0.80180 0.79992 0.70010 0.25548 0.20480 0.00000 0.00000 0.00000 0.17745 0.24510 0.29209 0.31341 0.49199 0.51219 0.32526 0.36077 0.00000 0.00000 0.00000
0.00000 0.00000 0.37443 0.80631 0.74094 0.80816 0.78455 0.78761 0.68949 0.66935 0.39817 0.40269 0.38871 0.39858 0.39029 0.23924 0.27516 0.51666 0.66335 0.76571 0.55685 0.60410 0.40564 0.00000 0.00000
0.00000 0.30182 0.28864 0.76667 0.72272 0.78070 0.76119 0.82802 0.78741 0.68877 0.67860 0.46283 0.61619 0.44025 0.39383 0.56642 0.45042 0.48546 0.68262 0.71893 0.72940 0.40366 0.41431 0.00000 0.00000
0.00000 0.34618 0.55211 0.87947 0.67971 0.56287 0.72180 0.83823 0.80014 0.78446 0.84956 0.79762 0.66363 0.70303 0.41438 0.66774 0.77443 0.52048 0.49979 0.77531 0.52856 0.57388 0.38369 0.00000 0.00000
0.00000 0.40451 0.40024 0.78760 0.74638 0.64774 0.73872 0.79709 0.88420 0.94142 0.97350 0.91404 0.80366 0.88262 0.87043 0.76475 0.86336 0.86036 0.73700 0.71917 0.78453 0.56245 0.29066 0.00000 0.00000
0.00000 0.41683 0.59914 0.55485 0.73985 0.68907 0.43308 0.76612 0.85460 0.94622 0.95919 0.85518 0.89153 0.91032 0.78405 0.88326 0.87139 0.92172 0.88574 0.80751 0.83698 0.78441 0.38341 0.39963 0.00000
0.00000 0.35882 0.58138 0.71808 0.66566 0.73932 0.75295 0.86121 0.88243 0.90910 0.77229 0.68711 0.62320 0.59528 0.67455 0.80245 0.87885 0.90963 0.88562 0.83665 0.80728 0.76523 0.51900 0.38907 0.00000
0.00000 0.00000 0.56793 0.51891 0.63812 0.57073 0.72662 0.83373 0.88456 0.85026 0.78275 0.52934 0.44168 0.57343 0.64303 0.53753 0.83345 0.82673 0.69282 0.72855 0.69579 0.46033 0.47889 0.33587 0.00000
0.00000 0.00000 0.48857 0.71699 0.71699 0.30412 0.87302 0.65307 0.75201 0.70711 0.53001 0.73601 0.68189 0.58053 0.78500 0.56171 0.87075 0.82983 0.79038 0.73739 0.74447 0.77417 0.25188 0.26585 0.00000
0.00000 0.00000 0.63960 0.70502 0.68382 0.77514 0.75333 0.78740 0.71702 0.70711 0.74194 0.74826 0.73541 0.79668 0.75210 0.82460 0.88995 0.93561 0.92257 0.83993 0.80736 0.74453 0.71355 0.28797 0.00000
0.00000 0.00000 0.70124 0.70643 0.70023 0.71421 0.80945 0.79638 0.70197 0.80862 0.78091 0.79882 0.89125 0.74302 0.82716 0.88005 0.84976 0.89358 0.92717 0.88147 0.82167 0.81103 0.74447 0.69850 0.00000
0.00000 0.20086 0.46511 0.51229 0.49440 0.71090 0.70425 0.75735 0.78851 0.77674 0.82630 0.90061 0.92538 0.89301 0.82849 0.91881 0.91530 0.93090 0.92037 0.89951 0.81770 0.78720 0.72408 0.20344 0.00000
0.00000 0.00000 0.38217 0.76744 0.48915 0.64016 0.77721 0.65973 0.75506 0.77681 0.79975 0.91507 0.83509 0.85905 0.84246 0.75205 0.89201 0.76008 0.86384 0.81716 0.80403 0.77310 0.41481 0.17212 0.00000
0.00000 0.00000 0.59236 0.77468 0.71518 0.63265 0.46427 0.62855 0.74075 0.79784 0.89292 0.93971 0.90498 0.91709 0.81370 0.82292 0.75079 0.79523 0.73788 0.87437 0.82412 0.43826 0.42288 0.13056 0.00000
0.00000 0.00000 0.35326 0.80231 0.76730 0.65658 0.65411 0.52130 0.76106 0.81098 0.84384 0.92972 0.97215 0.92858 0.81626 0.52019 0.76515 0.74036 0.87332 0.86848 0.86763 0.69556 0.43825 0.00000 0.00000
0.00000 0.00000 0.46838 0.57624 0.59133 0.86334 0.88051 0.80413 0.86784 0.85706 0.78607 0.81476 0.85800 0.78567 0.56979 0.51761 0.69338 0.47208 0.69326 0.80434 0.79469 0.58028 0.34556 0.00000 0.00000
0.00000 0.17940 0.49821 0.53848 0.81382 0.81730 0.90733 0.82806 0.84128 0.79699 0.74390 0.72377 0.80322 0.76219 0.53756 0.49200 0.59911 0.49107 0.76092 0.76330 0.83926 0.86127 0.00000 0.00000 0.00000
0.00000 0.56377 0.82952 0.87795 0.93065 0.90091 0.88733 0.75543 0.77758 0.63743 0.62632 0.65277 0.22545 0.45408 0.27374 0.40066 0.72989 0.51306 0.70695 0.80643 0.85487 0.88988 0.54848 0.00000 0.00000
0.00000 0.58894 0.88938 0.94931 0.97475 0.98385 0.96019 0.89866 0.78551 0.72596 0.60566 0.27033 0.20641 0.25114 0.25706 0.46395 0.65026 0.51713 0.66221 0.83469 0.87717 0.83944 0.60384 0.00000 0.00000
0.00000 1.00000 0.95130 0.95256 0.98865 0.97075 0.96797 0.89827 0.80501 0.77616 0.65485 0.28754 0.21996 0.14046 0.41250 0.41992 0.43042 0.50848 0.69522 0.75898 0.85006 0.57299 0.00000 0.00000 0.00000
0.00000 0.52122 1.00000 1.00000 1.00000 0.94180 0.97063 0.94814 0.85439 0.82788 0.24566 0.30821 0.22896 0.00000 0.18628 0.23928 0.27655 0.50215 0.72141 0.58757 0.65522 0.69505 0.00000 0.00000 0.00000
0.00000 0.55607 0.52880 1.00000 0.47678 0.93213 1.00000 0.49201 0.84858 0.25537 0.25432 0.24323 0.00000 0.00000 0.16918 0.22433 0.21599 0.48856 0.18456 0.58962 0.67091 0.00000 0.00000 0.00000 0.00000
0.00000 0.00000 0.00000 0.00000 0.00000 0.00000 0.00000 0.00000 0.00000 0.00000 0.00000 0.00000 0.00000 0.00000 0.00000 0.00000 0.00000 0.00000 0.00000 0.00000 0.00000 0.00000 0.00000 0.00000 0.00000
