# name=two_districts field=200x200 stride=8
25 25
0.00000 0.33333 0.54838 0.56773 0.87825 0.87575 0.87825 0.87575 0.87825 0.55897 0.45694 0.19034 0.36867 0.40160 0.80601 0.77341 0.81948 0.83240 0.89651 0.87372 0.56658 0.89812 0.88855 0.94488 0.51175
0.33333 0.52211 1.00000 0.93792 1.00000 0.98200 1.00000 0.98200 1.00000 0.95852 0.87156 0.37026 0.72738 0.80715 0.80629 0.83964 0.89653 0.91489 0.89288 0.89459 0.88711 0.92123 0.88732 0.89309 0.89839
0.54838 1.00000 0.95276 1.00000 0.97174 1.00000 0.97174 1.00000 0.98026 1.00000 0.88749 0.81519 0.84525 0.81161 0.86223 0.86497 0.90449 0.91314 0.92936 0.91213 0.90514 0.92535 0.89472 0.87861 0.86175
0.56773 0.93792 1.00000 1.00000 1.00000 1.00000 1.00000 1.00000 1.00000 1.00000 0.95021 0.87270 0.80452 0.84101 0.84834 0.89930 0.91703 0.91332 0.93264 0.92661 0.94182 0.91122 0.91861 0.89741 0.87190
0.87825 1.00000 0.97174 1.00000 0.98851 1.00000 0.98851 1.00000 0.98816 1.00000 0.94365 0.84403 0.78178 0.82399 0.90670 0.90835 0.92834 0.94017 0.93087 0.92886 0.92753 0.92682 0.91116 0.86474 0.78793
0.87575 0.98200 1.00000 1.00000 1.00000 1.00000 1.00000 1.00000 1.00000 1.00000 0.92423 0.85949 0.57838 0.83634 0.93860 0.93897 0.92456 0.92904 0.92833 0.94016 0.93105 0.93429 0.92328 0.89031 0.86790
0.87825 1.00000 0.97174 1.00000 0.98851 1.00000 0.98851 1.00000 0.98816 1.00000 0.92603 0.77225 0.67376 0.82645 0.93834 0.93850 0.93845 0.93863 0.92331 0.92780 0.91593 0.94151 0.92291 0.89405 0.85895
0.87575 0.98200 1.00000 1.00000 1.00000 1.00000 1.00000 1.00000 1.00000 1.00000 0.92861 0.84789 0.69506 0.78042 0.92195 0.91420 0.92991 0.93832 0.93860 0.93938 0.94020 0.92779 0.91441 0.90602 0.92082
0.87825 1.00000 0.97174 1.00000 0.98851 1.00000 0.98851 1.00000 0.98816 1.00000 0.97764 0.86010 0.65167 0.84044 0.88878 0.91925 0.93873 0.93871 0.92906 0.92740 0.94012 0.92657 0.91301 0.88563 0.85894
0.87575 0.98200 1.00000 1.00000 1.00000 1.00000 1.00000 1.00000 1.00000 1.00000 0.95638 0.81950 0.67187 0.86267 0.90738 0.93248 0.93942 0.93943 0.93972 0.94023 0.91593 0.92314 0.89542 0.87588 0.84868
0.87825 1.00000 0.97174 1.00000 0.98851 1.00000 0.98851 1.00000 0.98816 1.00000 0.94984 0.79691 0.63089 0.83731 0.91232 0.94014 0.94029 0.92600 0.92684 0.94116 0.94134 0.94078 0.91019 0.91015 0.88950
0.87575 0.98200 1.00000 1.00000 1.00000 1.00000 1.00000 1.00000 1.00000 1.00000 0.96981 0.89449 0.74103 0.80002 0.92830 0.94061 0.94110 0.92956 0.94199 0.91844 0.92915 0.92736 0.93128 0.92174 0.88546
0.87825 1.00000 0.97174 1.00000 0.98851 1.00000 0.98851 1.00000 0.98816 1.00000 0.97764 0.87381 0.66648 0.73168 0.89143 0.91385 0.93248 0.92771 0.94254 0.93146 0.94214 0.93104 0.92627 0.91461 0.88671
0.87575 0.98200 1.00000 1.00000 1.00000 1.00000 1.00000 1.00000 1.00000 1.00000 0.93516 0.79391 0.58813 0.79411 0.90327 0.91900 0.92566 0.94192 0.94234 0.92800 0.93129 0.93152 0.92939 0.89459 0.89279
0.87825 1.00000 0.97174 1.00000 0.98851 1.00000 0.98851 1.00000 0.98816 1.00000 0.93544 0.74801 0.50492 0.80301 0.91840 0.93909 0.92766 0.94118 0.92849 0.94205 0.94177 0.94195 0.94209 0.92374 0.92967
0.87575 0.98200 1.00000 1.00000 1.00000 1.00000 1.00000 1.00000 1.00000 1.00000 0.92655 0.81368 0.61853 0.80382 0.93778 0.93906 0.94018 0.94079 0.92675 0.93169 0.92817 0.94106 0.94149 0.94271 0.91500
0.87825 1.00000 0.97174 1.00000 0.98851 1.00000 0.98851 1.00000 0.98816 1.00000 0.97764 0.79708 0.63829 0.79846 0.91880 0.91517 0.93995 0.94066 0.94033 0.94003 0.93964 0.92936 0.94081 0.92699 0.92361
0.87575 0.98200 1.00000 1.00000 1.00000 1.00000 1.00000 1.00000 1.00000 1.00000 0.97224 0.86068 0.62652 0.78548 0.88673 0.89892 0.92757 0.94074 0.92598 0.93909 0.93872 0.93912 0.92535 0.89668 0.88507
0.87825 1.00000 0.97174 1.00000 0.98851 1.00000 0.98851 1.00000 0.98816 1.00000 0.94389 0.81626 0.40697 0.82612 0.90939 0.94181 0.94136 0.94060 0.93978 0.93890 0.91410 0.92246 0.93251 0.91796 0.92239
0.87575 0.98200 1.00000 1.00000 1.00000 1.00000 1.00000 1.00000 1.00000 1.00000 0.93048 0.82243 0.64848 0.81062 0.91839 0.94225 0.94193 0.94126 0.93987 0.93919 0.92732 0.93896 0.90706 0.94080 0.84059
0.87825 1.00000 0.98026 1.00000 0.98816 1.00000 0.98816 1.00000 1.00000 1.00000 0.96556 0.84838 0.67476 0.80195 0.92941 0.92521 0.94218 0.92595 0.94051 0.93986 0.92477 0.93958 0.92113 0.91413 0.87691
0.55897 0.95852 1.00000 1.00000 1.00000 1.00000 1.00000 1.00000 1.00000 1.00000 0.96094 0.88139 0.69151 0.75215 0.89319 0.89745 0.93226 0.92977 0.94127 0.92649 0.94046 0.92056 0.92572 0.89437 0.90299
0.55526 1.00000 0.97159 1.00000 0.97764 0.97224 0.97764 0.97224 1.00000 0.96094 1.00000 0.59152 0.71422 0.85894 0.90816 0.90840 0.94340 0.92736 0.94214 0.94162 0.92982 0.91133 0.88333 0.86730 0.83708
0.33333 0.54665 1.00000 0.94236 0.93486 0.98070 0.93486 0.98070 0.93486 0.95503 0.66513 0.60286 0.45944 0.91166 0.91651 0.91331 0.94426 0.93180 0.90263 0.92293 0.91950 0.89258 0.81517 0.80038 0.74395
0.00000 0.33333 0.33333 0.56773 0.57059 0.56773 0.57059 0.56773 0.57059 0.33333 0.53252 0.00000 0.48220 0.94493 0.94564 0.90783 0.88639 0.93027 0.89619 0.91610 0.90213 0.86810 0.79147 0.71336 0.58561
