# name=organic_walks field=200x200 stride=8
25 25
0.00000 0.00000 0.00000 0.00000 0.00000 0.00000 0.12303 0.02399 0.00000 0.06449 0.06177 0.00000 0.00000 0.00000 0.00000 0.00000 0.00000 0.00000 0.00000 0.00000 0.00000 0.00000 0.00000 0.00000 0.00000
0.00000 0.00000 0.00000 0.00000 0.00000 0.11180 0.11856 0.12894 0.13111 0.11855 0.06213 0.06713 0.02143 0.02360 0.00000 0.00000 0.00000 0.00000 0.00000 0.00000 0.00000 0.00000 0.00000 0.00000 0.00000
0.00000 0.00000 0.00000 0.00000 0.10402 0.11113 0.11602 0.21193 0.12657 0.11422 0.11640 0.07148 0.02192 0.02271 0.00000 0.00000 0.00000 0.00000 0.00000 0.02752 0.02532 0.00000 0.00000 0.00000 0.00000
0.00000 0.00000 0.00000 0.04340 0.04624 0.11289 0.11625 0.20203 0.12279 0.11097 0.14310 0.17970 0.17165 0.24184 0.06985 0.01400 0.03844 0.04142 0.00000 0.02383 0.02329 0.07599 0.03699 0.03631 0.03562
0.00000 0.00000 0.00000 0.04092 0.04495 0.11642 0.12037 0.32454 0.26512 0.31264 0.14255 0.06372 0.23702 0.20920 0.19442 0.03614 0.03306 0.03866 0.04510 0.02034 0.04974 0.06482 0.03389 0.03329 0.03275
0.00000 0.00000 0.00000 0.00000 0.09956 0.05874 0.12207 0.32204 0.28387 0.30428 0.33748 0.05345 0.29597 0.34040 0.13566 0.03471 0.03584 0.04246 0.01929 0.00000 0.12800 0.14938 0.12272 0.02395 0.02476
0.00000 0.00000 0.00000 0.00000 0.09150 0.11032 0.11154 0.00000 0.30196 0.29935 0.10748 0.28484 0.29679 0.30104 0.36342 0.15155 0.12332 0.01766 0.02015 0.00000 0.14477 0.09266 0.02009 0.02122 0.02234
0.00000 0.01885 0.02230 0.02578 0.03246 0.25547 0.24348 0.06787 0.18682 0.04306 0.10795 0.28879 0.17862 0.18911 0.19495 0.08881 0.08015 0.01554 0.01890 0.10885 0.17669 0.28590 0.10895 0.04117 0.04074
0.02188 0.02236 0.02390 0.06932 0.07357 0.15808 0.17821 0.19912 0.09362 0.10420 0.11574 0.11434 0.19021 0.19565 0.12819 0.05324 0.07358 0.06005 0.18755 0.31971 0.31396 0.11354 0.10591 0.09799 0.03380
0.02262 0.02194 0.02211 0.06022 0.06535 0.34413 0.15953 0.46539 0.13669 0.21017 0.22999 0.24483 0.09653 0.19221 0.31306 0.10696 0.28717 0.32319 0.17738 0.33095 0.09472 0.14374 0.10007 0.09263 0.09268
0.02402 0.02291 0.02206 0.27645 0.32530 0.37850 0.42249 0.42161 0.40510 0.41701 0.26069 0.12070 0.10631 0.24399 0.20568 0.10176 0.20597 0.13722 0.12209 0.01752 0.27006 0.31140 0.29828 0.27538 0.26239
0.00000 0.02017 0.01841 0.22889 0.27744 0.35494 0.16601 0.16009 0.39120 0.39843 0.15490 0.15786 0.15513 0.32059 0.16747 0.19685 0.21428 0.12742 0.15769 0.14511 0.30989 0.31800 0.31871 0.27652 0.04598
0.00000 0.00000 0.00000 0.17872 0.24567 0.14695 0.25442 0.15299 0.14026 0.31261 0.16794 0.14942 0.13748 0.08384 0.17150 0.17150 0.11230 0.27472 0.27346 0.27987 0.25508 0.26818 0.29593 0.11387 0.00000
0.00000 0.00000 0.00000 0.20037 0.36252 0.40322 0.37309 0.22486 0.34804 0.21481 0.31944 0.12643 0.11717 0.16781 0.29532 0.26931 0.27843 0.32977 0.27796 0.27493 0.18584 0.34619 0.26762 0.04712 0.00000
0.00000 0.00000 0.04582 0.13763 0.13331 0.21988 0.20794 0.18313 0.18126 0.20591 0.29498 0.11918 0.12004 0.18837 0.17998 0.09145 0.10526 0.30010 0.29458 0.17284 0.24520 0.26555 0.01944 0.01715 0.02062
0.00000 0.00000 0.01816 0.01756 0.20781 0.20420 0.21201 0.12844 0.31885 0.02126 0.28868 0.11164 0.12936 0.13848 0.09228 0.09290 0.09627 0.29381 0.31906 0.28349 0.29173 0.12030 0.01984 0.01772 0.01814
0.00000 0.00000 0.01481 0.01542 0.08455 0.10568 0.05781 0.14378 0.13430 0.04941 0.06371 0.05687 0.11223 0.11940 0.18694 0.04585 0.14703 0.08977 0.23818 0.04266 0.04413 0.25947 0.06471 0.06409 0.05251
0.00000 0.00000 0.03667 0.07992 0.08804 0.05145 0.05556 0.13919 0.13147 0.10988 0.08055 0.10805 0.09338 0.10468 0.02037 0.32399 0.29098 0.08608 0.17774 0.29583 0.36298 0.22264 0.06203 0.02655 0.02644
0.00000 0.00000 0.00000 0.02377 0.03166 0.10451 0.05821 0.06691 0.18622 0.08509 0.06682 0.02042 0.06793 0.01527 0.08215 0.08364 0.21983 0.17440 0.32036 0.29774 0.32593 0.22364 0.23397 0.02662 0.02679
0.00000 0.00000 0.00000 0.02471 0.03374 0.04589 0.18182 0.19451 0.11354 0.15831 0.12047 0.04970 0.04316 0.02112 0.18827 0.26593 0.29481 0.31131 0.19296 0.28782 0.36500 0.22672 0.23787 0.07044 0.02836
0.00000 0.00000 0.00000 0.00000 0.01500 0.04595 0.04661 0.04008 0.09078 0.09900 0.11389 0.05135 0.11607 0.11329 0.10209 0.16814 0.34141 0.30572 0.30712 0.29926 0.29614 0.13006 0.06919 0.00000 0.00000
0.00000 0.00000 0.00000 0.00000 0.01271 0.04884 0.04339 0.09382 0.10164 0.10860 0.11838 0.12375 0.11160 0.09996 0.32421 0.17995 0.18947 0.29606 0.31489 0.21019 0.31102 0.05972 0.00000 0.00000 0.00000
0.00000 0.00000 0.00000 0.00000 0.00000 0.00000 0.03888 0.11189 0.04943 0.04620 0.05405 0.13381 0.12126 0.09847 0.02027 0.19828 0.11752 0.19499 0.19166 0.06287 0.02912 0.06054 0.00000 0.00000 0.00000
0.00000 0.00000 0.00000 0.00000 0.00000 0.00000 0.00000 0.03034 0.05281 0.05130 0.05695 0.06545 0.06119 0.00000 0.00000 0.02765 0.12365 0.12828 0.20430 0.02892 0.02868 0.02934 0.00000 0.00000 0.00000
0.00000 0.00000 0.00000 0.00000 0.00000 0.00000 0.00000 0.00000 0.02843 0.02725 0.02803 0.00000 0.00000 0.00000 0.00000 0.02765 0.02815 0.02909 0.03025 0.00000 0.00000 0.00000 0.00000 0.00000 0.00000
