# name=rect_rotated_scattered field=200x200 stride=8
25 25
0.00000 0.00000 0.00000 0.00000 0.00000 0.00000 0.00000 0.00000 0.00000 0.00000 0.00000 0.00000 0.00000 0.00000 0.00000 0.00000 0.00000 0.00000 0.00000 0.00000 0.00000 0.00000 0.00000 0.00000 0.00000
0.00000 0.00000 0.00000 0.00000 0.00000 0.00000 0.02694 0.02840 0.00000 0.00000 0.00000 0.00000 0.00000 0.00000 0.00000 0.00000 0.00000 0.00000 0.00000 0.00000 0.00000 0.00000 0.00000 0.00000 0.00000
0.00000 0.00000 0.00000 0.00000 0.00000 0.00000 0.02680 0.02916 0.03777 0.00000 0.00000 0.00000 0.00000 0.00000 0.00000 0.00000 0.00000 0.00000 0.00000 0.00000 0.00000 0.00000 0.00000 0.00000 0.00000
0.00000 0.00000 0.00000 0.00000 0.00000 0.02828 0.02674 0.02567 0.03302 0.00000 0.00000 0.00000 0.00000 0.00000 0.00000 0.00000 0.00000 0.00000 0.00000 0.00000 0.00000 0.00000 0.00000 0.00000 0.00000
0.00000 0.00000 0.00000 0.00000 0.00000 0.02799 0.02056 0.02195 0.02816 0.00000 0.00000 0.00000 0.00000 0.00000 0.00000 0.00000 0.00000 0.01777 0.00000 0.00000 0.00000 0.00000 0.00000 0.00000 0.00000
0.00000 0.00000 0.00000 0.00000 0.01079 0.02964 0.01529 0.01598 0.00000 0.01816 0.03832 0.00000 0.00000 0.00000 0.00000 0.00000 0.00000 0.00000 0.00000 0.04696 0.03216 0.01763 0.02096 0.00000 0.00000
0.00000 0.00000 0.00000 0.00000 0.03294 0.01295 0.00933 0.09329 0.02490 0.02394 0.04916 0.06743 0.04100 0.00000 0.00000 0.00000 0.00000 0.00000 0.07530 0.05037 0.03963 0.01998 0.02323 0.02707 0.00000
0.00000 0.00000 0.00000 0.00000 0.01500 0.01785 0.05867 0.02781 0.02706 0.06139 0.05611 0.07460 0.08006 0.00000 0.00000 0.00000 0.01876 0.00000 0.13196 0.23709 0.21923 0.02401 0.02524 0.02945 0.03154
0.00000 0.00000 0.04517 0.05283 0.01524 0.01671 0.05476 0.06181 0.02804 0.06198 0.23827 0.07261 0.07279 0.07655 0.07546 0.05485 0.04777 0.00000 0.14531 0.15192 0.16784 0.07092 0.02747 0.02793 0.02945
0.00000 0.05597 0.06013 0.06475 0.06916 0.05866 0.10548 0.10281 0.02321 0.10247 0.23950 0.06472 0.06548 0.06704 0.06571 0.12604 0.04289 0.00000 0.27965 0.15658 0.02841 0.07174 0.05813 0.05786 0.05821
0.00000 0.02806 0.02914 0.03075 0.06343 0.05577 0.10189 0.08614 0.01729 0.08210 0.05153 0.04994 0.05915 0.02819 0.02575 0.12852 0.00000 0.00000 0.31888 0.16671 0.14825 0.12045 0.04888 0.00000 0.00000
0.00000 0.02532 0.02524 0.02550 0.05073 0.04436 0.00000 0.00988 0.01894 0.01516 0.01446 0.00000 0.07737 0.04868 0.04363 0.02353 0.02118 0.15405 0.17722 0.15620 0.13610 0.12805 0.05784 0.00000 0.00000
0.02502 0.02483 0.02403 0.04955 0.04529 0.05208 0.02463 0.00000 0.02281 0.02047 0.02011 0.04829 0.05028 0.07161 0.05951 0.08550 0.02063 0.11934 0.13873 0.15537 0.06766 0.22266 0.06182 0.06892 0.02839
0.05453 0.05662 0.05901 0.13492 0.17001 0.04990 0.00000 0.01955 0.02104 0.02196 0.04704 0.04996 0.05214 0.07802 0.06609 0.03605 0.10098 0.11543 0.12617 0.14530 0.22448 0.05095 0.05795 0.06335 0.02784
0.05383 0.05664 0.05978 0.14361 0.11571 0.09982 0.00000 0.00000 0.05820 0.07778 0.05228 0.04408 0.04700 0.09334 0.04769 0.02101 0.02263 0.01895 0.10867 0.06013 0.21714 0.11489 0.12946 0.15064 0.17092
0.00000 0.05324 0.05658 0.13733 0.14237 0.11278 0.00000 0.00000 0.06782 0.08871 0.04730 0.04862 0.05079 0.10464 0.02397 0.02350 0.02552 0.04132 0.04721 0.05270 0.33219 0.31254 0.32467 0.16784 0.16905
0.00000 0.00000 0.00000 0.15450 0.22927 0.22964 0.15065 0.43317 0.14862 0.13904 0.04017 0.04455 0.04883 0.15295 0.01764 0.01655 0.03715 0.01587 0.04337 0.04245 0.37498 0.38975 0.38822 0.17059 0.00000
0.00000 0.00000 0.00000 0.33439 0.32829 0.36591 0.13595 0.42171 0.41572 0.16481 0.05803 0.01379 0.09696 0.09719 0.09391 0.00925 0.01389 0.01783 0.02383 0.03032 0.12520 0.15645 0.17951 0.00000 0.00000
0.00000 0.00000 0.01769 0.01907 0.11585 0.33674 0.15749 0.44582 0.45817 0.02475 0.05583 0.04936 0.04380 0.12016 0.02546 0.05520 0.01292 0.01436 0.01403 0.09095 0.06401 0.16530 0.19681 0.00000 0.00000
0.00000 0.00000 0.02413 0.15371 0.15989 0.14385 0.39991 0.02802 0.04847 0.18207 0.23930 0.21994 0.11196 0.06327 0.05971 0.05394 0.11401 0.01737 0.04820 0.05091 0.12846 0.06904 0.08519 0.04187 0.00000
0.00000 0.03196 0.07346 0.06540 0.06380 0.40874 0.37245 0.02321 0.02562 0.40599 0.41172 0.03043 0.07021 0.14222 0.32956 0.04458 0.04865 0.05589 0.06221 0.05835 0.16276 0.07386 0.04003 0.04026 0.04086
0.00000 0.03114 0.03103 0.06810 0.27717 0.40652 0.11856 0.11186 0.01976 0.21691 0.22373 0.00000 0.06383 0.14540 0.32998 0.27215 0.02561 0.02970 0.17673 0.06541 0.04931 0.00000 0.04034 0.04011 0.00000
0.03104 0.03136 0.03212 0.03330 0.29510 0.27039 0.12483 0.11645 0.00000 0.06327 0.24871 0.00000 0.03199 0.14280 0.31909 0.24758 0.02991 0.03502 0.16332 0.00000 0.00000 0.00000 0.00000 0.00000 0.00000
0.00000 0.03358 0.03507 0.03662 0.07576 0.03174 0.02864 0.02821 0.00000 0.00000 0.00000 0.00000 0.03495 0.02906 0.02984 0.07741 0.03505 0.03457 0.15191 0.00000 0.00000 0.00000 0.00000 0.00000 0.00000
0.00000 0.00000 0.00000 0.00000 0.03729 0.03223 0.02881 0.02820 0.00000 0.00000 0.00000 0.00000 0.03875 0.03317 0.03255 0.03516 0.03614 0.03516 0.03459 0.00000 0.00000 0.00000 0.00000 0.00000 0.00000
