# name=grid_sheared field=200x200 stride=8
25 25
0.79998 0.89173 0.90949 0.94901 0.95223 0.94155 0.97763 0.94155 0.97763 0.94155 0.97763 0.94155 0.97763 0.94155 0.97763 0.94155 0.97763 0.94155 0.97763 0.97764 0.97763 0.97763 0.97762 0.97761 0.97760
0.85886 0.88527 0.93573 0.94120 0.95932 0.94193 0.95894 0.94193 0.95894 0.94193 0.95894 0.94193 0.95894 0.94193 0.95894 0.94193 0.95894 0.94193 0.95894 0.97757 0.97754 0.97755 0.97752 0.97752 0.97749
0.85285 0.93263 0.94845 0.96295 0.95692 0.97746 0.95660 0.97746 0.95660 0.97746 0.95660 0.97746 0.95660 0.97746 0.95660 0.97746 0.95660 0.97746 0.95660 0.97746 0.97745 0.97745 0.97744 0.97743 0.97741
0.93921 0.94079 0.94330 0.96926 0.96659 0.96375 0.96630 0.96375 0.96630 0.96375 0.96630 0.96375 0.96630 0.96375 0.96630 0.96375 0.96630 0.96375 0.96667 0.97736 0.97737 0.97736 0.97736 0.97735 0.97734
0.93964 0.96543 0.97033 0.97779 0.96967 0.97731 0.96972 0.97731 0.96972 0.97731 0.96972 0.97731 0.96972 0.97731 0.96972 0.97731 0.96972 0.97731 0.97005 0.97730 0.97153 0.97731 0.97730 0.97730 0.97727
0.89927 0.95466 0.95813 0.97772 0.97748 0.96810 0.97727 0.96408 0.97748 0.96810 0.97727 0.96408 0.97748 0.96810 0.97727 0.96408 0.97748 0.96810 0.97727 0.96580 0.97743 0.97739 0.97727 0.97753 0.97767
0.88433 0.90904 0.95753 0.94520 0.97771 0.97769 0.97777 0.96066 0.97771 0.97769 0.97777 0.96066 0.97771 0.97769 0.97777 0.96066 0.97771 0.97769 0.97774 0.96275 0.97761 0.97754 0.97775 0.97784 0.97810
0.77244 0.91732 0.97111 0.94305 0.97804 0.96333 0.97210 0.96333 0.97804 0.96333 0.97210 0.96333 0.97804 0.96333 0.97210 0.96333 0.97804 0.96333 0.97810 0.97801 0.97787 0.97800 0.97811 0.97838 0.97878
0.88749 0.91026 0.96375 0.94718 0.96547 0.96407 0.97834 0.96433 0.97824 0.96407 0.97834 0.96433 0.97824 0.96407 0.97834 0.96433 0.97824 0.96407 0.97834 0.96530 0.97806 0.97823 0.97843 0.97879 0.97927
0.82317 0.91167 0.94591 0.94172 0.96547 0.96372 0.97041 0.97219 0.97014 0.96372 0.97041 0.97219 0.97014 0.96372 0.97041 0.97219 0.97014 0.96372 0.97041 0.97827 0.97133 0.97830 0.96983 0.97892 0.97940
0.85232 0.91882 0.93575 0.96598 0.97829 0.97807 0.97812 0.97807 0.97803 0.97807 0.97812 0.97807 0.97803 0.97807 0.97812 0.97807 0.97803 0.97807 0.97812 0.97800 0.96462 0.97808 0.96589 0.97864 0.97922
0.94092 0.94189 0.94559 0.97052 0.96196 0.97766 0.96993 0.97766 0.96168 0.97766 0.96993 0.97766 0.96168 0.97766 0.96993 0.97766 0.96168 0.97766 0.97774 0.97763 0.96481 0.97162 0.97793 0.97815 0.97858
0.94331 0.96653 0.97817 0.97791 0.97767 0.97744 0.96966 0.97744 0.97746 0.97744 0.96966 0.97744 0.97746 0.97744 0.96966 0.97744 0.97746 0.97744 0.97000 0.97742 0.97742 0.97738 0.97146 0.97774 0.97801
0.89927 0.95466 0.95813 0.97772 0.97748 0.96810 0.97727 0.96408 0.97748 0.96810 0.97727 0.96408 0.97748 0.96810 0.97727 0.96408 0.97748 0.96810 0.97727 0.96580 0.97743 0.97739 0.97206 0.96813 0.96282
0.88433 0.90904 0.95753 0.94520 0.97771 0.97769 0.97777 0.96066 0.97771 0.97769 0.97777 0.96066 0.97771 0.97769 0.97777 0.96066 0.97771 0.97769 0.97774 0.96275 0.97761 0.97754 0.97775 0.97784 0.96555
0.77244 0.91732 0.97111 0.94305 0.97804 0.96333 0.97210 0.96333 0.97804 0.96333 0.97210 0.96333 0.97804 0.96333 0.97210 0.96333 0.97804 0.96333 0.97810 0.97801 0.97787 0.97800 0.97811 0.97838 0.97878
0.88749 0.91026 0.96375 0.94718 0.96547 0.96407 0.97834 0.96433 0.97824 0.96407 0.97834 0.96433 0.97824 0.96407 0.97834 0.96433 0.97824 0.96407 0.97834 0.96530 0.97806 0.97823 0.97843 0.97879 0.97927
0.82317 0.91167 0.94591 0.94172 0.96547 0.96372 0.97041 0.97219 0.97014 0.96372 0.97041 0.97219 0.97014 0.96372 0.97041 0.97219 0.97014 0.96372 0.97041 0.97827 0.97133 0.97830 0.96983 0.97892 0.97940
0.85232 0.91882 0.93575 0.96598 0.97829 0.97807 0.97812 0.97807 0.97803 0.97807 0.97812 0.97807 0.97803 0.97807 0.97812 0.97807 0.97803 0.97807 0.97812 0.97800 0.96462 0.97808 0.96589 0.97864 0.97922
0.94092 0.95345 0.96374 0.97827 0.97794 0.97764 0.97774 0.97764 0.97769 0.97764 0.97774 0.97764 0.97769 0.97764 0.97774 0.97764 0.97769 0.97764 0.97772 0.97761 0.97761 0.97196 0.97791 0.97808 0.97851
0.93046 0.96795 0.96067 0.97782 0.97761 0.97742 0.97081 0.97742 0.97743 0.97742 0.97081 0.97742 0.97743 0.97742 0.97081 0.97742 0.97743 0.97742 0.97106 0.97740 0.97740 0.97737 0.97738 0.97767 0.97789
0.97829 0.97795 0.97769 0.97749 0.97727 0.97727 0.97727 0.97727 0.97727 0.97727 0.97727 0.97727 0.97727 0.97727 0.97727 0.97727 0.97727 0.97727 0.97727 0.97727 0.97727 0.97727 0.97327 0.96985 0.95224
0.94475 0.95443 0.97745 0.96242 0.97727 0.97727 0.97727 0.97727 0.97727 0.97727 0.97727 0.97727 0.97727 0.97727 0.97727 0.97727 0.97727 0.97727 0.97727 0.97727 0.97727 0.97727 0.97727 0.97727 0.96709
0.93308 0.97727 0.97727 0.97727 0.97727 0.97727 0.97727 0.97727 0.97727 0.97727 0.97727 0.97727 0.97727 0.97727 0.97727 0.97727 0.97727 0.97727 0.97727 0.97727 0.97727 0.97727 0.97727 0.97727 0.97727
0.60808 0.95630 0.97727 0.96383 0.97727 0.97727 0.97727 0.97727 0.97727 0.97727 0.97727 0.97727 0.97727 0.97727 0.97727 0.97727 0.97727 0.97727 0.97727 0.97727 0.97727 0.97727 0.97727 0.97727 0.97727
