# name=mixed_regions field=200x200 stride=8
25 25
0.00000 0.00000 0.50295 0.00000 0.87825 0.87575 0.87825 0.87575 0.45557 0.00000 0.52806 0.00000 0.00000 0.00000 0.00000 0.00000 0.00000 0.00000 0.00000 0.00000 0.00000 0.00000 0.00000 0.00000 0.00000
0.00000 0.52211 1.00000 0.93222 1.00000 0.95167 1.00000 0.95167 1.00000 0.95852 1.00000 0.53470 0.12433 0.00000 0.00000 0.00000 0.00000 0.00000 0.00000 0.00000 0.00000 0.00000 0.00000 0.00000 0.00000
0.50295 1.00000 0.95276 1.00000 0.96239 1.00000 0.96239 1.00000 0.98026 1.00000 0.97159 1.00000 0.11783 0.06090 0.00000 0.00000 0.00000 0.00000 0.00000 0.00000 0.00000 0.00000 0.00000 0.00000 0.00000
0.00000 0.93222 1.00000 1.00000 1.00000 1.00000 1.00000 1.00000 1.00000 1.00000 1.00000 0.89632 0.49939 0.05636 0.00000 0.00000 0.00000 0.00000 0.00000 0.00000 0.00000 0.00000 0.00000 0.00000 0.00000
0.87825 1.00000 0.96239 1.00000 0.98851 1.00000 0.98851 1.00000 0.98451 1.00000 0.97764 0.90428 0.00000 0.00000 0.00000 0.00000 0.00000 0.00000 0.00000 0.00000 0.75622 0.83011 0.88355 0.91028 0.93218
0.87575 0.95167 1.00000 1.00000 1.00000 1.00000 1.00000 1.00000 1.00000 1.00000 0.96735 0.89061 0.00000 0.00000 0.00000 0.00000 0.00000 0.00000 0.00000 0.00000 0.77361 0.86919 0.90233 0.92943 0.92821
0.87825 1.00000 0.96239 1.00000 0.98851 1.00000 0.98851 1.00000 0.98451 1.00000 0.97764 0.90428 0.00000 0.00000 0.00000 0.00000 0.00000 0.00000 0.00000 0.00000 0.79465 0.87212 0.92872 0.92824 0.92740
0.87575 0.95167 1.00000 1.00000 1.00000 1.00000 1.00000 1.00000 1.00000 1.00000 0.96735 0.87958 0.00000 0.00000 0.00000 0.00000 0.00000 0.00000 0.00000 0.00000 0.80139 0.87927 0.90295 0.92848 0.92720
0.87825 1.00000 0.96239 1.00000 0.98851 1.00000 0.98851 1.00000 0.98451 1.00000 0.97764 0.80242 0.40280 0.31004 0.22055 0.19478 0.26417 0.55113 0.70876 0.81261 0.77959 0.87990 0.91551 0.90588 0.93290
0.87575 0.95167 1.00000 1.00000 1.00000 1.00000 1.00000 1.00000 1.00000 1.00000 0.96735 0.82606 0.40033 0.30042 0.36771 0.33977 0.63588 0.69537 0.71334 0.82211 0.82152 0.90774 0.86313 0.88838 0.62628
0.87825 1.00000 0.96239 1.00000 0.98851 1.00000 0.98851 1.00000 0.98451 1.00000 0.95310 0.83603 0.36399 0.45508 0.33087 0.31274 0.59542 0.71200 0.72334 0.83911 0.85893 0.94589 0.94456 0.92932 0.86502
0.87575 0.95167 1.00000 1.00000 1.00000 1.00000 1.00000 1.00000 1.00000 1.00000 0.94351 0.82958 0.47821 0.45439 0.29087 0.28165 0.61028 0.76437 0.75080 0.84132 0.91088 0.94524 0.94379 0.94185 0.87263
0.87825 1.00000 0.96239 1.00000 0.98851 1.00000 0.98851 1.00000 0.98451 1.00000 0.97764 0.89103 0.17237 0.08174 0.00000 0.13884 0.54386 0.67799 0.77639 0.85769 0.88864 0.90937 0.91016 0.91474 0.62353
0.87575 0.95167 1.00000 1.00000 1.00000 1.00000 1.00000 1.00000 1.00000 1.00000 0.96735 0.88188 0.49411 0.41210 0.40215 0.57166 0.79890 0.71289 0.82443 0.82954 0.87471 0.90015 0.89488 0.88336 0.57315
0.87825 1.00000 0.96239 1.00000 0.98851 1.00000 0.98851 1.00000 0.98451 1.00000 0.97764 0.89324 0.47184 0.67729 0.75620 0.77649 0.82561 0.80460 0.79784 0.75278 0.81229 0.85211 0.82171 0.85238 0.54550
0.87575 0.95167 1.00000 1.00000 1.00000 1.00000 1.00000 1.00000 1.00000 1.00000 0.96735 0.87781 0.52856 0.82123 0.86713 0.84212 0.87881 0.86342 0.81788 0.74079 0.84303 0.84791 0.88899 0.83069 0.82913
0.87825 1.00000 0.96239 1.00000 0.98851 1.00000 0.98851 1.00000 0.98451 1.00000 0.97764 0.88570 0.87331 0.84258 0.86758 0.83133 0.85788 0.81882 0.59922 0.78735 0.50004 0.62099 0.74457 0.79038 0.00000
0.87575 0.95167 1.00000 1.00000 1.00000 1.00000 1.00000 1.00000 1.00000 1.00000 0.96735 0.87695 0.83657 0.76111 0.78249 0.76850 0.84395 0.80554 0.72369 0.76838 0.69815 0.76455 0.82152 0.84461 0.00000
0.87825 1.00000 0.98171 1.00000 1.00000 1.00000 1.00000 1.00000 1.00000 1.00000 1.00000 0.83625 0.69689 0.57309 0.64394 0.64990 0.79967 0.71712 0.67285 0.80526 0.82699 0.89536 0.90658 0.95357 0.00000
0.96028 0.98397 1.00000 1.00000 1.00000 1.00000 1.00000 1.00000 1.00000 1.00000 0.97195 0.90097 0.51349 0.39189 0.51657 0.53825 0.70914 0.69572 0.65453 0.87923 0.88712 0.95455 0.95538 0.95646 0.00000
0.72302 1.00000 0.98488 1.00000 0.98815 1.00000 0.98815 1.00000 1.00000 1.00000 1.00000 0.85667 0.00000 0.00000 0.00000 0.00000 0.41150 0.65978 0.70105 0.81833 0.00000 0.00000 0.00000 0.00000 0.00000
0.53881 0.97255 1.00000 1.00000 1.00000 1.00000 1.00000 1.00000 1.00000 1.00000 0.97418 0.89534 0.00000 0.00000 0.00000 0.00000 0.62734 0.66971 0.73395 0.82626 0.00000 0.00000 0.00000 0.00000 0.00000
0.74699 1.00000 1.00000 1.00000 1.00000 1.00000 1.00000 1.00000 1.00000 1.00000 1.00000 0.69841 0.00000 0.00000 0.00000 0.00000 0.62985 0.36701 0.48349 0.84909 0.00000 0.00000 0.00000 0.00000 0.00000
0.62600 0.77956 1.00000 1.00000 1.00000 1.00000 1.00000 1.00000 1.00000 1.00000 0.78170 0.77646 0.00000 0.00000 0.00000 0.00000 0.27879 0.46406 0.52349 0.56476 0.00000 0.00000 0.00000 0.00000 0.00000
0.66667 0.81650 0.81650 0.81650 1.00000 1.00000 1.00000 1.00000 0.81650 0.81650 0.81650 0.66667 0.00000 0.00000 0.00000 0.00000 0.00000 0.00000 0.00000 0.00000 0.00000 0.00000 0.00000 0.00000 0.00000
