# name=row_only field=200x200 stride=8
25 25
0.00000 0.00000 0.00000 0.00000 0.00000 0.00000 0.00000 0.00000 0.56370 0.57298 0.56465 0.33333 0.00000 0.00000 0.00000 0.00000 0.00000 0.00000 0.00000 0.00000 0.00000 0.00000 0.00000 0.00000 0.00000
0.00000 0.17069 0.57658 0.54648 0.81237 0.75886 0.55565 0.89914 0.92075 0.90553 0.94303 0.85670 0.90520 0.91978 0.89444 0.96531 0.85339 0.94843 0.94194 0.82644 0.82652 0.84783 0.69774 0.73261 0.00000
0.21288 0.21288 0.59002 0.86601 0.85623 0.84953 0.88845 0.92082 0.96875 0.96098 0.95595 0.98891 0.92915 0.98996 0.99010 0.95978 1.00000 0.96391 0.96354 0.95603 0.88327 0.91080 0.80304 0.82977 0.85397
0.30267 0.31020 0.75315 0.96340 0.90982 0.97067 0.94645 0.96541 0.95041 0.98126 0.94001 0.99037 0.96015 0.97865 0.99251 0.97361 0.97643 0.98039 0.95286 0.99282 0.96998 0.98659 0.93062 0.89836 1.00000
0.66667 0.85942 0.89423 0.97224 0.98723 0.98911 1.00000 0.98711 0.98774 0.98121 0.99217 1.00000 0.96236 0.99000 0.98496 0.98447 0.98654 0.98687 0.98798 1.00000 0.98327 0.96282 0.96557 0.96688 0.94764
0.51431 0.89258 0.90469 0.93880 0.97913 0.95935 0.98634 0.97562 0.97898 0.94714 0.96473 0.91706 0.90974 0.94862 0.96952 0.97278 0.98273 0.94127 0.96137 0.99042 0.95792 0.96557 0.98497 1.00000 1.00000
0.54100 0.78972 0.83647 0.94498 0.93362 0.95426 0.97792 0.98290 0.94139 0.91643 0.90017 0.93681 0.91051 0.96888 1.00000 0.96721 0.99051 0.97861 0.96938 0.98909 1.00000 0.98051 1.00000 1.00000 1.00000
0.16667 0.75279 0.88074 0.90854 0.91426 0.95039 0.92526 0.96718 0.93586 0.93615 0.90948 0.83709 0.91495 0.94629 0.94883 0.94487 0.95299 0.99136 0.99177 1.00000 1.00000 1.00000 1.00000 1.00000 0.75061
0.00000 0.56323 0.89967 0.90598 0.91880 0.95401 0.92327 0.93790 0.96061 0.96407 0.92534 0.90773 0.92543 0.94094 0.91890 0.93950 0.91440 0.88991 0.87669 0.89746 0.98450 0.98820 1.00000 1.00000 0.75410
0.00000 0.00000 0.90119 0.88058 0.92569 0.94625 0.91274 0.91273 0.95367 0.93698 0.92948 0.91446 0.90010 0.93391 0.90125 0.94609 0.90971 0.86841 0.87830 0.92707 0.98886 0.97485 1.00000 1.00000 0.81650
0.00000 0.00000 0.75536 0.87992 0.93510 0.84845 0.93617 0.92405 0.94793 0.91930 0.86132 0.93607 0.91868 0.85981 0.94999 0.92822 0.92981 0.88096 0.86830 0.93016 0.95380 0.99054 1.00000 1.00000 1.00000
0.00000 0.00000 0.81567 0.90211 0.87155 0.91364 0.94470 0.96452 0.96834 0.88035 0.93433 0.92238 0.93878 0.92467 0.95261 0.95367 0.83552 0.90245 0.92034 0.93075 0.95581 0.98568 1.00000 1.00000 1.00000
0.00000 0.00000 0.82753 0.85646 0.89163 0.89743 0.91595 0.96722 0.93573 0.94159 0.89322 0.81245 0.94276 0.88345 0.95215 0.94184 0.95442 0.96654 0.97449 0.94255 0.91221 0.97441 1.00000 1.00000 0.81650
0.00000 0.38343 0.75562 0.85725 0.84982 0.94549 0.95706 0.97149 0.86792 0.90576 0.93531 0.92788 0.97273 0.96811 0.95319 0.93945 0.96555 1.00000 0.97583 0.97865 0.94301 0.97609 0.98570 1.00000 1.00000
0.00000 0.00000 0.50232 0.87630 0.86297 0.88234 0.94495 0.90793 0.89721 0.90337 0.88695 0.89312 0.95451 0.91945 0.87152 0.87171 0.94007 0.86368 0.95873 0.98212 0.93672 0.98196 1.00000 1.00000 1.00000
0.00000 0.00000 0.79841 0.87728 0.98895 0.98515 0.97669 0.98248 0.91605 0.93692 0.95030 0.95047 0.85230 0.92520 0.88870 0.94488 0.94882 0.93061 0.84537 0.97880 0.98494 1.00000 1.00000 1.00000 1.00000
0.00000 0.00000 0.40680 0.91872 0.86812 0.86532 0.86231 0.85640 0.96978 0.95453 0.92108 0.98097 0.94938 0.93993 0.88607 0.87742 0.91042 0.90489 0.93822 0.98597 0.99130 0.95622 0.98316 1.00000 1.00000
0.45172 0.42646 0.87259 0.93832 0.97951 0.95885 0.90418 0.85879 0.98409 0.98017 0.93918 0.97643 0.93393 0.90266 0.95527 0.89577 0.91234 0.93781 0.91690 0.98591 1.00000 0.96419 0.98846 1.00000 1.00000
0.53171 0.80410 0.94355 0.94077 1.00000 0.98179 0.92364 0.91360 0.98393 0.97304 0.98239 0.93383 0.96764 0.96010 0.97810 0.90836 0.94611 0.95155 0.98716 0.98650 1.00000 1.00000 1.00000 1.00000 1.00000
0.68925 0.92969 0.97935 0.97635 0.96894 0.95192 0.94231 0.96391 0.99372 0.97432 0.97028 0.97929 0.97722 0.99282 0.99303 0.98172 0.97947 0.94599 1.00000 0.99004 1.00000 1.00000 1.00000 1.00000 1.00000
0.75803 0.94949 0.95192 0.97880 0.97920 0.98143 0.98170 0.98746 0.94093 0.95510 0.95747 0.95712 0.98057 0.97274 0.98481 0.99185 0.99066 0.97339 0.97030 0.98853 0.99278 0.99604 1.00000 1.00000 0.00000
0.86239 1.00000 0.97910 0.98072 0.99084 0.99399 0.98610 0.99437 0.98376 0.98608 0.98117 0.97197 0.99179 0.97603 0.99394 0.98532 0.98687 0.98176 0.98822 0.99044 1.00000 1.00000 0.99487 1.00000 0.00000
0.90519 1.00000 1.00000 1.00000 1.00000 1.00000 1.00000 0.99305 1.00000 1.00000 0.99167 1.00000 1.00000 1.00000 1.00000 1.00000 1.00000 1.00000 1.00000 1.00000 1.00000 1.00000 1.00000 1.00000 0.00000
0.61656 0.95018 0.98767 1.00000 1.00000 1.00000 0.98972 0.96452 1.00000 0.98415 1.00000 0.98747 0.98602 0.98407 1.00000 0.99002 0.96782 1.00000 0.97532 0.99084 1.00000 1.00000 1.00000 1.00000 0.00000
0.66667 0.66667 0.81650 0.81650 1.00000 1.00000 1.00000 1.00000 0.81650 0.81650 0.81650 0.81650 0.81650 0.81650 0.81650 0.81650 1.00000 1.00000 1.00000 1.00000 0.81650 0.81650 0.81650 0.81650 0.00000
