# name=grid_streets_mixed field=200x200 stride=8
25 25
0.55309 0.52642 1.00000 0.91642 0.94494 0.93931 0.96383 0.92727 0.96261 0.98394 0.97269 0.98588 0.97101 1.00000 0.96812 0.97009 0.97362 0.97718 1.00000 1.00000 0.93612 0.97391 1.00000 1.00000 0.81650
0.52251 1.00000 0.96862 1.00000 0.97400 1.00000 0.97011 0.97578 0.96913 0.97351 1.00000 0.98775 1.00000 0.98352 1.00000 1.00000 0.97735 1.00000 1.00000 1.00000 1.00000 0.97760 1.00000 1.00000 0.81650
0.95391 0.96009 0.97746 0.97160 0.99044 1.00000 1.00000 0.99117 1.00000 1.00000 1.00000 1.00000 1.00000 1.00000 1.00000 1.00000 1.00000 1.00000 0.99373 1.00000 1.00000 1.00000 1.00000 1.00000 0.81650
0.45991 1.00000 0.97715 1.00000 0.99117 1.00000 0.98634 0.98242 1.00000 0.98775 1.00000 1.00000 1.00000 0.98819 1.00000 1.00000 1.00000 1.00000 1.00000 1.00000 1.00000 1.00000 1.00000 1.00000 0.81650
0.94625 0.97588 0.97860 0.98731 0.96566 0.98611 0.99093 0.99183 1.00000 1.00000 1.00000 0.99322 1.00000 0.98765 0.98927 0.99027 1.00000 1.00000 1.00000 1.00000 1.00000 1.00000 1.00000 1.00000 0.81650
0.88734 1.00000 0.97604 1.00000 0.98708 1.00000 0.99177 0.99053 1.00000 0.99009 1.00000 1.00000 1.00000 1.00000 1.00000 1.00000 1.00000 1.00000 1.00000 1.00000 1.00000 1.00000 1.00000 1.00000 0.81650
0.88322 1.00000 0.97765 1.00000 0.98594 1.00000 1.00000 0.99120 1.00000 0.99080 1.00000 1.00000 1.00000 1.00000 1.00000 1.00000 1.00000 1.00000 1.00000 1.00000 1.00000 1.00000 1.00000 1.00000 0.81650
0.88502 0.94217 0.97952 1.00000 0.98574 1.00000 1.00000 0.99193 1.00000 0.99156 1.00000 1.00000 1.00000 1.00000 1.00000 1.00000 1.00000 1.00000 1.00000 1.00000 1.00000 1.00000 1.00000 1.00000 0.81650
0.89006 1.00000 0.97555 1.00000 1.00000 1.00000 0.99161 0.99033 1.00000 0.98989 1.00000 0.97845 1.00000 1.00000 1.00000 1.00000 1.00000 1.00000 0.99370 1.00000 1.00000 1.00000 1.00000 1.00000 1.00000
1.00000 1.00000 1.00000 1.00000 0.98458 1.00000 1.00000 0.99310 1.00000 1.00000 1.00000 0.98763 1.00000 1.00000 0.99509 0.99092 1.00000 1.00000 0.99040 1.00000 1.00000 1.00000 1.00000 1.00000 1.00000
0.95777 1.00000 1.00000 1.00000 0.99286 1.00000 1.00000 1.00000 1.00000 1.00000 1.00000 1.00000 1.00000 1.00000 1.00000 1.00000 1.00000 1.00000 1.00000 1.00000 1.00000 1.00000 1.00000 1.00000 1.00000
0.98550 0.98735 1.00000 1.00000 1.00000 1.00000 1.00000 1.00000 1.00000 1.00000 1.00000 1.00000 1.00000 1.00000 1.00000 1.00000 1.00000 1.00000 1.00000 1.00000 1.00000 1.00000 1.00000 1.00000 1.00000
0.96073 1.00000 1.00000 1.00000 1.00000 1.00000 1.00000 1.00000 1.00000 1.00000 1.00000 1.00000 1.00000 1.00000 1.00000 1.00000 1.00000 1.00000 1.00000 1.00000 1.00000 1.00000 1.00000 1.00000 0.81650
1.00000 1.00000 1.00000 1.00000 1.00000 1.00000 1.00000 1.00000 1.00000 1.00000 1.00000 1.00000 1.00000 1.00000 1.00000 1.00000 1.00000 1.00000 1.00000 1.00000 1.00000 1.00000 1.00000 1.00000 0.81650
1.00000 1.00000 1.00000 1.00000 1.00000 1.00000 1.00000 1.00000 1.00000 1.00000 1.00000 1.00000 1.00000 1.00000 1.00000 1.00000 1.00000 1.00000 1.00000 1.00000 1.00000 1.00000 1.00000 1.00000 0.81650
0.97617 0.97903 1.00000 0.98611 1.00000 1.00000 1.00000 1.00000 1.00000 1.00000 1.00000 1.00000 1.00000 1.00000 1.00000 1.00000 1.00000 1.00000 0.99576 1.00000 1.00000 1.00000 1.00000 1.00000 0.81650
0.92391 1.00000 1.00000 1.00000 1.00000 1.00000 1.00000 1.00000 1.00000 1.00000 1.00000 1.00000 1.00000 1.00000 1.00000 1.00000 1.00000 1.00000 1.00000 1.00000 1.00000 1.00000 1.00000 1.00000 0.81650
0.92448 0.93418 1.00000 1.00000 1.00000 1.00000 1.00000 1.00000 1.00000 1.00000 1.00000 1.00000 1.00000 1.00000 1.00000 1.00000 1.00000 1.00000 1.00000 1.00000 1.00000 1.00000 1.00000 1.00000 0.81650
0.86848 1.00000 0.98199 1.00000 0.99229 1.00000 1.00000 0.98979 1.00000 0.98931 1.00000 1.00000 1.00000 0.99513 1.00000 1.00000 1.00000 1.00000 1.00000 1.00000 1.00000 1.00000 1.00000 1.00000 0.81650
1.00000 1.00000 0.98289 1.00000 1.00000 1.00000 1.00000 1.00000 1.00000 1.00000 1.00000 1.00000 1.00000 1.00000 1.00000 1.00000 1.00000 1.00000 1.00000 1.00000 1.00000 1.00000 1.00000 1.00000 0.81650
0.67617 1.00000 0.98124 1.00000 1.00000 1.00000 1.00000 0.98558 1.00000 0.98421 1.00000 0.99254 1.00000 1.00000 1.00000 1.00000 1.00000 1.00000 1.00000 1.00000 1.00000 1.00000 1.00000 1.00000 0.81650
0.93934 1.00000 0.98420 1.00000 1.00000 1.00000 1.00000 0.99258 1.00000 1.00000 1.00000 1.00000 1.00000 1.00000 1.00000 1.00000 1.00000 1.00000 1.00000 1.00000 1.00000 1.00000 1.00000 1.00000 0.81650
0.72673 0.97840 0.98404 0.98475 1.00000 1.00000 1.00000 1.00000 0.99420 0.98729 0.99227 1.00000 1.00000 1.00000 0.99401 1.00000 1.00000 1.00000 1.00000 1.00000 1.00000 1.00000 1.00000 1.00000 0.81650
0.76529 1.00000 1.00000 1.00000 1.00000 1.00000 1.00000 1.00000 1.00000 1.00000 1.00000 1.00000 1.00000 1.00000 1.00000 1.00000 1.00000 1.00000 1.00000 1.00000 1.00000 1.00000 1.00000 1.00000 0.81650
0.66667 0.81650 0.81650 0.81650 0.81650 0.81650 0.81650 0.81650 1.00000 1.00000 1.00000 1.00000 1.00000 1.00000 1.00000 1.00000 0.81650 0.81650 0.81650 0.81650 0.81650 0.81650 0.81650 0.81650 0.66667
