# name=grid_streets_w3 field=200x200 stride=8
25 25
0.54652 0.52115 0.95097 0.90044 0.96557 0.93563 0.96875 0.71909 0.97172 0.87840 0.97449 0.93563 0.96557 0.98360 0.96218 0.98160 0.98160 0.97942 0.98360 1.00000 1.00000 0.95050 0.94959 0.96812 0.66667
0.52115 1.00000 0.95713 1.00000 0.97102 0.97575 1.00000 0.97863 1.00000 0.97863 1.00000 0.97575 0.97102 0.97256 0.96833 0.96905 0.96905 0.96833 0.97256 1.00000 0.98042 1.00000 0.98190 1.00000 1.00000
0.95097 0.95713 1.00000 1.00000 1.00000 0.99100 1.00000 0.98455 1.00000 0.98455 1.00000 0.99100 1.00000 1.00000 1.00000 1.00000 1.00000 1.00000 1.00000 1.00000 0.98516 1.00000 0.98693 1.00000 1.00000
0.90044 1.00000 1.00000 1.00000 1.00000 0.98613 1.00000 0.98566 1.00000 0.98566 1.00000 0.98613 1.00000 0.98715 1.00000 1.00000 1.00000 1.00000 0.98715 1.00000 0.98687 1.00000 0.98788 1.00000 1.00000
0.96557 0.97102 1.00000 1.00000 1.00000 0.99341 1.00000 1.00000 1.00000 1.00000 1.00000 0.99341 1.00000 1.00000 1.00000 1.00000 1.00000 1.00000 1.00000 1.00000 0.98861 1.00000 1.00000 1.00000 1.00000
0.93563 0.97575 0.99100 0.98613 0.99341 0.96994 1.00000 0.97074 1.00000 0.98605 1.00000 0.98557 0.99341 0.98663 1.00000 1.00000 1.00000 1.00000 0.98663 1.00000 0.98715 1.00000 0.98846 1.00000 1.00000
0.96875 1.00000 1.00000 1.00000 1.00000 1.00000 1.00000 1.00000 1.00000 1.00000 1.00000 1.00000 1.00000 1.00000 1.00000 1.00000 1.00000 1.00000 1.00000 1.00000 1.00000 1.00000 1.00000 1.00000 1.00000
0.71909 0.97863 0.98455 0.98566 1.00000 0.97074 1.00000 0.97213 1.00000 0.98596 1.00000 0.98605 1.00000 0.98618 0.99365 0.98670 0.98670 0.99365 0.98618 1.00000 0.98708 1.00000 0.98836 1.00000 1.00000
0.97172 1.00000 1.00000 1.00000 1.00000 1.00000 1.00000 1.00000 1.00000 1.00000 1.00000 1.00000 1.00000 1.00000 1.00000 1.00000 1.00000 1.00000 1.00000 1.00000 1.00000 1.00000 1.00000 1.00000 1.00000
0.87840 0.97863 0.98455 0.98566 1.00000 0.98605 1.00000 0.98596 1.00000 0.97213 1.00000 0.97074 1.00000 0.98618 0.99365 0.98670 0.98670 0.99365 0.98618 1.00000 0.98708 1.00000 0.98836 1.00000 1.00000
0.97449 1.00000 1.00000 1.00000 1.00000 1.00000 1.00000 1.00000 1.00000 1.00000 1.00000 1.00000 1.00000 1.00000 1.00000 1.00000 1.00000 1.00000 1.00000 1.00000 1.00000 1.00000 1.00000 1.00000 1.00000
0.93563 0.97575 0.99100 0.98613 0.99341 0.98557 1.00000 0.98605 1.00000 0.97074 1.00000 0.96994 0.99341 0.98663 1.00000 1.00000 1.00000 1.00000 0.98663 1.00000 0.98715 1.00000 0.98846 1.00000 1.00000
0.96557 0.97102 1.00000 1.00000 1.00000 0.99341 1.00000 1.00000 1.00000 1.00000 1.00000 0.99341 1.00000 1.00000 1.00000 1.00000 1.00000 1.00000 1.00000 1.00000 0.99351 1.00000 1.00000 1.00000 1.00000
0.98360 0.97256 1.00000 0.98715 1.00000 0.98663 1.00000 0.98618 1.00000 0.98618 1.00000 0.98663 1.00000 0.98761 1.00000 1.00000 1.00000 1.00000 0.98761 1.00000 1.00000 1.00000 1.00000 1.00000 1.00000
0.96218 0.96833 1.00000 1.00000 1.00000 1.00000 1.00000 0.99365 1.00000 0.99365 1.00000 1.00000 1.00000 1.00000 1.00000 1.00000 1.00000 1.00000 1.00000 1.00000 0.99395 1.00000 0.99426 1.00000 1.00000
0.98160 0.96905 1.00000 1.00000 1.00000 1.00000 1.00000 0.98670 1.00000 0.98670 1.00000 1.00000 1.00000 1.00000 1.00000 1.00000 1.00000 1.00000 1.00000 1.00000 1.00000 1.00000 1.00000 1.00000 1.00000
0.98160 0.96905 1.00000 1.00000 1.00000 1.00000 1.00000 0.98670 1.00000 0.98670 1.00000 1.00000 1.00000 1.00000 1.00000 1.00000 1.00000 1.00000 1.00000 1.00000 1.00000 1.00000 1.00000 1.00000 1.00000
0.97942 0.96833 1.00000 1.00000 1.00000 1.00000 1.00000 0.99365 1.00000 0.99365 1.00000 1.00000 1.00000 1.00000 1.00000 1.00000 1.00000 1.00000 1.00000 1.00000 1.00000 1.00000 1.00000 1.00000 1.00000
0.98360 0.97256 1.00000 0.98715 1.00000 0.98663 1.00000 0.98618 1.00000 0.98618 1.00000 0.98663 1.00000 0.98761 1.00000 1.00000 1.00000 1.00000 0.98761 1.00000 1.00000 1.00000 1.00000 1.00000 1.00000
1.00000 1.00000 1.00000 1.00000 1.00000 1.00000 1.00000 1.00000 1.00000 1.00000 1.00000 1.00000 1.00000 1.00000 1.00000 1.00000 1.00000 1.00000 1.00000 1.00000 1.00000 1.00000 1.00000 1.00000 1.00000
1.00000 0.98042 0.98516 0.98687 0.98861 0.98715 1.00000 0.98708 1.00000 0.98708 1.00000 0.98715 0.99351 0.98726 0.99395 1.00000 1.00000 1.00000 1.00000 1.00000 0.97932 1.00000 0.99062 1.00000 1.00000
0.95050 1.00000 1.00000 1.00000 1.00000 1.00000 1.00000 1.00000 1.00000 1.00000 1.00000 1.00000 1.00000 1.00000 1.00000 1.00000 1.00000 1.00000 1.00000 1.00000 1.00000 1.00000 1.00000 1.00000 1.00000
0.94959 0.98190 0.98693 0.98788 1.00000 0.98846 1.00000 0.98836 1.00000 0.98836 1.00000 0.98846 1.00000 1.00000 0.99426 1.00000 1.00000 1.00000 1.00000 1.00000 0.99062 1.00000 1.00000 1.00000 1.00000
0.96812 1.00000 1.00000 1.00000 1.00000 1.00000 1.00000 1.00000 1.00000 1.00000 1.00000 1.00000 1.00000 1.00000 1.00000 1.00000 1.00000 1.00000 1.00000 1.00000 1.00000 1.00000 1.00000 1.00000 1.00000
0.66667 1.00000 1.00000 1.00000 1.00000 1.00000 1.00000 1.00000 1.00000 1.00000 1.00000 1.00000 1.00000 1.00000 1.00000 1.00000 1.00000 1.00000 1.00000 1.00000 1.00000 1.00000 1.00000 1.00000 0.66667
