# name=grid_streets_w4 field=200x200 stride=8
25 25
0.55558 0.52907 0.95889 0.45391 0.98264 0.87876 0.98264 0.87876 0.98264 0.87876 0.98264 0.87876 0.98264 0.87876 0.98264 0.87876 0.98264 0.87876 1.00000 0.93435 1.00000 1.00000 1.00000 1.00000 1.00000
0.52907 1.00000 0.96406 1.00000 0.97153 0.97400 0.97153 0.97400 0.97153 0.97400 0.97153 0.97400 0.97153 0.97400 0.97153 0.97400 0.97153 0.97400 1.00000 1.00000 1.00000 1.00000 1.00000 1.00000 1.00000
0.95889 0.96406 1.00000 0.97566 1.00000 0.96992 1.00000 0.96992 1.00000 0.96992 1.00000 0.96992 1.00000 0.96992 1.00000 0.96992 1.00000 0.96992 1.00000 0.99153 1.00000 1.00000 1.00000 1.00000 1.00000
0.45391 1.00000 0.97566 1.00000 0.99078 0.98994 0.99078 0.98994 0.99078 0.98994 0.99078 0.98994 0.99078 0.98994 0.99078 0.98994 0.99078 0.98994 1.00000 1.00000 1.00000 1.00000 1.00000 1.00000 1.00000
0.98264 0.97153 1.00000 0.99078 1.00000 0.99109 1.00000 0.99109 1.00000 0.99109 1.00000 0.99109 1.00000 0.99109 1.00000 0.99109 1.00000 0.99109 1.00000 1.00000 1.00000 1.00000 1.00000 1.00000 1.00000
0.87876 0.97400 0.96992 0.98994 0.99109 0.99028 0.99109 0.99028 0.99109 0.99028 0.99109 0.99028 0.99109 0.99028 0.99109 0.99028 0.99109 0.99028 1.00000 1.00000 1.00000 1.00000 1.00000 1.00000 1.00000
0.98264 0.97153 1.00000 0.99078 1.00000 0.99109 1.00000 0.99109 1.00000 0.99109 1.00000 0.99109 1.00000 0.99109 1.00000 0.99109 1.00000 0.99109 1.00000 1.00000 1.00000 1.00000 1.00000 1.00000 1.00000
0.87876 0.97400 0.96992 0.98994 0.99109 0.99028 0.99109 0.99028 0.99109 0.99028 0.99109 0.99028 0.99109 0.99028 0.99109 0.99028 0.99109 0.99028 1.00000 1.00000 1.00000 1.00000 1.00000 1.00000 1.00000
0.98264 0.97153 1.00000 0.99078 1.00000 0.99109 1.00000 0.99109 1.00000 0.99109 1.00000 0.99109 1.00000 0.99109 1.00000 0.99109 1.00000 0.99109 1.00000 1.00000 1.00000 1.00000 1.00000 1.00000 1.00000
0.87876 0.97400 0.96992 0.98994 0.99109 0.99028 0.99109 0.99028 0.99109 0.99028 0.99109 0.99028 0.99109 0.99028 0.99109 0.99028 0.99109 0.99028 1.00000 1.00000 1.00000 1.00000 1.00000 1.00000 1.00000
0.98264 0.97153 1.00000 0.99078 1.00000 0.99109 1.00000 0.99109 1.00000 0.99109 1.00000 0.99109 1.00000 0.99109 1.00000 0.99109 1.00000 0.99109 1.00000 1.00000 1.00000 1.00000 1.00000 1.00000 1.00000
0.87876 0.97400 0.96992 0.98994 0.99109 0.99028 0.99109 0.99028 0.99109 0.99028 0.99109 0.99028 0.99109 0.99028 0.99109 0.99028 0.99109 0.99028 1.00000 1.00000 1.00000 1.00000 1.00000 1.00000 1.00000
0.98264 0.97153 1.00000 0.99078 1.00000 0.99109 1.00000 0.99109 1.00000 0.99109 1.00000 0.99109 1.00000 0.99109 1.00000 0.99109 1.00000 0.99109 1.00000 1.00000 1.00000 1.00000 1.00000 1.00000 1.00000
0.87876 0.97400 0.96992 0.98994 0.99109 0.99028 0.99109 0.99028 0.99109 0.99028 0.99109 0.99028 0.99109 0.99028 0.99109 0.99028 0.99109 0.99028 1.00000 1.00000 1.00000 1.00000 1.00000 1.00000 1.00000
0.98264 0.97153 1.00000 0.99078 1.00000 0.99109 1.00000 0.99109 1.00000 0.99109 1.00000 0.99109 1.00000 0.99109 1.00000 0.99109 1.00000 0.99109 1.00000 1.00000 1.00000 1.00000 1.00000 1.00000 1.00000
0.87876 0.97400 0.96992 0.98994 0.99109 0.99028 0.99109 0.99028 0.99109 0.99028 0.99109 0.99028 0.99109 0.99028 0.99109 0.99028 0.99109 0.99028 1.00000 1.00000 1.00000 1.00000 1.00000 1.00000 1.00000
0.98264 0.97153 1.00000 0.99078 1.00000 0.99109 1.00000 0.99109 1.00000 0.99109 1.00000 0.99109 1.00000 0.99109 1.00000 0.99109 1.00000 0.99109 1.00000 1.00000 1.00000 1.00000 1.00000 1.00000 1.00000
0.87876 0.97400 0.96992 0.98994 0.99109 0.99028 0.99109 0.99028 0.99109 0.99028 0.99109 0.99028 0.99109 0.99028 0.99109 0.99028 0.99109 0.99028 1.00000 1.00000 1.00000 1.00000 1.00000 1.00000 1.00000
1.00000 1.00000 1.00000 1.00000 1.00000 1.00000 1.00000 1.00000 1.00000 1.00000 1.00000 1.00000 1.00000 1.00000 1.00000 1.00000 1.00000 1.00000 1.00000 1.00000 1.00000 1.00000 1.00000 1.00000 1.00000
0.93435 1.00000 0.99153 1.00000 1.00000 1.00000 1.00000 1.00000 1.00000 1.00000 1.00000 1.00000 1.00000 1.00000 1.00000 1.00000 1.00000 1.00000 1.00000 1.00000 1.00000 1.00000 1.00000 1.00000 1.00000
1.00000 1.00000 1.00000 1.00000 1.00000 1.00000 1.00000 1.00000 1.00000 1.00000 1.00000 1.00000 1.00000 1.00000 1.00000 1.00000 1.00000 1.00000 1.00000 1.00000 1.00000 1.00000 1.00000 1.00000 1.00000
1.00000 1.00000 1.00000 1.00000 1.00000 1.00000 1.00000 1.00000 1.00000 1.00000 1.00000 1.00000 1.00000 1.00000 1.00000 1.00000 1.00000 1.00000 1.00000 1.00000 1.00000 1.00000 1.00000 1.00000 1.00000
1.00000 1.00000 1.00000 1.00000 1.00000 1.00000 1.00000 1.00000 1.00000 1.00000 1.00000 1.00000 1.00000 1.00000 1.00000 1.00000 1.00000 1.00000 1.00000 1.00000 1.00000 1.00000 1.00000 1.00000 1.00000
1.00000 1.00000 1.00000 1.00000 1.00000 1.00000 1.00000 1.00000 1.00000 1.00000 1.00000 1.00000 1.00000 1.00000 1.00000 1.00000 1.00000 1.00000 1.00000 1.00000 1.00000 1.00000 1.00000 1.00000 1.00000
1.00000 1.00000 1.00000 1.00000 1.00000 1.00000 1.00000 1.00000 1.00000 1.00000 1.00000 1.00000 1.00000 1.00000 1.00000 1.00000 1.00000 1.00000 1.00000 1.00000 1.00000 1.00000 1.00000 1.00000 1.00000
