# name=grid_rotated_30 field=200x200 stride=8
25 25
0.32273 0.36183 0.75509 0.81927 0.83100 0.84118 0.72801 0.76632 0.83271 0.83980 0.72061 0.84701 0.78089 0.76464 0.78898 0.73080 0.85644 0.86189 0.79247 0.81944 0.86025 0.88955 0.84777 0.87273 0.87964
0.40420 0.61438 0.74612 0.80698 0.86275 0.86767 0.84256 0.86369 0.81878 0.84489 0.82093 0.85306 0.79777 0.79124 0.80885 0.83076 0.81514 0.83251 0.83985 0.88617 0.86576 0.88801 0.87532 0.88283 0.89028
0.43753 0.70947 0.81269 0.85087 0.87084 0.86608 0.88178 0.87862 0.84619 0.85168 0.82548 0.85889 0.85918 0.83722 0.82961 0.86074 0.85115 0.85044 0.85573 0.88485 0.87072 0.87222 0.88682 0.88685 0.88769
0.54256 0.79952 0.84454 0.86630 0.88545 0.87388 0.86588 0.85112 0.85432 0.86825 0.85685 0.86716 0.86973 0.84388 0.85390 0.86230 0.85287 0.86480 0.88178 0.88348 0.87593 0.88540 0.88589 0.88597 0.88619
0.84673 0.85546 0.87623 0.88616 0.87459 0.87355 0.88042 0.87635 0.87070 0.85942 0.85282 0.85652 0.87079 0.86407 0.87531 0.86320 0.87940 0.87107 0.87972 0.88272 0.88403 0.88367 0.88376 0.88405 0.88351
0.85752 0.86190 0.87290 0.88531 0.88411 0.88189 0.87952 0.87545 0.86132 0.86919 0.84973 0.87251 0.87538 0.87681 0.86857 0.85183 0.87792 0.86879 0.87922 0.88133 0.88207 0.88209 0.88224 0.87097 0.88189
0.81699 0.88818 0.88516 0.88339 0.88204 0.88076 0.87857 0.87464 0.87191 0.85774 0.86608 0.87591 0.86453 0.87942 0.86704 0.87830 0.86757 0.87750 0.86999 0.87948 0.87950 0.87960 0.87534 0.87911 0.87917
0.84565 0.87286 0.87276 0.88074 0.87917 0.87826 0.86896 0.86561 0.87300 0.87211 0.87605 0.87977 0.88127 0.88280 0.86257 0.87899 0.87669 0.87568 0.87702 0.87590 0.87663 0.87620 0.87178 0.87580 0.87642
0.86290 0.83470 0.85284 0.86462 0.85508 0.86877 0.86548 0.87491 0.86290 0.86549 0.86957 0.88156 0.88381 0.88481 0.88290 0.88028 0.86492 0.86462 0.87473 0.87464 0.87312 0.87135 0.87053 0.87092 0.87221
0.85686 0.84560 0.88007 0.86691 0.87802 0.87729 0.86725 0.86531 0.87739 0.87765 0.87943 0.88193 0.88467 0.88507 0.87215 0.87274 0.87801 0.86728 0.87501 0.86404 0.87190 0.86415 0.86790 0.85879 0.85589
0.82537 0.84180 0.87914 0.86467 0.86847 0.86500 0.87790 0.86861 0.88004 0.87154 0.88192 0.88251 0.87378 0.88518 0.88421 0.88194 0.86513 0.86772 0.87688 0.86152 0.87173 0.86871 0.86115 0.86583 0.85044
0.87897 0.87824 0.87796 0.87736 0.87589 0.86563 0.86849 0.86717 0.88141 0.87385 0.88260 0.88405 0.88414 0.87669 0.88442 0.88245 0.88022 0.88024 0.87839 0.87604 0.87325 0.87046 0.86753 0.86213 0.85840
0.77423 0.80218 0.84321 0.84896 0.86367 0.87602 0.87815 0.88082 0.88272 0.88351 0.88335 0.86259 0.87466 0.87293 0.88476 0.87183 0.88389 0.87102 0.88023 0.86816 0.87503 0.87153 0.87034 0.86266 0.85777
0.80004 0.80786 0.85465 0.87200 0.87201 0.87443 0.86644 0.87923 0.87092 0.88410 0.87265 0.88481 0.88467 0.88499 0.86582 0.88579 0.88463 0.88431 0.88182 0.87884 0.87621 0.87452 0.87330 0.86811 0.85168
0.84418 0.85484 0.85156 0.86891 0.85702 0.87113 0.87419 0.87743 0.88177 0.88404 0.88457 0.88532 0.87251 0.88540 0.87643 0.88619 0.87704 0.88406 0.88094 0.87960 0.87695 0.87244 0.87679 0.87671 0.84810
0.71382 0.81752 0.84661 0.85647 0.85215 0.84975 0.86381 0.87658 0.88054 0.88390 0.88502 0.88469 0.87239 0.87405 0.88460 0.88515 0.87708 0.88299 0.88084 0.87887 0.86908 0.87916 0.87903 0.87984 0.85822
0.83373 0.84042 0.84885 0.86734 0.86758 0.86899 0.85908 0.87451 0.86173 0.88210 0.87599 0.87344 0.88303 0.88291 0.88262 0.88283 0.88243 0.88088 0.87854 0.87876 0.87813 0.87584 0.87195 0.88159 0.87303
0.82596 0.81432 0.84348 0.85336 0.87113 0.86339 0.87398 0.87620 0.86813 0.87002 0.88275 0.88215 0.88123 0.86701 0.87964 0.86598 0.87248 0.86946 0.87824 0.87796 0.87924 0.88035 0.88168 0.88213 0.88314
0.79118 0.87824 0.87582 0.84816 0.87570 0.86776 0.87623 0.86190 0.87767 0.87923 0.87042 0.88011 0.87930 0.87726 0.87386 0.87648 0.87672 0.87751 0.87813 0.87123 0.87907 0.87938 0.88075 0.87180 0.86624
0.83357 0.88204 0.88008 0.86947 0.87878 0.87831 0.87829 0.87041 0.87601 0.87746 0.87839 0.87869 0.87806 0.86071 0.87405 0.85779 0.86447 0.87633 0.87718 0.87833 0.87820 0.87936 0.87994 0.88126 0.88301
0.86580 0.86990 0.87314 0.88124 0.87999 0.87919 0.87873 0.87748 0.87645 0.87690 0.87719 0.87744 0.87685 0.87561 0.87279 0.87130 0.87134 0.87446 0.87609 0.87703 0.87803 0.87840 0.87900 0.88038 0.88232
0.87650 0.86689 0.87732 0.88209 0.88060 0.88004 0.87952 0.87820 0.87725 0.87441 0.87429 0.87089 0.87160 0.87480 0.87205 0.86930 0.86520 0.87163 0.87507 0.87696 0.87780 0.87832 0.88008 0.87714 0.88355
0.85175 0.86710 0.87097 0.87535 0.87840 0.88112 0.88050 0.87959 0.86843 0.86340 0.87490 0.87093 0.86718 0.87425 0.87067 0.86202 0.86736 0.87068 0.86115 0.87025 0.87834 0.87873 0.88087 0.88227 0.88423
0.83510 0.85225 0.86012 0.86968 0.87559 0.88251 0.88213 0.87649 0.86262 0.87199 0.87982 0.87922 0.86606 0.86261 0.85973 0.85520 0.85604 0.87041 0.87418 0.87740 0.87317 0.88057 0.88192 0.88323 0.88552
0.81139 0.88020 0.84726 0.86059 0.87715 0.88556 0.88487 0.88414 0.88328 0.87210 0.85776 0.87967 0.85726 0.86362 0.86119 0.83589 0.84982 0.87099 0.87541 0.87905 0.87186 0.88210 0.88369 0.88507 0.88729
