# name=grid_sheared field=200x200 stride=8
25 25
0.78593 0.87489 0.89109 0.92866 0.93086 0.92228 0.95525 0.92228 0.95525 0.92228 0.95525 0.92228 0.95525 0.92228 0.95525 0.92228 0.95525 0.92228 0.95525 0.95529 0.95527 0.95526 0.95525 0.95522 0.95520
0.84960 0.87263 0.91968 0.92353 0.93784 0.92030 0.93690 0.92030 0.93690 0.92030 0.93690 0.92030 0.93690 0.92030 0.93690 0.92030 0.93690 0.92030 0.93690 0.95514 0.95507 0.95509 0.95504 0.95505 0.95498
0.83710 0.92430 0.92870 0.94188 0.93515 0.95491 0.93454 0.95491 0.93454 0.95491 0.93454 0.95491 0.93454 0.95491 0.93454 0.95491 0.93454 0.95491 0.93454 0.95491 0.95491 0.95489 0.95487 0.95486 0.95483
0.92096 0.92885 0.92311 0.94996 0.94449 0.94811 0.94393 0.94811 0.94393 0.94811 0.94393 0.94811 0.94393 0.94811 0.94393 0.94811 0.94393 0.94811 0.94672 0.95472 0.95473 0.95473 0.95471 0.95470 0.95467
0.92029 0.94483 0.94895 0.95558 0.94735 0.95462 0.94719 0.95462 0.94719 0.95462 0.94719 0.95462 0.94719 0.95462 0.94719 0.95462 0.94719 0.95462 0.94751 0.95461 0.94895 0.95461 0.95460 0.95460 0.95455
0.87968 0.93342 0.93637 0.95545 0.95496 0.94577 0.95455 0.94184 0.95496 0.94577 0.95455 0.94184 0.95496 0.94577 0.95455 0.94184 0.95496 0.94577 0.95455 0.94349 0.95486 0.95477 0.95455 0.95505 0.95535
0.90501 0.91689 0.93596 0.92374 0.95543 0.95538 0.95553 0.93874 0.95543 0.95538 0.95553 0.93874 0.95543 0.95538 0.95553 0.93874 0.95543 0.95538 0.95548 0.94073 0.95521 0.95509 0.95551 0.95568 0.95620
0.81869 0.88342 0.91586 0.91593 0.95608 0.94177 0.95036 0.94177 0.95608 0.94177 0.95036 0.94177 0.95608 0.94177 0.95036 0.94177 0.95608 0.94177 0.95621 0.95603 0.95575 0.95600 0.95622 0.95676 0.95755
0.79372 0.89652 0.91894 0.93293 0.94406 0.94271 0.95668 0.94296 0.95647 0.94271 0.95668 0.94296 0.95647 0.94271 0.95668 0.94296 0.95647 0.94271 0.95668 0.94383 0.95612 0.95646 0.95686 0.95759 0.95853
0.82925 0.89414 0.93778 0.93654 0.94590 0.94238 0.94557 0.95066 0.94852 0.94238 0.94557 0.95066 0.94852 0.94238 0.94557 0.95066 0.94852 0.94238 0.94557 0.95654 0.94953 0.95660 0.94851 0.95785 0.95879
0.83525 0.91701 0.92313 0.94631 0.95657 0.95614 0.95623 0.95614 0.95606 0.95614 0.95623 0.95614 0.95606 0.95614 0.95623 0.95614 0.95606 0.95614 0.95623 0.95601 0.94282 0.95616 0.95058 0.95729 0.95844
0.92176 0.92706 0.93151 0.95041 0.93888 0.95532 0.94786 0.95532 0.93835 0.95532 0.94786 0.95532 0.93835 0.95532 0.94786 0.95532 0.93835 0.95532 0.95547 0.95525 0.94271 0.94938 0.94912 0.95629 0.95716
0.92345 0.94559 0.95634 0.94866 0.94739 0.94775 0.94711 0.94772 0.94698 0.94775 0.94711 0.94772 0.94698 0.94775 0.94711 0.94772 0.94698 0.94775 0.94744 0.94851 0.94876 0.95012 0.94900 0.95549 0.95602
0.87968 0.93342 0.93637 0.95545 0.95496 0.94577 0.95455 0.94184 0.95496 0.94577 0.95455 0.94184 0.95496 0.94577 0.95455 0.94184 0.95496 0.94577 0.95455 0.94349 0.95486 0.95477 0.94953 0.94599 0.94849
0.90501 0.91689 0.93596 0.92374 0.95543 0.95538 0.95553 0.93874 0.95543 0.95538 0.95553 0.93874 0.95543 0.95538 0.95553 0.93874 0.95543 0.95538 0.95548 0.94073 0.95521 0.95509 0.95551 0.95568 0.95018
0.81869 0.88342 0.91586 0.91593 0.95608 0.94177 0.95036 0.94177 0.95608 0.94177 0.95036 0.94177 0.95608 0.94177 0.95036 0.94177 0.95608 0.94177 0.95621 0.95603 0.95575 0.95600 0.95622 0.95676 0.95755
0.79372 0.89652 0.91894 0.93293 0.94406 0.94271 0.95668 0.94296 0.95647 0.94271 0.95668 0.94296 0.95647 0.94271 0.95668 0.94296 0.95647 0.94271 0.95668 0.94383 0.95612 0.95646 0.95686 0.95759 0.95853
0.82925 0.89414 0.93778 0.93654 0.94590 0.94238 0.94557 0.95066 0.94852 0.94238 0.94557 0.95066 0.94852 0.94238 0.94557 0.95066 0.94852 0.94238 0.94557 0.95654 0.94953 0.95660 0.94851 0.95785 0.95879
0.83525 0.91701 0.92313 0.94631 0.95657 0.95614 0.95623 0.95614 0.95606 0.95614 0.95623 0.95614 0.95606 0.95614 0.95623 0.95614 0.95606 0.95614 0.95623 0.95601 0.94282 0.95616 0.95058 0.95729 0.95844
0.92176 0.95846 0.95752 0.95654 0.94840 0.95527 0.95547 0.95528 0.94789 0.95527 0.95547 0.95528 0.94789 0.95527 0.95547 0.95528 0.94789 0.95527 0.95545 0.95521 0.95521 0.94969 0.94935 0.95616 0.95702
0.91066 0.94678 0.93910 0.94954 0.95522 0.94886 0.94824 0.95483 0.95487 0.94886 0.94824 0.95483 0.95487 0.94886 0.94824 0.95483 0.95487 0.94886 0.94847 0.95480 0.95479 0.95473 0.95476 0.95534 0.95577
0.95658 0.95590 0.95539 0.95499 0.95455 0.95455 0.95455 0.95455 0.95455 0.95455 0.95455 0.95455 0.95455 0.95455 0.95455 0.95455 0.95455 0.95455 0.95455 0.95455 0.95455 0.95455 0.95069 0.94739 0.93026
0.92321 0.93254 0.95490 0.94003 0.95455 0.95455 0.95455 0.95455 0.95455 0.95455 0.95455 0.95455 0.95455 0.95455 0.95455 0.95455 0.95455 0.95455 0.95455 0.95455 0.95455 0.95455 0.95455 0.95455 0.94467
0.91138 0.95455 0.95455 0.95455 0.95455 0.95455 0.95455 0.95455 0.95455 0.95455 0.95455 0.95455 0.95455 0.95455 0.95455 0.95455 0.95455 0.95455 0.95455 0.95455 0.95455 0.95455 0.95455 0.95455 0.95455
0.59394 0.93406 0.95455 0.94141 0.95455 0.95455 0.95455 0.95455 0.95455 0.95455 0.95455 0.95455 0.95455 0.95455 0.95455 0.95455 0.95455 0.95455 0.95455 0.95455 0.95455 0.95455 0.95455 0.95455 0.95455
