# name=mixed_regions field=200x200 stride=8
25 25
0.00000 0.00000 0.50295 0.00000 0.87825 0.87575 0.87825 0.87575 0.45557 0.00000 0.52806 0.00000 0.00000 0.00000 0.00000 0.00000 0.00000 0.00000 0.00000 0.00000 0.00000 0.00000 0.00000 0.00000 0.00000
0.00000 0.52211 1.00000 0.93222 1.00000 0.98200 1.00000 0.98200 1.00000 0.95852 1.00000 0.53470 0.12215 0.00000 0.00000 0.00000 0.00000 0.00000 0.00000 0.00000 0.00000 0.00000 0.00000 0.00000 0.00000
0.50295 1.00000 0.95276 1.00000 0.97174 1.00000 0.97174 1.00000 0.98026 1.00000 0.97159 1.00000 0.11544 0.05809 0.00000 0.00000 0.00000 0.00000 0.00000 0.00000 0.00000 0.00000 0.00000 0.00000 0.00000
0.00000 0.93222 1.00000 1.00000 1.00000 1.00000 1.00000 1.00000 1.00000 1.00000 1.00000 0.89209 0.48977 0.05364 0.00000 0.00000 0.00000 0.00000 0.00000 0.00000 0.00000 0.00000 0.00000 0.00000 0.00000
0.87825 1.00000 0.97174 1.00000 0.98851 1.00000 0.98851 1.00000 0.98451 1.00000 0.97764 0.90428 0.00000 0.00000 0.00000 0.00000 0.00000 0.00000 0.00000 0.00000 0.67252 0.76005 0.81933 0.84437 0.86435
0.87575 0.98200 1.00000 1.00000 1.00000 1.00000 1.00000 1.00000 1.00000 1.00000 0.96735 0.92648 0.00000 0.00000 0.00000 0.00000 0.00000 0.00000 0.00000 0.00000 0.70126 0.79497 0.83397 0.85886 0.85643
0.87825 1.00000 0.97174 1.00000 0.98851 1.00000 0.98851 1.00000 0.98451 1.00000 0.97764 0.90428 0.00000 0.00000 0.00000 0.00000 0.00000 0.00000 0.00000 0.00000 0.73971 0.80801 0.85745 0.85647 0.85479
0.87575 0.98200 1.00000 1.00000 1.00000 1.00000 1.00000 1.00000 1.00000 1.00000 0.96735 0.87659 0.00000 0.00000 0.00000 0.00000 0.00000 0.00000 0.00000 0.00000 0.75092 0.81744 0.84475 0.85696 0.85440
0.87825 1.00000 0.97174 1.00000 0.98851 1.00000 0.98851 1.00000 0.98451 1.00000 0.97764 0.79536 0.39277 0.29598 0.20712 0.18304 0.45981 0.61666 0.66999 0.76525 0.75030 0.82474 0.85404 0.84328 0.86581
0.87575 0.98200 1.00000 1.00000 1.00000 1.00000 1.00000 1.00000 1.00000 1.00000 0.96735 0.81702 0.38825 0.28561 0.34442 0.31843 0.62618 0.67808 0.65866 0.73670 0.76731 0.84397 0.81261 0.83499 0.58590
0.87825 1.00000 0.97174 1.00000 0.98851 1.00000 0.98851 1.00000 0.98451 1.00000 0.95015 0.82711 0.38829 0.43085 0.30923 0.29244 0.59429 0.69871 0.68168 0.78019 0.79676 0.89177 0.88912 0.87308 0.78788
0.87575 0.98200 1.00000 1.00000 1.00000 1.00000 1.00000 1.00000 1.00000 1.00000 0.94059 0.82123 0.37079 0.43009 0.27152 0.26293 0.56993 0.74630 0.69966 0.80133 0.85812 0.89049 0.88758 0.88370 0.79624
0.87825 1.00000 0.97174 1.00000 0.98851 1.00000 0.98851 1.00000 0.98451 1.00000 0.97764 0.88359 0.15235 0.07752 0.00000 0.12964 0.51017 0.72328 0.74657 0.80729 0.83257 0.85443 0.85360 0.85600 0.58039
0.87575 0.98200 1.00000 1.00000 1.00000 1.00000 1.00000 1.00000 1.00000 1.00000 0.96735 0.87776 0.45421 0.39212 0.37878 0.54166 0.76238 0.69793 0.79696 0.79055 0.82177 0.84411 0.83708 0.82331 0.53349
0.87825 1.00000 0.97174 1.00000 0.98851 1.00000 0.98851 1.00000 0.98451 1.00000 0.97764 0.90464 0.49830 0.64669 0.71855 0.74165 0.79101 0.79793 0.80838 0.73261 0.77195 0.78540 0.76614 0.79415 0.50774
0.87575 0.98200 1.00000 1.00000 1.00000 1.00000 1.00000 1.00000 1.00000 1.00000 0.96735 0.92208 0.55893 0.78433 0.81340 0.77988 0.83036 0.81937 0.76416 0.70094 0.80241 0.78801 0.80773 0.77501 0.77327
0.87825 1.00000 0.97174 1.00000 0.98851 1.00000 0.98851 1.00000 0.98451 1.00000 0.97764 0.90433 0.88366 0.79194 0.85212 0.82416 0.82388 0.78820 0.39920 0.70076 0.54208 0.65277 0.75912 0.78672 0.00000
0.87575 0.98200 1.00000 1.00000 1.00000 1.00000 1.00000 1.00000 1.00000 1.00000 0.96735 0.92207 0.68890 0.72219 0.78784 0.78725 0.80664 0.77119 0.67606 0.69724 0.67020 0.74444 0.80629 0.82335 0.00000
0.87825 1.00000 1.00000 1.00000 1.00000 1.00000 1.00000 1.00000 1.00000 1.00000 1.00000 0.83233 0.54837 0.33076 0.67909 0.64568 0.75812 0.68067 0.63748 0.75107 0.79275 0.86404 0.87239 0.90715 0.00000
0.96028 1.00000 1.00000 1.00000 1.00000 1.00000 1.00000 1.00000 1.00000 1.00000 0.97195 0.89619 0.56783 0.25034 0.31223 0.46991 0.66593 0.65169 0.61624 0.82881 0.84156 0.90910 0.91076 0.91292 0.00000
0.72302 1.00000 0.98488 1.00000 0.98815 1.00000 0.98815 1.00000 1.00000 1.00000 1.00000 0.85125 0.00000 0.00000 0.00000 0.00000 0.19077 0.48603 0.57792 0.77073 0.00000 0.00000 0.00000 0.00000 0.00000
0.53881 0.97255 1.00000 1.00000 1.00000 1.00000 1.00000 1.00000 1.00000 1.00000 0.97418 0.88989 0.00000 0.00000 0.00000 0.00000 0.45689 0.51798 0.61369 0.77684 0.00000 0.00000 0.00000 0.00000 0.00000
0.74699 1.00000 1.00000 1.00000 1.00000 1.00000 1.00000 1.00000 1.00000 1.00000 1.00000 0.69450 0.00000 0.00000 0.00000 0.00000 0.48053 0.34003 0.44869 0.79686 0.00000 0.00000 0.00000 0.00000 0.00000
0.62600 0.77956 1.00000 1.00000 1.00000 1.00000 1.00000 1.00000 1.00000 1.00000 0.78170 0.77646 0.00000 0.00000 0.00000 0.00000 0.25852 0.43035 0.48653 0.52569 0.00000 0.00000 0.00000 0.00000 0.00000
0.66667 0.81650 0.81650 0.81650 1.00000 1.00000 1.00000 1.00000 0.81650 0.81650 0.81650 0.66667 0.00000 0.00000 0.00000 0.00000 0.00000 0.00000 0.00000 0.00000 0.00000 0.00000 0.00000 0.00000 0.00000
