# name=organic_walks field=200x200 stride=8
25 25
0.00000 0.00000 0.58364 0.58403 0.58442 0.87099 0.76403 0.50533 0.28781 0.26849 0.25153 0.00000 0.00000 0.00000 0.00000 0.00000 0.00000 0.00000 0.00000 0.00000 0.00000 0.62113 0.62113 0.62113 0.62113
0.29069 0.43572 0.73491 0.50286 0.58440 0.78130 0.74545 0.72866 0.56576 0.52621 0.23772 0.20541 0.00000 0.00000 0.00000 0.00000 0.00000 0.00000 0.00000 0.00000 0.47107 0.55988 0.62113 0.62113 0.62113
0.29088 0.64824 0.71050 0.77346 0.74917 0.77107 0.72890 0.73004 0.54799 0.49888 0.42324 0.18392 0.00000 0.00000 0.00000 0.00000 0.00000 0.00000 0.00000 0.00000 0.62478 0.56147 0.62113 0.62113 0.62113
0.29108 0.62578 0.68482 0.73612 0.70803 0.75764 0.70728 0.71808 0.52791 0.65932 0.58739 0.38982 0.00000 0.00000 0.00000 0.00000 0.00000 0.00000 0.00000 0.00000 0.59011 0.85174 0.91781 0.91580 0.91361
0.00000 0.23142 0.27866 0.27574 0.44524 0.48430 0.46675 0.63107 0.70758 0.70392 0.61821 0.26656 0.36039 0.29542 0.24691 0.07965 0.00000 0.00000 0.00000 0.12097 0.68854 0.81059 0.90726 0.90455 0.90178
0.00000 0.50447 0.54961 0.56976 0.45978 0.35485 0.66565 0.69448 0.73908 0.73711 0.68740 0.24989 0.41447 0.47912 0.08548 0.08041 0.00000 0.00000 0.00000 0.00000 0.72724 0.81393 0.85881 0.87660 0.87646
0.00000 0.30138 0.57120 0.59434 0.38015 0.62157 0.69523 0.48300 0.77198 0.75335 0.62670 0.61357 0.23605 0.27752 0.41407 0.10968 0.15204 0.00000 0.00000 0.13120 0.72794 0.80740 0.85496 0.85705 0.85895
0.31865 0.30291 0.31921 0.33358 0.22076 0.58526 0.68305 0.49251 0.76502 0.59474 0.61788 0.59974 0.12982 0.17262 0.19696 0.30314 0.25006 0.14661 0.11618 0.24656 0.73985 0.80470 0.81135 0.83156 0.83416
0.00000 0.00000 0.00000 0.00000 0.45292 0.73403 0.75544 0.78061 0.74296 0.74449 0.76669 0.68995 0.39197 0.39701 0.47192 0.37870 0.48128 0.49379 0.37623 0.44070 0.75218 0.79788 0.80770 0.81458 0.82327
0.00000 0.00000 0.00000 0.00000 0.42106 0.79794 0.78728 0.88260 0.67318 0.68403 0.75765 0.71188 0.38567 0.46734 0.51291 0.61637 0.69417 0.77883 0.45976 0.60690 0.75561 0.76588 0.79512 0.80378 0.78917
0.00000 0.00000 0.00000 0.00000 0.74927 0.75598 0.83995 0.86439 0.63392 0.75313 0.72500 0.48488 0.64799 0.60747 0.66893 0.72844 0.76318 0.75692 0.74959 0.66396 0.73899 0.77855 0.79186 0.80215 0.80818
0.00000 0.00000 0.00000 0.00000 0.65920 0.70979 0.76259 0.76973 0.57067 0.50485 0.56706 0.53488 0.76874 0.78784 0.78872 0.80016 0.77829 0.75408 0.79638 0.77735 0.82551 0.79924 0.81822 0.81297 0.82031
0.00000 0.00000 0.00000 0.00000 0.29800 0.20975 0.60807 0.48742 0.84432 0.84602 0.84974 0.81439 0.79539 0.76440 0.78323 0.84101 0.75965 0.76502 0.78302 0.78668 0.83685 0.83621 0.83679 0.82366 0.84072
0.00000 0.00000 0.00000 0.00000 0.42587 0.54977 0.69532 0.67634 0.83545 0.83384 0.81868 0.72433 0.66957 0.71481 0.74796 0.79394 0.74441 0.78451 0.72529 0.78474 0.80433 0.87030 0.85946 0.86214 0.85189
0.00000 0.00000 0.00000 0.00000 0.69795 0.64492 0.75064 0.75636 0.84690 0.79402 0.79362 0.58822 0.63940 0.63672 0.66371 0.64869 0.66864 0.67708 0.67963 0.60181 0.79962 0.84285 0.87753 0.87456 0.87034
0.00000 0.00000 0.00000 0.00000 0.79069 0.78785 0.75121 0.76536 0.83190 0.62969 0.75281 0.67737 0.34052 0.35175 0.57108 0.56168 0.44338 0.68033 0.68298 0.74842 0.79596 0.84556 0.87949 0.87727 0.87414
0.00000 0.00000 0.22759 0.23717 0.75364 0.74896 0.74313 0.73149 0.79195 0.52451 0.44289 0.45571 0.09510 0.09878 0.17604 0.00000 0.53698 0.33605 0.55259 0.60657 0.72414 0.83080 0.88056 0.86859 0.87780
0.00000 0.00000 0.28529 0.44486 0.66244 0.69679 0.69930 0.72939 0.82503 0.71666 0.74327 0.49203 0.51840 0.09205 0.10495 0.53177 0.58137 0.28003 0.53141 0.65085 0.74929 0.82701 0.82960 0.88077 0.88057
0.00000 0.00000 0.23631 0.40822 0.49281 0.59341 0.64055 0.60662 0.72829 0.64343 0.69197 0.37382 0.55814 0.49899 0.27326 0.29707 0.34776 0.52065 0.60916 0.68292 0.69668 0.81004 0.85138 0.87955 0.87936
0.00000 0.00000 0.00000 0.39864 0.51155 0.51506 0.66723 0.76266 0.62879 0.74525 0.74988 0.72561 0.70058 0.61610 0.64234 0.64924 0.60673 0.70589 0.67622 0.72186 0.78788 0.82808 0.85821 0.87063 0.87833
0.00000 0.00000 0.00000 0.00000 0.00000 0.32490 0.31752 0.60524 0.80586 0.84863 0.86789 0.84278 0.00000 0.00000 0.00000 0.00000 0.72530 0.66464 0.62949 0.64869 0.00000 0.00000 0.00000 0.00000 0.00000
0.00000 0.00000 0.00000 0.00000 0.00000 0.31079 0.43223 0.75924 0.85547 0.87175 0.87586 0.86068 0.00000 0.00000 0.00000 0.00000 0.80478 0.72244 0.68368 0.62563 0.00000 0.00000 0.00000 0.00000 0.00000
0.00000 0.00000 0.00000 0.00000 0.22346 0.42470 0.51164 0.82984 0.89608 0.89137 0.88749 0.87155 0.00000 0.00000 0.00000 0.00000 0.79394 0.78587 0.76185 0.71891 0.00000 0.00000 0.00000 0.00000 0.00000
0.00000 0.00000 0.00000 0.00000 0.29718 0.48094 0.60417 0.90264 0.89736 0.89244 0.88802 0.88505 0.00000 0.00000 0.00000 0.00000 0.82367 0.82785 0.79923 0.60204 0.00000 0.00000 0.00000 0.00000 0.00000
0.00000 0.00000 0.00000 0.00000 0.00000 0.60417 0.60417 0.60417 0.89930 0.89436 0.88926 0.58768 0.00000 0.00000 0.00000 0.00000 0.85943 0.86472 0.86933 0.51908 0.00000 0.00000 0.00000 0.00000 0.00000
