# name=rect_rotated_scattered field=200x200 stride=8
25 25
0.00000 0.00000 0.00000 0.00000 0.00000 0.00000 0.00000 0.00000 0.32822 0.00000 0.00000 0.00000 0.00000 0.00000 0.00000 0.00000 0.00000 0.00000 0.00000 0.00000 0.00000 0.00000 0.00000 0.00000 0.00000
0.00000 0.00000 0.00000 0.00000 0.00000 0.00000 0.37344 0.83976 0.98796 0.98795 0.98794 0.00000 0.00000 0.00000 0.00000 0.00000 0.00000 0.00000 0.00000 0.00000 0.30617 0.30618 0.30619 0.00000 0.00000
0.00000 0.00000 0.00000 0.00000 0.00000 0.26343 0.71280 0.85890 0.93536 0.98814 0.91078 0.72043 0.00000 0.00000 0.00000 0.00000 0.00000 0.00000 0.00000 0.00000 0.30609 0.30610 0.30610 0.30611 0.00000
0.00000 0.00000 0.00000 0.00000 0.00000 0.54878 0.74285 0.84629 0.91391 0.98834 0.93374 0.78400 0.00000 0.00000 0.00000 0.00000 0.00000 0.00000 0.00000 0.00000 0.30600 0.69454 0.72474 0.76381 0.00000
0.00000 0.00000 0.00000 0.00000 0.00000 0.55783 0.68523 0.82341 0.90611 0.94833 0.95644 0.75822 0.75430 0.32689 0.00000 0.00000 0.00000 0.23095 0.00000 0.00000 0.91535 0.91365 0.91127 0.90853 0.83816
0.00000 0.00000 0.00000 0.00000 0.09537 0.57307 0.69330 0.79621 0.88748 0.90698 0.89591 0.84894 0.45000 0.46374 0.38919 0.18171 0.00000 0.00000 0.00000 0.34431 0.86730 0.90718 0.90585 0.84787 0.86253
0.00000 0.00000 0.00000 0.00000 0.48560 0.37930 0.69335 0.70495 0.81823 0.82960 0.78898 0.77467 0.29668 0.53275 0.44339 0.18461 0.00000 0.00000 0.34984 0.64360 0.85399 0.90295 0.90253 0.90214 0.88614
0.00000 0.00000 0.00000 0.00000 0.50142 0.51945 0.45773 0.60441 0.68160 0.70457 0.60751 0.29758 0.60199 0.32120 0.26808 0.19810 0.07585 0.00000 0.64787 0.74787 0.82912 0.90008 0.90031 0.89955 0.90012
0.00000 0.22169 0.30999 0.39845 0.47268 0.46278 0.52990 0.39732 0.14492 0.36311 0.76917 0.75298 0.71072 0.73632 0.78435 0.63221 0.16792 0.19579 0.68935 0.78867 0.00000 0.00000 0.00000 0.00000 0.89977
0.00000 0.28620 0.37232 0.44963 0.51025 0.65028 0.70381 0.58953 0.55518 0.71049 0.82452 0.79802 0.77139 0.84684 0.82419 0.68633 0.21809 0.23550 0.71772 0.77201 0.00000 0.00000 0.00000 0.00000 0.89403
0.00000 0.28906 0.37059 0.44454 0.77667 0.78999 0.68910 0.58935 0.66967 0.85332 0.83857 0.83790 0.84791 0.85883 0.81323 0.62057 0.26867 0.25981 0.61013 0.75243 0.00000 0.00000 0.00000 0.00000 0.87267
0.00000 0.18679 0.25582 0.32959 0.67288 0.70609 0.52552 0.42875 0.60788 0.82117 0.82011 0.79017 0.87499 0.84218 0.88704 0.73417 0.53096 0.57861 0.51393 0.60022 0.00000 0.00000 0.00000 0.00000 0.72186
0.14474 0.14478 0.45822 0.54850 0.66317 0.77837 0.79763 0.54686 0.47398 0.73648 0.71889 0.57479 0.56707 0.53150 0.69014 0.64680 0.46686 0.68627 0.66442 0.61590 0.71522 0.80014 0.84687 0.86888 0.88565
0.22702 0.23256 0.23842 0.66390 0.60018 0.71961 0.44722 0.47946 0.75156 0.71303 0.69660 0.71658 0.44878 0.62184 0.65995 0.54002 0.69910 0.73317 0.67390 0.58144 0.71825 0.79655 0.84492 0.86874 0.88694
0.21531 0.22350 0.23179 0.41302 0.39832 0.27019 0.35332 0.54247 0.70518 0.69440 0.40452 0.62999 0.43822 0.54129 0.48911 0.57021 0.46980 0.61547 0.53736 0.30442 0.75689 0.85011 0.87369 0.88474 0.89295
0.00000 0.19775 0.20961 0.38906 0.00000 0.17914 0.25059 0.61920 0.65477 0.53208 0.34289 0.32907 0.16488 0.47649 0.37390 0.46736 0.52961 0.48995 0.40039 0.29817 0.69349 0.81652 0.86521 0.90192 0.90112
0.00000 0.00000 0.00000 0.00000 0.28438 0.27245 0.28085 0.62305 0.69786 0.79080 0.78722 0.47380 0.38121 0.60691 0.56394 0.59967 0.22245 0.21516 0.16539 0.16857 0.58540 0.74380 0.85273 0.91554 0.91705
0.00000 0.00000 0.00000 0.00000 0.62721 0.57639 0.30579 0.65941 0.71809 0.80208 0.76060 0.65327 0.64160 0.59460 0.45610 0.53352 0.23374 0.19455 0.14125 0.15512 0.41699 0.58192 0.68153 0.75723 0.92612
0.00000 0.00000 0.00000 0.00000 0.61532 0.63886 0.36005 0.68130 0.75033 0.74827 0.68741 0.60185 0.62653 0.58167 0.14673 0.24656 0.08263 0.10195 0.11861 0.48695 0.53799 0.72779 0.83668 0.76326 0.93384
0.00000 0.00000 0.00000 0.00000 0.70722 0.70052 0.72145 0.77863 0.75494 0.74695 0.76800 0.78871 0.79917 0.70940 0.46039 0.23454 0.31819 0.09216 0.48948 0.38612 0.71452 0.76674 0.84896 0.94068 0.63059
0.29918 0.56059 0.54148 0.52011 0.69521 0.81790 0.82375 0.78618 0.58062 0.78895 0.83847 0.86315 0.75674 0.77509 0.76140 0.69725 0.62160 0.40202 0.18099 0.32532 0.77297 0.83846 0.93359 0.93588 0.00000
0.29917 0.59434 0.61414 0.58630 0.80189 0.84445 0.80923 0.82007 0.62080 0.85190 0.88911 0.89773 0.84832 0.86216 0.83404 0.81549 0.54576 0.51740 0.63380 0.38824 0.66969 0.61792 0.92987 0.93135 0.00000
0.61722 0.63872 0.66032 0.68073 0.84755 0.85464 0.84541 0.84304 0.67807 0.88710 0.91772 0.75675 0.91978 0.91429 0.88627 0.86638 0.61913 0.48837 0.67638 0.43785 0.55842 0.61797 0.61797 0.61797 0.00000
0.62265 0.68347 0.70128 0.71623 0.88665 0.90424 0.88424 0.86854 0.56978 0.74618 0.77634 0.77684 0.94422 0.93685 0.92829 0.91463 0.55555 0.52823 0.72504 0.45329 0.56465 0.61802 0.61802 0.61802 0.00000
0.00000 0.62265 0.62265 0.62265 0.92118 0.90619 0.88624 0.86981 0.56978 0.91277 0.95002 0.79945 0.97029 0.96026 0.94557 0.93108 0.56043 0.53192 0.49105 0.30904 0.61807 0.61807 0.61807 0.61807 0.00000
