# name=row_only field=200x200 stride=8
25 25
0.00000 0.00000 0.33333 0.33333 0.56677 0.57839 0.55872 0.56777 0.56370 0.57298 0.56465 0.33333 0.59395 0.33333 0.33333 0.33333 0.33333 0.33333 0.33333 0.33333 0.33333 0.00000 0.00000 0.00000 0.00000
0.00000 0.16667 0.45829 0.48957 0.82600 0.53232 0.81396 0.85295 0.84357 0.83471 0.82222 0.63157 0.88936 0.61994 0.86557 0.71467 0.53972 0.95070 0.95528 0.65738 0.67898 0.27771 0.16667 0.16667 0.00000
0.16667 0.16667 0.41968 0.64003 0.81040 0.82618 0.90880 0.85379 0.92333 0.81852 0.80648 0.96384 0.88449 0.78229 0.89624 0.83894 0.87398 0.93944 0.94143 0.88725 0.63584 0.63548 0.16667 0.16667 0.16667
0.25075 0.25866 0.37443 0.91700 0.90123 0.94134 0.92342 0.84031 0.86171 0.86804 0.88540 0.95759 0.92796 0.84053 0.85817 0.84433 0.83590 0.93073 0.89931 0.94676 0.84007 0.82410 0.57223 0.16667 0.00000
0.20664 0.30182 0.29321 0.91300 0.87200 0.95671 0.93657 0.86471 0.88411 0.89406 0.92026 0.93759 0.90725 0.92049 0.89972 0.95446 0.86750 0.85804 0.96391 0.92877 0.86348 0.53531 0.54961 0.49934 0.00000
0.16667 0.37676 0.55211 0.87947 0.87135 0.87438 0.89638 0.91181 0.89247 0.89204 0.88092 0.87817 0.85701 0.89371 0.90401 0.85992 0.90629 0.78900 0.86045 0.88590 0.77527 0.73253 0.59981 0.18066 0.00000
0.15141 0.43006 0.43866 0.86861 0.87183 0.94152 0.84539 0.90935 0.95725 0.97207 0.97350 0.91404 0.84846 0.94227 0.92248 0.91556 0.92061 0.89506 0.97436 0.94844 0.90439 0.91941 0.38841 0.23017 0.24575
0.16667 0.43953 0.66387 0.81864 0.87202 0.92061 0.77508 0.89057 0.95435 0.94622 0.95919 0.88843 0.89604 0.91032 0.81602 0.92267 0.89120 0.96588 0.98290 0.89505 0.93178 0.85617 0.42396 0.44752 0.16667
0.26241 0.44868 0.81737 0.88434 0.87482 0.90482 0.89887 0.91973 0.89885 0.90910 0.93480 0.91046 0.93243 0.88844 0.85181 0.93950 0.91440 0.96123 0.89977 0.93933 0.97271 0.98613 0.83516 0.64647 0.00000
0.24802 0.25482 0.92023 0.89728 0.87819 0.93399 0.88824 0.88933 0.92317 0.91870 0.92330 0.91155 0.90437 0.91049 0.83109 0.92251 0.90971 0.89286 0.88770 0.94747 0.97074 0.91897 0.90034 0.63925 0.00000
0.16667 0.48953 0.89547 0.92141 0.88488 0.92872 0.89353 0.89973 0.90761 0.91949 0.90078 0.93030 0.89844 0.82802 0.89587 0.93149 0.92981 0.91544 0.90333 0.91162 0.93257 0.95453 0.79775 0.80618 0.21240
0.50238 0.50223 0.88266 0.89039 0.87482 0.88457 0.88080 0.94937 0.95326 0.89199 0.93504 0.90284 0.83297 0.88818 0.89230 0.90965 0.88995 0.93561 0.93462 0.92243 0.94685 0.93083 0.89706 0.80688 0.24833
0.16667 0.62685 0.82017 0.81667 0.90635 0.86136 0.82470 0.92311 0.92193 0.92330 0.90924 0.85483 0.94893 0.85892 0.90481 0.89084 0.85321 0.89358 0.92717 0.88147 0.88952 0.88996 0.86464 0.85522 0.16667
0.25264 0.54389 0.73705 0.82649 0.83006 0.92069 0.86188 0.95306 0.96928 0.92207 0.96248 0.95056 0.98101 1.00000 0.90218 0.93070 0.91530 0.93090 0.92037 0.90140 0.89701 0.87868 0.87399 0.54385 0.24982
0.16667 0.26576 0.75546 0.82704 0.84949 0.88584 0.91084 0.85096 0.93774 0.90254 0.87835 0.92232 0.91308 0.92587 0.87945 0.81136 0.93899 0.80292 0.88410 0.87114 0.80403 0.88095 0.83680 0.51089 0.21491
0.16667 0.49998 0.77312 0.79761 0.86058 0.88700 0.85359 0.90705 0.92264 0.88103 0.94421 0.94432 0.90498 0.93892 0.86386 0.91431 0.95432 0.95473 0.88820 0.93120 0.90950 0.80762 0.76990 0.29808 0.00000
0.16667 0.50000 0.46224 0.80231 0.77067 0.90949 0.89768 0.85873 0.91887 0.88549 0.89034 0.92972 0.97215 0.93961 0.87954 0.86901 0.96536 0.94493 0.94184 0.93757 0.93659 0.95410 0.73008 0.13818 0.13684
0.12508 0.13148 0.51154 0.86439 0.87030 0.94466 0.92872 0.80413 0.90261 0.97712 0.90972 0.94778 0.92664 0.91002 0.95755 0.92071 0.92919 0.86526 0.93543 0.94220 0.90018 0.83350 0.39474 0.25947 0.16667
0.13821 0.21968 0.59212 0.59698 0.93170 0.92852 0.94176 0.89376 0.88696 0.93711 0.95797 0.93171 0.93200 0.96072 0.95384 0.88033 0.88561 0.83552 0.93797 0.76330 0.88295 0.89315 0.26401 0.24481 0.24018
0.26280 0.56377 0.82952 0.87795 0.93065 0.94353 0.94226 0.83787 0.85922 0.86963 0.84852 0.92236 0.82657 0.85854 0.87873 0.85701 0.89777 0.83793 0.90023 0.86415 0.85487 0.88988 0.67113 0.33333 0.33333
0.28781 0.58894 0.88938 0.94931 0.97475 0.98385 0.96019 0.91819 0.82005 0.84763 0.92227 0.75750 0.83463 0.88842 0.75578 0.86829 0.84773 0.84807 0.85888 0.89627 0.87717 0.83944 0.66419 0.55380 0.00000
0.33333 1.00000 0.95130 0.95256 0.98865 0.97075 0.96797 0.89827 0.83800 0.79460 0.88639 0.55601 0.90760 0.87938 0.85206 0.85788 0.88478 0.81568 0.87194 0.88731 0.85006 0.61626 0.51055 0.16667 0.16667
0.33333 0.52122 1.00000 1.00000 1.00000 0.94180 0.97063 0.94814 0.85439 0.82788 0.45538 0.57735 0.91800 0.90161 0.87154 0.92378 0.94463 0.71585 0.90786 0.66827 0.69655 0.71399 0.16667 0.16667 0.00000
0.33333 0.55607 0.52880 1.00000 0.64333 0.93213 1.00000 0.61966 0.84858 0.28632 0.51435 0.28858 0.68848 0.71216 0.87571 0.92760 0.74499 0.71682 0.53382 0.68522 0.71979 0.16667 0.16667 0.00000 0.00000
0.00000 0.00000 0.33333 0.33333 0.58220 0.58135 0.33333 0.59085 0.33333 0.33333 0.60119 0.33333 0.58958 0.33333 0.33333 0.57839 0.57193 0.33333 0.58756 0.33333 0.33333 0.00000 0.00000 0.00000 0.00000
