# name=mixed_regions field=200x200 stride=8
25 25
0.00000 0.14810 0.34257 0.35366 0.72295 0.75327 0.72295 0.75327 0.72295 0.34923 0.35204 0.14965 0.00000 0.00000 0.00000 0.00000 0.00000 0.00000 0.00000 0.00000 0.00000 0.00000 0.00000 0.00000 0.00000
0.14406 0.34807 1.00000 0.93222 1.00000 0.89834 1.00000 0.89834 1.00000 0.95852 1.00000 0.35647 0.21593 0.00000 0.00000 0.00000 0.00000 0.04259 0.02402 0.02532 0.00000 0.00000 0.00000 0.00000 0.00000
0.33721 1.00000 0.95276 1.00000 0.96239 1.00000 0.96239 1.00000 0.98026 1.00000 0.97159 1.00000 0.20451 0.14738 0.00000 0.02738 0.04097 0.04737 0.04687 0.02400 0.04365 0.15704 0.20579 0.06588 0.02562
0.34249 0.93222 1.00000 1.00000 1.00000 1.00000 1.00000 1.00000 1.00000 1.00000 1.00000 0.82566 0.36727 0.14210 0.00000 0.02691 0.04809 0.05582 0.05631 0.04524 0.03799 0.23039 0.18479 0.21772 0.13165
0.72917 1.00000 0.96239 1.00000 0.97018 1.00000 0.97018 1.00000 0.98451 1.00000 0.97764 0.90428 0.39051 0.16121 0.00000 0.02655 0.02736 0.06775 0.06104 0.04804 0.19432 0.21019 0.17160 0.19387 0.12301
0.76175 0.89834 1.00000 1.00000 1.00000 1.00000 1.00000 1.00000 1.00000 1.00000 0.96735 0.89061 0.42755 0.32268 0.00000 0.05910 0.07756 0.06432 0.14861 0.11818 0.21055 0.27482 0.27288 0.20315 0.12054
0.72917 1.00000 0.96239 1.00000 0.97018 1.00000 0.97018 1.00000 0.98451 1.00000 0.97764 0.90428 0.26608 0.27443 0.00000 0.12683 0.10009 0.16918 0.01953 0.10989 0.22019 0.26079 0.19144 0.19725 0.20789
0.76175 0.89834 1.00000 1.00000 1.00000 1.00000 1.00000 1.00000 1.00000 1.00000 0.96735 0.83234 0.55963 0.11065 0.00000 0.06083 0.05259 0.05773 0.11155 0.33834 0.28860 0.33207 0.30655 0.12095 0.11487
0.72917 1.00000 0.96239 1.00000 0.97018 1.00000 0.97018 1.00000 0.98451 1.00000 0.97764 0.70174 0.42081 0.16793 0.05887 0.20125 0.18844 0.06049 0.26145 0.35988 0.40452 0.26185 0.30008 0.29859 0.00000
0.76175 0.89834 1.00000 1.00000 1.00000 1.00000 1.00000 1.00000 1.00000 1.00000 0.96735 0.69094 0.27548 0.14875 0.12738 0.32976 0.33240 0.39160 0.25362 0.20393 0.21398 0.16264 0.08078 0.08303 0.00000
0.72917 1.00000 0.96239 1.00000 0.97018 1.00000 0.97018 1.00000 0.98451 1.00000 0.90428 0.70182 0.27328 0.29849 0.11027 0.28407 0.30214 0.38128 0.21754 0.19074 0.20856 0.16411 0.15338 0.16403 0.00000
0.76175 0.89834 1.00000 1.00000 1.00000 1.00000 1.00000 1.00000 1.00000 1.00000 0.89422 0.70001 0.42744 0.30189 0.11108 0.10630 0.27463 0.32779 0.18938 0.09457 0.20222 0.13873 0.13209 0.12916 0.00000
0.72917 1.00000 0.96239 1.00000 0.97018 1.00000 0.97018 1.00000 0.98451 1.00000 0.97764 0.78576 0.46082 0.12664 0.12892 0.04470 0.16655 0.36143 0.27065 0.41152 0.37107 0.34999 0.33688 0.34670 0.00000
0.76175 0.89834 1.00000 1.00000 1.00000 1.00000 1.00000 1.00000 1.00000 1.00000 0.96735 0.82014 0.47816 0.17307 0.11619 0.13464 0.29319 0.22499 0.41643 0.39976 0.32016 0.33030 0.33700 0.02418 0.02964
0.72917 1.00000 0.96239 1.00000 0.97018 1.00000 0.97018 1.00000 0.98451 1.00000 0.97764 0.81636 0.25084 0.38497 0.12024 0.12783 0.12780 0.21374 0.31724 0.05244 0.28952 0.11769 0.02246 0.02491 0.02891
0.76175 0.89834 1.00000 1.00000 1.00000 1.00000 1.00000 1.00000 1.00000 1.00000 0.96735 0.77514 0.54521 0.42197 0.20414 0.20517 0.20061 0.21003 0.05724 0.05503 0.29349 0.22621 0.23188 0.05834 0.05801
0.72917 1.00000 0.96239 1.00000 0.97018 1.00000 0.97018 1.00000 0.98451 1.00000 0.97764 0.76707 0.53423 0.42177 0.05164 0.10974 0.12003 0.13141 0.11206 0.12147 0.14814 0.15376 0.06198 0.05882 0.05564
0.76175 0.89834 1.00000 1.00000 1.00000 1.00000 1.00000 1.00000 1.00000 1.00000 0.96735 0.78435 0.22279 0.43816 0.09257 0.09136 0.19238 0.18795 0.28453 0.31121 0.13129 0.12752 0.06395 0.06607 0.00000
0.72917 1.00000 0.96239 1.00000 0.97018 1.00000 0.97018 1.00000 0.98451 1.00000 0.97764 0.87052 0.50377 0.37206 0.07019 0.27127 0.26239 0.17507 0.14957 0.34269 0.20087 0.06340 0.06457 0.02470 0.02465
0.76175 0.89834 1.00000 1.00000 1.00000 1.00000 1.00000 1.00000 1.00000 1.00000 0.96735 0.81964 0.57367 0.37381 0.19912 0.28579 0.27252 0.11417 0.01747 0.16296 0.10252 0.01966 0.02125 0.02358 0.02359
0.72917 1.00000 0.98026 1.00000 0.98451 1.00000 0.98451 1.00000 1.00000 1.00000 1.00000 0.75967 0.49747 0.24956 0.13132 0.11928 0.11698 0.10992 0.10987 0.10866 0.10708 0.11478 0.02088 0.02569 0.02576
0.33871 0.95852 1.00000 1.00000 1.00000 1.00000 1.00000 1.00000 1.00000 1.00000 0.96094 0.78886 0.20386 0.14489 0.14160 0.12772 0.11333 0.10382 0.11097 0.04908 0.10768 0.01693 0.02081 0.02413 0.00000
0.35204 1.00000 0.97159 1.00000 0.97764 0.96735 0.97764 0.96735 1.00000 0.96094 1.00000 0.40982 0.20496 0.00000 0.00000 0.13681 0.11358 0.05288 0.02302 0.04840 0.04848 0.00000 0.00000 0.00000 0.00000
0.14633 0.35647 1.00000 0.92675 0.90428 0.89061 0.90428 0.89061 0.90428 0.95503 0.34879 0.36684 0.00000 0.00000 0.00000 0.00000 0.04966 0.02288 0.02370 0.02519 0.00000 0.00000 0.00000 0.00000 0.00000
0.00000 0.14810 0.14621 0.35366 0.35514 0.35366 0.35514 0.35366 0.35514 0.14586 0.14727 0.00000 0.00000 0.00000 0.00000 0.00000 0.00000 0.00000 0.00000 0.00000 0.00000 0.00000 0.00000 0.00000 0.00000
