# name=rect_scattered field=200x200 stride=8
25 25
0.00000 0.00000 0.00000 0.00000 0.00000 0.00000 0.00000 0.00000 0.00000 0.00000 0.00000 0.00000 0.00000 0.00000 0.00000 0.00000 0.00000 0.00000 0.00000 0.00000 0.00000 0.00000 0.00000 0.00000 0.00000
0.00000 0.00000 0.00000 0.00000 0.00000 0.00000 0.08408 0.02645 0.04778 0.03635 0.00000 0.00000 0.00000 0.01687 0.00000 0.02106 0.00000 0.00000 0.00000 0.00000 0.00000 0.00000 0.00000 0.00000 0.00000
0.00000 0.00000 0.02497 0.02708 0.08735 0.07159 0.06682 0.05462 0.04711 0.04053 0.00000 0.00000 0.02258 0.01860 0.00000 0.01958 0.01692 0.00000 0.00000 0.03394 0.09120 0.08075 0.00000 0.00000 0.00000
0.00000 0.00000 0.00000 0.09315 0.24040 0.21832 0.05169 0.04707 0.04607 0.00000 0.00000 0.06576 0.02211 0.02147 0.02197 0.01799 0.01719 0.05292 0.03029 0.03098 0.08773 0.37035 0.10230 0.10512 0.00000
0.00000 0.00000 0.06394 0.09591 0.22773 0.11453 0.04512 0.03952 0.00000 0.00000 0.00000 0.06328 0.02076 0.02459 0.00000 0.01642 0.01785 0.02219 0.02544 0.02523 0.08711 0.38353 0.09939 0.10344 0.00000
0.00000 0.00000 0.16764 0.14587 0.10249 0.00000 0.01609 0.00000 0.05913 0.00000 0.00000 0.04990 0.01971 0.02507 0.00000 0.00000 0.03564 0.01698 0.00000 0.00000 0.35651 0.23550 0.09716 0.10239 0.00000
0.00000 0.00000 0.14315 0.27937 0.30811 0.10088 0.08994 0.04065 0.04490 0.13357 0.00000 0.01372 0.01190 0.00000 0.00000 0.00000 0.02450 0.00000 0.00000 0.00000 0.03605 0.22008 0.21916 0.10218 0.00000
0.00000 0.00000 0.00000 0.04881 0.22860 0.22393 0.07842 0.14627 0.06443 0.05494 0.03799 0.00000 0.00000 0.00000 0.00000 0.00000 0.16843 0.02773 0.02494 0.00000 0.02923 0.02736 0.02368 0.19630 0.00000
0.00000 0.03467 0.04285 0.22048 0.48069 0.41805 0.25122 0.22375 0.07191 0.00000 0.05218 0.00000 0.00000 0.00000 0.00000 0.00000 0.06012 0.03130 0.03044 0.00000 0.02232 0.05438 0.01624 0.00000 0.00000
0.00000 0.00000 0.00000 0.00000 0.11384 0.10933 0.00000 0.07540 0.10035 0.12010 0.27260 0.00000 0.00000 0.00000 0.05841 0.18566 0.08858 0.08312 0.07783 0.03058 0.02607 0.02362 0.01835 0.00000 0.00000
0.00000 0.02356 0.05975 0.17094 0.11512 0.06949 0.05650 0.22245 0.09771 0.26939 0.30775 0.14951 0.00000 0.07827 0.07206 0.19435 0.08576 0.08462 0.08339 0.03320 0.06718 0.07483 0.00000 0.00000 0.00000
0.00000 0.05612 0.06031 0.17079 0.17014 0.25306 0.23333 0.44930 0.29710 0.49424 0.28412 0.16467 0.00000 0.19036 0.03428 0.09015 0.03426 0.03433 0.19026 0.16676 0.06612 0.03370 0.02238 0.00000 0.00000
0.00000 0.00000 0.05807 0.16270 0.26834 0.23942 0.45600 0.39392 0.49356 0.33044 0.32081 0.30817 0.12944 0.30371 0.33287 0.03734 0.14953 0.29872 0.28339 0.17366 0.02510 0.07485 0.02687 0.02577 0.00000
0.00000 0.00000 0.00000 0.01675 0.05852 0.13474 0.07749 0.09992 0.12772 0.13797 0.33425 0.31375 0.12390 0.29995 0.33733 0.03167 0.03059 0.18178 0.16163 0.02439 0.15722 0.03442 0.02847 0.02559 0.00000
0.00000 0.00000 0.00000 0.01493 0.08021 0.13542 0.07760 0.10624 0.13441 0.13141 0.11891 0.31318 0.06339 0.53505 0.50492 0.12359 0.07708 0.18193 0.16742 0.00000 0.00000 0.00000 0.02767 0.03406 0.00000
0.00000 0.00000 0.00000 0.03242 0.03987 0.13076 0.50031 0.35269 0.13351 0.13251 0.11752 0.00000 0.07411 0.07618 0.47930 0.50027 0.49817 0.30840 0.28279 0.04697 0.00000 0.04377 0.02460 0.02928 0.00000
0.00000 0.00000 0.00000 0.02759 0.21115 0.44942 0.50118 0.62478 0.62274 0.07834 0.06478 0.14884 0.07014 0.07616 0.52701 0.53928 0.53681 0.51950 0.47747 0.15697 0.04286 0.04572 0.05727 0.02448 0.00000
0.00000 0.00000 0.00000 0.00000 0.12569 0.06934 0.48798 0.64540 0.55946 0.08665 0.02489 0.00000 0.04871 0.07481 0.60928 0.60643 0.57389 0.54154 0.28166 0.46810 0.44138 0.19115 0.02737 0.00000 0.00000
0.00000 0.00000 0.02012 0.05413 0.05583 0.02554 0.31009 0.14469 0.00000 0.00000 0.00000 0.05828 0.05507 0.05632 0.22262 0.62801 0.44744 0.46779 0.28548 0.27469 0.11137 0.05219 0.00000 0.00000 0.00000
0.00000 0.00000 0.01966 0.05010 0.05247 0.05138 0.08004 0.00000 0.00000 0.00000 0.00000 0.08581 0.10287 0.31304 0.55640 0.28421 0.09545 0.12052 0.11748 0.11213 0.25762 0.13318 0.01872 0.00000 0.00000
0.00000 0.03841 0.03107 0.05523 0.00000 0.00000 0.00000 0.00000 0.02104 0.02364 0.27206 0.25397 0.49424 0.12656 0.12300 0.26241 0.20607 0.25053 0.24065 0.44233 0.09569 0.20205 0.01667 0.00000 0.00000
0.00000 0.03128 0.02979 0.02474 0.04168 0.00000 0.00000 0.04093 0.01622 0.05509 0.25726 0.45423 0.52245 0.11391 0.11569 0.26489 0.04207 0.04803 0.20604 0.21891 0.08351 0.08289 0.00000 0.00000 0.00000
0.00000 0.02684 0.02721 0.02674 0.02448 0.00000 0.00000 0.00000 0.00000 0.02490 0.02386 0.25560 0.29106 0.05595 0.05892 0.06031 0.04446 0.00000 0.02822 0.03424 0.01502 0.00000 0.00000 0.00000 0.00000
0.00000 0.00000 0.02471 0.00000 0.00000 0.00000 0.00000 0.00000 0.00000 0.00000 0.00000 0.00000 0.06056 0.04612 0.05191 0.05626 0.00000 0.00000 0.00000 0.01027 0.00000 0.00000 0.00000 0.00000 0.00000
0.00000 0.00000 0.00000 0.00000 0.00000 0.00000 0.00000 0.00000 0.00000 0.00000 0.00000 0.00000 0.00000 0.00000 0.00000 0.00000 0.00000 0.00000 0.00000 0.00000 0.00000 0.00000 0.00000 0.00000 0.00000
