# name=mixed_regions field=200x200 stride=8
25 25
0.00000 0.14257 0.33530 0.33835 0.61250 0.64974 0.61250 0.64974 0.61250 0.33482 0.35204 0.14510 0.00000 0.00000 0.00000 0.00000 0.00000 0.00000 0.00000 0.00000 0.00000 0.00000 0.00000 0.00000 0.00000
0.15003 0.34807 1.00000 0.93222 1.00000 0.89834 1.00000 0.89834 1.00000 0.95852 1.00000 0.35647 0.24847 0.00000 0.00000 0.00000 0.00000 0.00000 0.00000 0.00000 0.00000 0.00000 0.00000 0.00000 0.00000
0.33530 1.00000 0.95276 1.00000 0.96239 1.00000 0.96239 1.00000 0.98026 1.00000 0.97159 1.00000 0.24235 0.19829 0.00000 0.00000 0.00000 0.00000 0.00000 0.00000 0.17020 0.48308 0.56367 0.10163 0.04493
0.35898 0.93222 1.00000 1.00000 1.00000 1.00000 1.00000 1.00000 1.00000 1.00000 1.00000 0.85669 0.25392 0.19517 0.00000 0.00000 0.00000 0.00000 0.00000 0.16686 0.16781 0.48109 0.54063 0.60796 0.24601
0.65829 1.00000 0.96239 1.00000 0.97018 1.00000 0.97018 1.00000 0.98451 1.00000 0.97764 0.90428 0.26577 0.21322 0.00000 0.00000 0.00000 0.00000 0.06143 0.06801 0.47276 0.50955 0.52524 0.57649 0.23363
0.68495 0.89834 1.00000 1.00000 1.00000 1.00000 1.00000 1.00000 1.00000 1.00000 0.96735 0.89061 0.48088 0.42099 0.00000 0.09272 0.11642 0.08369 0.20754 0.17597 0.52565 0.57570 0.55102 0.38784 0.23106
0.65829 1.00000 0.96239 1.00000 0.97018 1.00000 0.97018 1.00000 0.98451 1.00000 0.97764 0.90428 0.36221 0.27175 0.00000 0.18708 0.15783 0.28106 0.06924 0.16525 0.48752 0.55354 0.36091 0.36414 0.38886
0.68495 0.89834 1.00000 1.00000 1.00000 1.00000 1.00000 1.00000 1.00000 1.00000 0.96735 0.87063 0.61743 0.07689 0.00000 0.15258 0.18120 0.20412 0.07662 0.47021 0.46446 0.53747 0.51239 0.20562 0.19632
0.65829 1.00000 0.96239 1.00000 0.97018 1.00000 0.97018 1.00000 0.98451 1.00000 0.97764 0.76435 0.49231 0.23752 0.09029 0.13645 0.11858 0.21480 0.35457 0.47262 0.31747 0.37143 0.54934 0.55230 0.03295
0.68495 0.89834 1.00000 1.00000 1.00000 1.00000 1.00000 1.00000 1.00000 1.00000 0.96735 0.75587 0.35207 0.21372 0.19692 0.46328 0.47467 0.54161 0.32995 0.27262 0.31387 0.25491 0.13209 0.13316 0.00000
0.65829 1.00000 0.96239 1.00000 0.97018 1.00000 0.97018 1.00000 0.98451 1.00000 0.91758 0.73899 0.34428 0.44400 0.17726 0.42092 0.42331 0.51560 0.25865 0.28157 0.30410 0.24700 0.23917 0.23471 0.00000
0.68495 0.89834 1.00000 1.00000 1.00000 1.00000 1.00000 1.00000 1.00000 1.00000 0.90739 0.73488 0.57182 0.45215 0.18191 0.18484 0.42510 0.52703 0.27905 0.13246 0.32662 0.20585 0.19112 0.19580 0.00000
0.65829 1.00000 0.96239 1.00000 0.97018 1.00000 0.97018 1.00000 0.98451 1.00000 0.97764 0.81788 0.63859 0.26500 0.20944 0.08509 0.23152 0.52762 0.36004 0.56410 0.44047 0.48014 0.47002 0.49000 0.00000
0.68495 0.89834 1.00000 1.00000 1.00000 1.00000 1.00000 1.00000 1.00000 1.00000 0.96735 0.83850 0.37097 0.24422 0.16424 0.18052 0.38666 0.29505 0.54338 0.51448 0.40169 0.39626 0.25524 0.07982 0.04034
0.65829 1.00000 0.96239 1.00000 0.97018 1.00000 0.97018 1.00000 0.98451 1.00000 0.97764 0.83565 0.26086 0.44287 0.16379 0.16283 0.16560 0.27356 0.40431 0.15348 0.38996 0.16381 0.06894 0.07531 0.03740
0.68495 0.89834 1.00000 1.00000 1.00000 1.00000 1.00000 1.00000 1.00000 1.00000 0.96735 0.80015 0.59431 0.54559 0.13820 0.44159 0.46237 0.50151 0.15616 0.15834 0.41241 0.34563 0.34576 0.08167 0.08385
0.65829 1.00000 0.96239 1.00000 0.97018 1.00000 0.97018 1.00000 0.98451 1.00000 0.97764 0.79640 0.58303 0.58855 0.08451 0.29850 0.30990 0.32908 0.17916 0.15237 0.19818 0.21630 0.08174 0.07605 0.07692
0.68495 0.89834 1.00000 1.00000 1.00000 1.00000 1.00000 1.00000 1.00000 1.00000 0.96735 0.80518 0.26708 0.64823 0.27765 0.29011 0.45279 0.45914 0.44729 0.39698 0.11282 0.10524 0.09571 0.09889 0.00000
0.65829 1.00000 0.96239 1.00000 0.97018 1.00000 0.97018 1.00000 0.98451 1.00000 0.97764 0.88890 0.58712 0.30367 0.32127 0.42543 0.40016 0.39545 0.44029 0.51044 0.44585 0.09749 0.09939 0.04001 0.03996
0.68495 0.89834 1.00000 1.00000 1.00000 1.00000 1.00000 1.00000 1.00000 1.00000 0.96735 0.83202 0.65135 0.33304 0.19100 0.46027 0.42339 0.22015 0.08514 0.43410 0.16658 0.03311 0.03546 0.03884 0.03884
0.65829 1.00000 0.98026 1.00000 0.98451 1.00000 0.98451 1.00000 1.00000 1.00000 1.00000 0.77074 0.40559 0.35210 0.08422 0.07697 0.08610 0.19285 0.17449 0.19033 0.18553 0.19097 0.03496 0.04038 0.04043
0.35424 0.95852 1.00000 1.00000 1.00000 1.00000 1.00000 1.00000 1.00000 1.00000 0.96094 0.80120 0.23818 0.18320 0.09622 0.07976 0.17911 0.18487 0.18355 0.20117 0.19670 0.03377 0.03694 0.03911 0.00000
0.35204 1.00000 0.97159 1.00000 0.97764 0.96735 0.97764 0.96735 1.00000 0.96094 1.00000 0.39967 0.25375 0.00000 0.00000 0.08910 0.18358 0.07710 0.03543 0.18880 0.19880 0.00000 0.00000 0.00000 0.00000
0.15124 0.35647 1.00000 0.92675 0.90428 0.89061 0.90428 0.89061 0.90428 0.95503 0.34879 0.36684 0.00000 0.00000 0.00000 0.00000 0.07271 0.03530 0.03654 0.03937 0.00000 0.00000 0.00000 0.00000 0.00000
0.00000 0.14257 0.13944 0.33835 0.33955 0.33835 0.33955 0.33835 0.33955 0.13887 0.14119 0.00000 0.00000 0.00000 0.00000 0.00000 0.00000 0.00000 0.00000 0.00000 0.00000 0.00000 0.00000 0.00000 0.00000
