# name=rect_rotated_scattered field=200x200 stride=8
25 25
0.00000 0.00000 0.00000 0.00000 0.00000 0.00000 0.00000 0.00000 0.00000 0.00000 0.00000 0.00000 0.00000 0.00000 0.00000 0.00000 0.00000 0.00000 0.00000 0.00000 0.00000 0.00000 0.00000 0.00000 0.00000
0.00000 0.00000 0.00000 0.00000 0.00000 0.00000 0.00000 0.00000 0.00000 0.00000 0.00000 0.00000 0.00000 0.00000 0.00000 0.00000 0.00000 0.00000 0.00000 0.00000 0.00000 0.00000 0.00000 0.00000 0.00000
0.00000 0.00000 0.00000 0.00000 0.00000 0.00000 0.00000 0.00000 0.00000 0.00000 0.00000 0.00000 0.00000 0.00000 0.00000 0.00000 0.00000 0.00000 0.00000 0.00000 0.00000 0.00000 0.00000 0.00000 0.00000
0.00000 0.00000 0.00000 0.00000 0.00000 0.00000 0.00000 0.02065 0.01739 0.00000 0.00000 0.00000 0.00000 0.00000 0.00000 0.00000 0.00000 0.00000 0.00000 0.00000 0.00000 0.00000 0.00000 0.00000 0.00000
0.00000 0.00000 0.00000 0.00000 0.00000 0.06573 0.02302 0.01892 0.01904 0.00000 0.00000 0.00000 0.00000 0.00000 0.00000 0.00000 0.00000 0.02851 0.00000 0.00000 0.00000 0.00000 0.00000 0.00000 0.00000
0.00000 0.00000 0.00000 0.00000 0.00000 0.05718 0.01951 0.01897 0.00000 0.01758 0.03814 0.00000 0.00000 0.00000 0.05582 0.06776 0.00000 0.00000 0.00000 0.05894 0.16732 0.19627 0.21301 0.00000 0.00000
0.00000 0.00000 0.00000 0.00000 0.05723 0.00000 0.01732 0.10855 0.02684 0.02367 0.04985 0.07646 0.04704 0.00000 0.07476 0.03839 0.04468 0.00000 0.09316 0.06347 0.16198 0.19610 0.21172 0.23141 0.00000
0.00000 0.00000 0.00000 0.00000 0.02321 0.02763 0.07435 0.03251 0.02919 0.05725 0.06365 0.05014 0.04139 0.00000 0.03956 0.03764 0.04073 0.00000 0.06746 0.17060 0.33406 0.21230 0.21914 0.04377 0.04534
0.00000 0.00000 0.02500 0.02517 0.02283 0.02458 0.06293 0.06896 0.03157 0.06383 0.27999 0.03442 0.03675 0.04048 0.08875 0.06654 0.07329 0.06355 0.08219 0.07747 0.09182 0.10528 0.04297 0.04283 0.04377
0.00000 0.02943 0.02800 0.03092 0.03605 0.07618 0.05644 0.06123 0.07982 0.13050 0.30092 0.02890 0.03197 0.07966 0.06964 0.25822 0.06709 0.07894 0.23389 0.08895 0.04474 0.10688 0.08169 0.07923 0.07866
0.00000 0.03549 0.03406 0.03465 0.03245 0.02970 0.06276 0.05785 0.07817 0.12352 0.05042 0.05858 0.06750 0.06597 0.02732 0.26075 0.08077 0.08620 0.38725 0.20102 0.18289 0.15503 0.02148 0.00000 0.00000
0.00000 0.09649 0.08780 0.07985 0.06558 0.06037 0.00000 0.07139 0.07985 0.05772 0.05050 0.00000 0.07548 0.14998 0.28769 0.19071 0.21973 0.21829 0.23223 0.18924 0.14927 0.14956 0.03224 0.00000 0.00000
0.04425 0.04391 0.09207 0.08133 0.06884 0.05256 0.03873 0.00000 0.08558 0.05309 0.03616 0.05879 0.05400 0.26675 0.26065 0.45085 0.20708 0.19284 0.20326 0.21481 0.09430 0.20513 0.09447 0.10505 0.04309
0.09431 0.09703 0.09946 0.19775 0.27673 0.05529 0.00000 0.00000 0.00000 0.02777 0.13865 0.13836 0.06092 0.30028 0.27626 0.23471 0.46632 0.18856 0.19877 0.22651 0.20660 0.07411 0.08804 0.09449 0.04164
0.08686 0.09064 0.09487 0.22069 0.19837 0.16799 0.00000 0.00000 0.07246 0.09501 0.17539 0.15514 0.16361 0.17562 0.30552 0.05138 0.04275 0.09377 0.08188 0.09918 0.18669 0.15010 0.16615 0.17869 0.09071
0.00000 0.08053 0.08548 0.22377 0.22062 0.17929 0.00000 0.00000 0.08955 0.11089 0.19184 0.17927 0.18597 0.23277 0.04527 0.04510 0.04589 0.08968 0.07686 0.08531 0.49016 0.45157 0.45540 0.07900 0.08016
0.00000 0.00000 0.00000 0.23123 0.35181 0.35795 0.19022 0.32532 0.08181 0.19909 0.21791 0.20064 0.19672 0.27991 0.03345 0.03227 0.06122 0.00000 0.06924 0.06773 0.52835 0.52827 0.51305 0.07060 0.00000
0.00000 0.02933 0.02733 0.49700 0.49861 0.57826 0.22464 0.32316 0.28498 0.07096 0.00898 0.03541 0.15209 0.16395 0.07073 0.01833 0.00000 0.00000 0.00000 0.04709 0.16992 0.20277 0.22543 0.00000 0.00000
0.00000 0.00000 0.02546 0.02526 0.06782 0.36822 0.24241 0.32306 0.30048 0.03009 0.01484 0.01801 0.06373 0.17766 0.03864 0.08148 0.04899 0.05317 0.06453 0.54515 0.22385 0.36492 0.38791 0.00000 0.00000
0.00000 0.00000 0.03250 0.21828 0.18397 0.20638 0.44995 0.03769 0.07328 0.28762 0.05957 0.06619 0.16869 0.09694 0.08466 0.07678 0.06342 0.05520 0.29863 0.19550 0.54303 0.20074 0.21390 0.00000 0.00000
0.00000 0.04241 0.10462 0.09130 0.08146 0.46938 0.45197 0.03176 0.03228 0.27897 0.25340 0.03629 0.09654 0.20482 0.49886 0.15830 0.14358 0.19931 0.31551 0.21580 0.62877 0.17934 0.00000 0.00000 0.00000
0.00000 0.03877 0.03747 0.08741 0.30916 0.46727 0.08435 0.09874 0.02355 0.10322 0.07710 0.00000 0.08407 0.19871 0.48192 0.40448 0.03384 0.03823 0.23789 0.24186 0.24884 0.00000 0.00000 0.00000 0.00000
0.03728 0.03676 0.03708 0.03819 0.32664 0.30956 0.09493 0.10739 0.00000 0.07291 0.08170 0.00000 0.03937 0.18532 0.44692 0.36715 0.03878 0.04395 0.22739 0.00000 0.00000 0.00000 0.00000 0.00000 0.00000
0.00000 0.03850 0.04029 0.04231 0.08661 0.04171 0.04081 0.04335 0.00000 0.00000 0.00000 0.00000 0.04176 0.03673 0.03805 0.09748 0.04466 0.04378 0.21538 0.00000 0.00000 0.00000 0.00000 0.00000 0.00000
0.00000 0.00000 0.00000 0.00000 0.04632 0.04207 0.04068 0.04306 0.00000 0.00000 0.00000 0.00000 0.04613 0.04265 0.04314 0.04617 0.04624 0.04483 0.04385 0.00000 0.00000 0.00000 0.00000 0.00000 0.00000
