# name=two_districts field=200x200 stride=8
25 25
0.00000 0.33333 0.54838 0.56773 0.87825 0.87575 0.87825 0.87575 0.87825 0.55897 0.45245 0.18567 0.35152 0.37926 0.75671 0.72658 0.76994 0.78208 0.84182 0.82083 0.53305 0.84552 0.83673 0.88977 0.48174
0.33333 0.52211 1.00000 0.93792 1.00000 0.98200 1.00000 0.98200 1.00000 0.95852 0.86537 0.36351 0.69609 0.76160 0.75673 0.78825 0.84166 0.85901 0.83809 0.83995 0.83349 0.86623 0.83506 0.84041 0.84517
0.54838 1.00000 0.95276 1.00000 0.97174 1.00000 0.97174 1.00000 0.98026 1.00000 0.88326 0.80118 0.81019 0.76715 0.80846 0.81162 0.84869 0.85668 0.87182 0.85581 0.84982 0.86947 0.84143 0.82631 0.81046
0.56773 0.93792 1.00000 1.00000 1.00000 1.00000 1.00000 1.00000 1.00000 1.00000 0.94762 0.85745 0.77286 0.79383 0.79451 0.84273 0.85983 0.85632 0.87437 0.86875 0.88364 0.85569 0.86326 0.84373 0.81983
0.87825 1.00000 0.97174 1.00000 0.98851 1.00000 0.98851 1.00000 0.98816 1.00000 0.94058 0.82885 0.75101 0.77653 0.84820 0.85005 0.86906 0.88035 0.87168 0.87044 0.86966 0.86999 0.85592 0.81283 0.74064
0.87575 0.98200 1.00000 1.00000 1.00000 1.00000 1.00000 1.00000 1.00000 1.00000 0.92029 0.84578 0.55568 0.78804 0.87721 0.87795 0.86453 0.86879 0.86846 0.88032 0.87291 0.87675 0.86719 0.83648 0.81557
0.87825 1.00000 0.97174 1.00000 0.98851 1.00000 0.98851 1.00000 0.98816 1.00000 0.92210 0.76242 0.64690 0.77898 0.87667 0.87699 0.87690 0.87727 0.86326 0.86802 0.85789 0.88303 0.86626 0.83964 0.80681
0.87575 0.98200 1.00000 1.00000 1.00000 1.00000 1.00000 1.00000 1.00000 1.00000 0.92560 0.83673 0.66841 0.73665 0.86193 0.85441 0.86883 0.87664 0.87720 0.87875 0.88040 0.86977 0.85767 0.84986 0.86392
0.87825 1.00000 0.97174 1.00000 0.98851 1.00000 0.98851 1.00000 0.98816 1.00000 0.97764 0.84633 0.62749 0.79371 0.83143 0.85963 0.87746 0.87742 0.86857 0.86760 0.88024 0.86833 0.85551 0.82974 0.80461
0.87575 0.98200 1.00000 1.00000 1.00000 1.00000 1.00000 1.00000 1.00000 1.00000 0.95339 0.80862 0.64716 0.81523 0.84931 0.87271 0.87883 0.87886 0.87943 0.88047 0.85786 0.86463 0.83853 0.81990 0.79419
0.87825 1.00000 0.97174 1.00000 0.98851 1.00000 0.98851 1.00000 0.98816 1.00000 0.94646 0.78589 0.60762 0.79131 0.85468 0.88029 0.88059 0.86743 0.86847 0.88232 0.88269 0.88156 0.85229 0.85166 0.83162
0.87575 0.98200 1.00000 1.00000 1.00000 1.00000 1.00000 1.00000 1.00000 1.00000 0.96680 0.88370 0.71246 0.75540 0.86895 0.88122 0.88221 0.87198 0.88398 0.86207 0.87181 0.86925 0.87217 0.86244 0.82769
0.87825 1.00000 0.97174 1.00000 0.98851 1.00000 0.98851 1.00000 0.98816 1.00000 0.97764 0.86027 0.64117 0.69011 0.83369 0.85549 0.87390 0.87053 0.88508 0.87483 0.88428 0.87294 0.86810 0.85676 0.83028
0.87575 0.98200 1.00000 1.00000 1.00000 1.00000 1.00000 1.00000 1.00000 1.00000 0.93240 0.78325 0.56606 0.74793 0.84390 0.85975 0.86718 0.88383 0.88467 0.87141 0.87423 0.87380 0.87166 0.83895 0.83769
0.87825 1.00000 0.97174 1.00000 0.98851 1.00000 0.98851 1.00000 0.98816 1.00000 0.93187 0.73635 0.48544 0.75571 0.85715 0.87818 0.86871 0.88236 0.87140 0.88411 0.88354 0.88390 0.88419 0.86737 0.87401
0.87575 0.98200 1.00000 1.00000 1.00000 1.00000 1.00000 1.00000 1.00000 1.00000 0.92308 0.80426 0.59382 0.75687 0.87556 0.87812 0.88036 0.88158 0.86913 0.87314 0.86955 0.88212 0.88299 0.88542 0.86163
0.87825 1.00000 0.97174 1.00000 0.98851 1.00000 0.98851 1.00000 0.98816 1.00000 0.97764 0.78690 0.61431 0.75296 0.85897 0.85635 0.87991 0.88131 0.88067 0.88006 0.87929 0.87010 0.88162 0.87033 0.86961
0.87575 0.98200 1.00000 1.00000 1.00000 1.00000 1.00000 1.00000 1.00000 1.00000 0.97224 0.84902 0.60386 0.74230 0.83038 0.84204 0.86898 0.88147 0.86667 0.87819 0.87745 0.87824 0.86648 0.84121 0.83208
0.87825 1.00000 0.97174 1.00000 0.98851 1.00000 0.98851 1.00000 0.98816 1.00000 0.94156 0.80648 0.39474 0.78170 0.85292 0.88362 0.88271 0.88120 0.87956 0.87779 0.85394 0.86223 0.87285 0.86072 0.86649
0.87575 0.98200 1.00000 1.00000 1.00000 1.00000 1.00000 1.00000 1.00000 1.00000 0.92792 0.81517 0.62647 0.76845 0.86258 0.88449 0.88385 0.88251 0.87974 0.87837 0.86668 0.87792 0.84897 0.88161 0.78886
0.87825 1.00000 0.98026 1.00000 0.98816 1.00000 0.98816 1.00000 1.00000 1.00000 0.96322 0.84154 0.65420 0.76047 0.87304 0.86891 0.88436 0.86850 0.88102 0.87972 0.86486 0.87916 0.86261 0.85699 0.82332
0.55897 0.95852 1.00000 1.00000 1.00000 1.00000 1.00000 1.00000 1.00000 1.00000 0.96094 0.87008 0.66688 0.71357 0.83964 0.84359 0.87559 0.87246 0.88255 0.86795 0.88093 0.86253 0.86761 0.83929 0.84787
0.55526 1.00000 0.97159 1.00000 0.97764 0.97224 0.97764 0.97224 1.00000 0.96094 1.00000 0.58301 0.68818 0.81220 0.85419 0.85446 0.88679 0.87100 0.88429 0.88324 0.87233 0.85491 0.82906 0.81437 0.78616
0.33333 0.54665 1.00000 0.94236 0.93486 0.98070 0.93486 0.98070 0.93486 0.95503 0.66144 0.59324 0.43925 0.86225 0.86291 0.85993 0.88852 0.87629 0.84833 0.86697 0.86368 0.83838 0.76570 0.75216 0.69931
0.00000 0.33333 0.33333 0.56773 0.57059 0.56773 0.57059 0.56773 0.57059 0.33333 0.52730 0.00000 0.45920 0.88987 0.89129 0.85595 0.83551 0.87603 0.84340 0.86169 0.84830 0.81612 0.74422 0.67090 0.55096
