# name=grid_mixed_sizes field=200x200 stride=8
25 25
0.00000 0.00000 0.00000 0.00000 0.00000 0.00000 0.04138 0.04458 0.05408 0.14155 0.13702 0.36272 0.37167 0.15334 0.34931 0.32749 0.27315 0.73794 0.28074 0.34247 0.52990 0.15334 0.15381 0.15460 0.00000
0.00000 0.00000 0.00000 0.00000 0.00000 0.00000 0.27312 0.25735 0.24716 0.33291 0.75165 0.36272 0.55325 0.35108 0.53134 0.48929 0.27250 0.75351 0.26760 0.79779 0.50914 0.54065 0.95245 0.15460 0.00000
0.00000 0.00000 0.36738 0.00000 0.30209 0.27536 0.27865 0.42999 0.81631 0.74342 0.87021 0.86727 0.96327 0.90449 0.82131 0.79712 0.76392 0.77779 0.70623 0.77159 0.91630 0.93378 0.91738 0.92186 0.14855
0.14855 0.36738 0.91961 0.87022 0.81550 0.86058 0.74836 0.75333 0.79193 0.84978 0.85459 0.92165 0.92363 0.88617 0.85478 0.86741 0.74772 0.81973 0.79154 0.92965 0.90735 0.94547 0.93493 0.87166 0.14613
0.14613 0.32459 0.91200 0.86533 0.85088 0.85309 0.76931 0.87473 0.77486 0.80569 0.85180 0.94356 0.91728 0.89124 0.86411 0.79683 0.77414 0.82847 0.82852 0.94408 0.96353 0.93203 0.88873 0.52774 0.14733
0.14733 0.33997 0.88218 0.88729 0.85643 0.74669 0.75509 0.86154 0.74168 0.84009 0.85368 0.72372 0.90603 0.89949 0.75421 0.80918 0.68160 0.87239 0.89982 0.86738 0.93344 0.90407 0.85559 0.87158 0.14855
0.35107 0.33495 0.95642 0.96065 0.92367 0.82700 0.83222 0.66430 0.75607 0.78585 0.79742 0.28624 0.80297 0.79804 0.82725 0.77323 0.91392 0.96706 0.92931 0.89310 0.83612 0.78580 0.53383 0.33280 0.14613
0.14613 1.00000 1.00000 1.00000 0.96877 0.93775 0.78899 0.87484 0.81146 0.85164 0.91134 0.76848 0.80704 0.78942 0.81779 0.74933 0.66527 0.75444 0.78013 0.83443 0.78670 0.79196 0.79595 0.36283 0.14733
0.14733 1.00000 1.00000 0.95798 0.90289 0.80023 0.80953 0.68553 0.85485 0.84038 0.95721 0.78041 0.81616 0.76712 0.77273 0.79589 0.30735 0.70531 0.75469 0.77250 0.69577 0.75003 0.80636 0.38258 0.14855
0.37765 0.36070 1.00000 0.87223 0.59551 0.82844 0.61006 0.68830 0.78325 0.82706 0.77593 0.67621 0.62335 0.63744 0.29902 0.66737 0.27251 0.64868 0.82253 0.78810 0.76936 0.82449 0.13410 0.14613 0.14613
0.00000 0.30849 0.30756 0.37395 0.51095 0.72033 0.43693 0.65441 0.75677 0.77420 0.28448 0.68224 0.72160 0.72582 0.37106 0.38726 0.78210 0.81800 0.31495 0.81646 0.47140 0.78180 0.53698 0.14733 0.14733
0.04744 0.28462 0.40119 0.38078 0.63966 0.68462 0.76842 0.28963 0.53981 0.52699 0.58959 0.75386 0.79216 0.81054 0.68828 0.39528 0.77412 0.74894 0.82636 0.78165 0.79188 0.79884 0.67550 0.36569 0.00000
0.04877 0.04967 0.21948 0.46282 0.40049 0.40254 0.29089 0.87404 0.83710 0.75366 0.80356 0.82955 0.72697 0.68143 0.76418 0.86124 0.21384 0.59888 0.50308 0.73537 0.71376 0.10423 0.10685 0.04647 0.04750
0.00000 0.00000 0.00000 0.43734 0.43359 0.70005 0.81296 0.91870 0.89412 0.82667 0.78458 0.83165 0.79341 0.11055 0.17410 0.32922 0.21582 0.03804 0.39842 0.41011 0.40811 0.71044 0.11855 0.04536 0.04530
0.00000 0.00000 0.00000 0.26775 0.45300 0.49858 0.87639 0.87241 0.84597 0.77925 0.79370 0.75854 0.79955 0.70174 0.76758 0.69303 0.66898 0.66619 0.77288 0.71762 0.74365 0.76643 0.11691 0.11363 0.00000
0.00000 0.00000 0.28448 0.44070 0.24237 0.28507 0.11590 0.11428 0.28163 0.75154 0.72669 0.77275 0.84061 0.80650 0.78693 0.69628 0.65601 0.76845 0.78496 0.78248 0.77982 0.27830 0.00000 0.00000 0.00000
0.00000 0.08315 0.08315 0.42183 0.38957 0.66082 0.39171 0.64613 0.65542 0.78252 0.74034 0.76865 0.78719 0.78946 0.78678 0.50452 0.83465 0.27968 0.76836 0.78861 0.47140 0.47140 0.00000 0.00000 0.00000
0.00000 0.00000 0.00000 0.11402 0.77923 0.72981 0.71786 0.64382 0.71093 0.46238 0.81458 0.78217 0.64416 0.56995 0.86651 0.66819 0.81639 0.79754 0.78809 0.77435 0.72571 0.27619 0.00000 0.00000 0.00000
0.00000 0.00000 0.12500 0.00000 0.84406 0.77339 0.50617 0.65668 0.71612 0.62425 0.83461 0.86087 0.95306 0.91992 0.92077 0.91960 0.91577 0.87323 0.88697 0.85710 0.74726 0.71234 0.00000 0.00000 0.00000
0.05280 0.12955 0.13158 0.66204 0.69504 0.27346 0.74660 0.67553 0.72669 0.83504 0.89593 0.93928 0.96351 0.95363 0.92047 0.93161 0.96359 0.89847 0.93925 0.84140 0.82638 0.71170 0.00000 0.00000 0.00000
0.05284 0.05271 0.10771 0.10794 0.78666 0.80593 0.78658 0.72075 0.70601 0.76865 0.89578 0.84343 0.93994 0.91048 0.86201 0.96091 0.90528 0.93156 0.87540 0.95326 0.84380 0.57431 0.00000 0.00000 0.00000
0.05366 0.05335 0.12311 0.12196 0.83709 0.81166 0.45882 0.47715 0.83626 0.78217 0.64310 0.56995 0.01844 0.59018 0.26125 0.83310 0.91147 0.92165 0.90806 0.83164 0.26560 0.21497 0.00000 0.00000 0.00000
0.00000 0.13967 0.13251 0.12991 0.53007 0.54314 0.13066 0.50870 0.52138 0.28039 0.27282 0.29767 0.27269 0.58961 0.72080 0.84113 0.93160 0.96862 0.93964 0.49429 0.26871 0.05061 0.00000 0.00000 0.00000
0.00000 0.00000 0.14155 0.13702 0.13928 0.36704 0.13702 0.34476 0.34058 0.28484 0.27264 0.29647 0.01844 0.27226 0.27181 0.51454 0.93943 1.00000 0.53402 0.51528 0.04802 0.04977 0.00000 0.00000 0.00000
0.00000 0.00000 0.14155 0.13702 0.13928 0.14155 0.13702 0.13928 0.05054 0.04909 0.27466 0.00000 0.00000 0.27185 0.04871 0.34994 0.15346 0.15334 0.15381 0.04956 0.04798 0.00000 0.00000 0.00000 0.00000
