# name=grid_rotated_30 field=200x200 stride=8
25 25
0.19522 0.21852 0.66162 0.71169 0.71051 0.70736 0.59757 0.66236 0.73516 0.73997 0.59497 0.69772 0.67390 0.67478 0.69293 0.61658 0.69164 0.67839 0.67037 0.71684 0.75498 0.74037 0.58880 0.52475 0.52128
0.25371 0.46619 0.64802 0.69571 0.73891 0.72406 0.72410 0.75422 0.70318 0.74370 0.70922 0.74005 0.67260 0.66757 0.71212 0.67475 0.70375 0.70799 0.74147 0.78329 0.75494 0.75005 0.69842 0.61540 0.52967
0.31382 0.62146 0.71167 0.72210 0.75147 0.72054 0.76715 0.77175 0.74193 0.72864 0.70873 0.74797 0.74873 0.71918 0.73060 0.74459 0.74972 0.73782 0.75565 0.76656 0.76060 0.72888 0.73249 0.69838 0.62961
0.60817 0.70134 0.73944 0.75639 0.77223 0.75857 0.74656 0.74098 0.74897 0.76302 0.74226 0.74736 0.76620 0.74094 0.75082 0.74528 0.75128 0.75708 0.77978 0.77974 0.76767 0.77389 0.74658 0.70456 0.67040
0.74037 0.75005 0.73966 0.77809 0.76500 0.76444 0.77197 0.76862 0.76532 0.75177 0.74823 0.75080 0.76580 0.75622 0.77203 0.76002 0.77702 0.75451 0.76517 0.77942 0.77880 0.75945 0.75930 0.73061 0.70938
0.75498 0.75494 0.76060 0.76767 0.77880 0.77644 0.77329 0.75494 0.75506 0.76486 0.74516 0.76473 0.76732 0.77063 0.76112 0.76167 0.77709 0.76072 0.77858 0.76738 0.77644 0.76444 0.74805 0.70138 0.69758
0.71684 0.78329 0.76656 0.77974 0.77942 0.76738 0.76446 0.77206 0.77046 0.75664 0.74073 0.76805 0.75363 0.77283 0.76238 0.77605 0.76137 0.76055 0.75122 0.76446 0.77329 0.77197 0.73952 0.75475 0.70755
0.67037 0.74147 0.75565 0.77978 0.76517 0.77858 0.75122 0.76052 0.77285 0.77139 0.77149 0.77231 0.77368 0.77671 0.74938 0.76174 0.75190 0.77587 0.76052 0.77206 0.75494 0.76758 0.73884 0.76799 0.74318
0.67839 0.70799 0.73782 0.75708 0.75451 0.76072 0.76055 0.77587 0.76239 0.75667 0.76337 0.77722 0.76697 0.78074 0.78015 0.78036 0.76645 0.76239 0.77285 0.77046 0.75506 0.76385 0.74594 0.73702 0.69652
0.69164 0.70375 0.74972 0.75128 0.77702 0.77709 0.76137 0.75190 0.76645 0.77833 0.77966 0.78151 0.78340 0.78483 0.76907 0.75721 0.77833 0.75667 0.77139 0.75664 0.76486 0.75044 0.75996 0.72417 0.73797
0.61658 0.67475 0.74459 0.74528 0.76002 0.76167 0.77605 0.76174 0.78036 0.75721 0.78369 0.78545 0.77513 0.77598 0.78658 0.78369 0.77966 0.76337 0.77149 0.74073 0.74516 0.74823 0.74114 0.70623 0.70611
0.69293 0.71212 0.73060 0.75082 0.77203 0.76112 0.76238 0.74938 0.78015 0.76907 0.78658 0.77373 0.79061 0.76584 0.77373 0.78545 0.78151 0.77722 0.77231 0.76805 0.76473 0.75133 0.74852 0.74847 0.74066
0.67478 0.66757 0.71918 0.74094 0.75622 0.77063 0.77283 0.77671 0.78074 0.78483 0.77598 0.76584 0.77577 0.77577 0.79061 0.77513 0.78340 0.76697 0.77368 0.75363 0.76732 0.76644 0.76759 0.74801 0.67165
0.67390 0.67260 0.74873 0.76620 0.76580 0.76732 0.75363 0.77368 0.76697 0.78340 0.77513 0.79061 0.77577 0.77577 0.76584 0.77598 0.78483 0.78074 0.77671 0.77283 0.77063 0.75686 0.73916 0.71614 0.66400
0.67020 0.74005 0.74797 0.74736 0.75080 0.76473 0.76805 0.77231 0.77722 0.78151 0.78545 0.77373 0.76584 0.79061 0.77373 0.78658 0.76907 0.78015 0.74938 0.76238 0.76112 0.76028 0.74842 0.72684 0.70817
0.59815 0.70922 0.70873 0.74226 0.74823 0.74516 0.74073 0.77149 0.76337 0.77966 0.78369 0.78658 0.77598 0.77513 0.78545 0.78369 0.75721 0.78036 0.76174 0.77605 0.76167 0.75837 0.74250 0.74047 0.66972
0.73997 0.74370 0.72864 0.76302 0.75177 0.76486 0.75664 0.77139 0.75667 0.77833 0.75721 0.76907 0.78483 0.78340 0.78151 0.77966 0.77833 0.76645 0.75190 0.76137 0.77709 0.77001 0.74871 0.74609 0.69982
0.73516 0.70318 0.74193 0.74897 0.76532 0.75506 0.77046 0.77285 0.76239 0.76645 0.78036 0.78015 0.78074 0.76697 0.77722 0.76337 0.75667 0.76239 0.77587 0.76055 0.76072 0.75451 0.75485 0.73479 0.70452
0.66957 0.75422 0.77175 0.74098 0.76862 0.75494 0.77206 0.76052 0.77587 0.75190 0.76174 0.74938 0.77671 0.77368 0.77231 0.77149 0.77139 0.77285 0.76052 0.75122 0.77858 0.76517 0.77622 0.75025 0.73508
0.60990 0.72410 0.76715 0.74656 0.77197 0.77329 0.76446 0.75122 0.76055 0.76137 0.77605 0.76238 0.77283 0.75363 0.76805 0.74073 0.75664 0.77046 0.77206 0.76446 0.76738 0.77659 0.77377 0.75642 0.76822
0.70736 0.72406 0.72054 0.75857 0.76444 0.77644 0.76738 0.77858 0.76072 0.77709 0.76167 0.76112 0.77063 0.76732 0.76473 0.74516 0.76486 0.75506 0.75494 0.77329 0.77644 0.77456 0.75883 0.74581 0.73314
0.71067 0.73905 0.75157 0.77223 0.76500 0.77456 0.77659 0.76517 0.75451 0.77001 0.75837 0.76028 0.75686 0.76644 0.75133 0.74823 0.75044 0.76385 0.76758 0.77197 0.76444 0.75945 0.75708 0.71518 0.72846
0.71236 0.69632 0.72252 0.75149 0.76013 0.75883 0.77377 0.77622 0.75485 0.74871 0.74250 0.74842 0.73916 0.76759 0.74852 0.74114 0.75996 0.74594 0.73884 0.73952 0.74805 0.75930 0.74280 0.72469 0.68595
0.66333 0.64950 0.71281 0.73010 0.72445 0.74581 0.75642 0.75025 0.73479 0.74609 0.74047 0.72684 0.71614 0.74801 0.74847 0.70623 0.72417 0.73702 0.76799 0.75475 0.70138 0.73072 0.70499 0.69952 0.61111
0.22171 0.45447 0.61577 0.68731 0.72846 0.73314 0.76822 0.73508 0.70452 0.69982 0.66972 0.70817 0.66400 0.67165 0.74066 0.70611 0.73797 0.69652 0.74318 0.70755 0.69758 0.70956 0.67103 0.63107 0.45440
