# name=grid_streets_w4 field=200x200 stride=8
25 25
0.37039 0.35854 0.95889 0.84299 0.95081 0.84299 0.95081 0.84299 0.95081 0.84299 0.95081 0.84299 0.95081 0.84299 0.95081 0.84299 0.95081 0.84299 0.95081 0.84299 0.95081 0.84299 0.91870 0.35249 0.35930
0.35854 1.00000 0.96406 1.00000 0.97051 0.97400 0.97051 0.97400 0.97051 0.97400 0.97051 0.97400 0.97051 0.97400 0.97051 0.97400 0.97051 0.97400 0.97051 0.97400 0.97051 0.97400 1.00000 0.96767 1.00000
0.95889 0.96406 1.00000 0.97566 1.00000 0.95690 1.00000 0.95690 1.00000 0.95690 1.00000 0.95690 1.00000 0.95690 1.00000 0.95690 1.00000 0.95690 1.00000 0.95690 1.00000 0.95690 1.00000 0.94704 0.96333
0.84299 1.00000 0.97566 1.00000 0.98009 0.98248 0.98009 0.98248 0.98009 0.98248 0.98009 0.98248 0.98009 0.98248 0.98009 0.98248 0.98009 0.98248 0.98009 0.98248 0.98009 0.98248 1.00000 0.97815 1.00000
0.95081 0.97051 1.00000 0.98009 1.00000 0.96441 1.00000 0.96441 1.00000 0.96441 1.00000 0.96441 1.00000 0.96441 1.00000 0.96441 1.00000 0.96441 1.00000 0.96441 1.00000 0.96441 1.00000 0.95611 0.96990
0.84299 0.97400 0.95690 0.98248 0.96441 0.96644 0.96441 0.96644 0.96441 0.96644 0.96441 0.96644 0.96441 0.96644 0.96441 0.96644 0.96441 0.96644 0.96441 0.96644 0.96441 0.96644 0.98267 0.95857 0.97347
0.95081 0.97051 1.00000 0.98009 1.00000 0.96441 1.00000 0.96441 1.00000 0.96441 1.00000 0.96441 1.00000 0.96441 1.00000 0.96441 1.00000 0.96441 1.00000 0.96441 1.00000 0.96441 1.00000 0.95611 0.96990
0.84299 0.97400 0.95690 0.98248 0.96441 0.96644 0.96441 0.96644 0.96441 0.96644 0.96441 0.96644 0.96441 0.96644 0.96441 0.96644 0.96441 0.96644 0.96441 0.96644 0.96441 0.96644 0.98267 0.95857 0.97347
0.95081 0.97051 1.00000 0.98009 1.00000 0.96441 1.00000 0.96441 1.00000 0.96441 1.00000 0.96441 1.00000 0.96441 1.00000 0.96441 1.00000 0.96441 1.00000 0.96441 1.00000 0.96441 1.00000 0.95611 0.96990
0.84299 0.97400 0.95690 0.98248 0.96441 0.96644 0.96441 0.96644 0.96441 0.96644 0.96441 0.96644 0.96441 0.96644 0.96441 0.96644 0.96441 0.96644 0.96441 0.96644 0.96441 0.96644 0.98267 0.95857 0.97347
0.95081 0.97051 1.00000 0.98009 1.00000 0.96441 1.00000 0.96441 1.00000 0.96441 1.00000 0.96441 1.00000 0.96441 1.00000 0.96441 1.00000 0.96441 1.00000 0.96441 1.00000 0.96441 1.00000 0.95611 0.96990
0.84299 0.97400 0.95690 0.98248 0.96441 0.96644 0.96441 0.96644 0.96441 0.96644 0.96441 0.96644 0.96441 0.96644 0.96441 0.96644 0.96441 0.96644 0.96441 0.96644 0.96441 0.96644 0.98267 0.95857 0.97347
0.95081 0.97051 1.00000 0.98009 1.00000 0.96441 1.00000 0.96441 1.00000 0.96441 1.00000 0.96441 1.00000 0.96441 1.00000 0.96441 1.00000 0.96441 1.00000 0.96441 1.00000 0.96441 1.00000 0.95611 0.96990
0.84299 0.97400 0.95690 0.98248 0.96441 0.96644 0.96441 0.96644 0.96441 0.96644 0.96441 0.96644 0.96441 0.96644 0.96441 0.96644 0.96441 0.96644 0.96441 0.96644 0.96441 0.96644 0.98267 0.95857 0.97347
0.95081 0.97051 1.00000 0.98009 1.00000 0.96441 1.00000 0.96441 1.00000 0.96441 1.00000 0.96441 1.00000 0.96441 1.00000 0.96441 1.00000 0.96441 1.00000 0.96441 1.00000 0.96441 1.00000 0.95611 0.96990
0.84299 0.97400 0.95690 0.98248 0.96441 0.96644 0.96441 0.96644 0.96441 0.96644 0.96441 0.96644 0.96441 0.96644 0.96441 0.96644 0.96441 0.96644 0.96441 0.96644 0.96441 0.96644 0.98267 0.95857 0.97347
0.95081 0.97051 1.00000 0.98009 1.00000 0.96441 1.00000 0.96441 1.00000 0.96441 1.00000 0.96441 1.00000 0.96441 1.00000 0.96441 1.00000 0.96441 1.00000 0.96441 1.00000 0.96441 1.00000 0.95611 0.96990
0.84299 0.97400 0.95690 0.98248 0.96441 0.96644 0.96441 0.96644 0.96441 0.96644 0.96441 0.96644 0.96441 0.96644 0.96441 0.96644 0.96441 0.96644 0.96441 0.96644 0.96441 0.96644 0.98267 0.95857 0.97347
0.95081 0.97051 1.00000 0.98009 1.00000 0.96441 1.00000 0.96441 1.00000 0.96441 1.00000 0.96441 1.00000 0.96441 1.00000 0.96441 1.00000 0.96441 1.00000 0.96441 1.00000 0.96441 1.00000 0.95611 0.96990
0.84299 0.97400 0.95690 0.98248 0.96441 0.96644 0.96441 0.96644 0.96441 0.96644 0.96441 0.96644 0.96441 0.96644 0.96441 0.96644 0.96441 0.96644 0.96441 0.96644 0.96441 0.96644 0.98267 0.95857 0.97347
0.95081 0.97051 1.00000 0.98009 1.00000 0.96441 1.00000 0.96441 1.00000 0.96441 1.00000 0.96441 1.00000 0.96441 1.00000 0.96441 1.00000 0.96441 1.00000 0.96441 1.00000 0.96441 1.00000 0.95611 0.96990
0.84299 0.97400 0.95690 0.98248 0.96441 0.96644 0.96441 0.96644 0.96441 0.96644 0.96441 0.96644 0.96441 0.96644 0.96441 0.96644 0.96441 0.96644 0.96441 0.96644 0.96441 0.96644 0.98267 0.95857 0.97347
0.91870 1.00000 1.00000 1.00000 1.00000 0.98267 1.00000 0.98267 1.00000 0.98267 1.00000 0.98267 1.00000 0.98267 1.00000 0.98267 1.00000 0.98267 1.00000 0.98267 1.00000 0.98267 1.00000 0.97838 1.00000
0.35249 0.96767 0.94704 0.97815 0.95611 0.95857 0.95611 0.95857 0.95611 0.95857 0.95611 0.95857 0.95611 0.95857 0.95611 0.95857 0.95611 0.95857 0.95611 0.95857 0.95611 0.95857 0.97838 0.94906 0.96701
0.35930 1.00000 0.96333 1.00000 0.96990 0.97347 0.96990 0.97347 0.96990 0.97347 0.96990 0.97347 0.96990 0.97347 0.96990 0.97347 0.96990 0.97347 0.96990 0.97347 0.96990 0.97347 1.00000 0.96701 1.00000
