# name=grid_nonrect_buildings field=200x200 stride=8
25 25
0.00000 0.00000 0.11828 0.11743 0.11350 0.10925 0.11329 0.10820 0.00000 0.11447 0.11701 0.11797 0.09921 0.00000 0.09193 0.09985 0.11000 0.28490 0.11352 0.29070 0.29263 0.11892 0.12475 0.00000 0.00000
0.00000 0.31648 0.29995 0.85913 0.29090 0.29374 0.38508 0.43900 0.98008 0.30244 0.28933 0.27440 0.26877 0.24643 0.25157 0.25541 0.25718 0.27416 0.81454 0.43839 0.45403 0.29420 0.32403 0.34286 0.00000
0.12291 0.29649 0.83620 0.84281 0.81421 0.85866 0.90754 0.95374 0.93231 0.87234 0.85164 0.82993 0.83920 0.79196 0.75520 0.77287 0.81378 0.85497 0.82573 0.86009 0.81121 0.87255 0.88619 0.32037 0.12215
0.11950 0.81359 0.81731 0.82196 0.85453 0.88566 0.92376 0.93842 0.94666 0.91750 0.89708 0.84353 0.85667 0.82293 0.84053 0.84961 0.86102 0.86790 0.83946 0.85859 0.85802 0.86502 0.88116 0.28684 0.11850
0.29810 0.62168 0.81704 0.81919 0.84592 0.87967 0.88550 0.88385 0.90434 0.91524 0.89651 0.85927 0.83517 0.83619 0.86493 0.87042 0.84923 0.88021 0.85125 0.86198 0.85288 0.85215 0.80713 0.28286 0.11241
0.30102 0.62722 0.77105 0.82529 0.85029 0.88341 0.88657 0.88986 0.90560 0.92107 0.90256 0.86635 0.84995 0.85030 0.87763 0.88254 0.85530 0.84561 0.85458 0.85918 0.84963 0.84222 0.80303 0.27106 0.12585
0.12500 0.42937 0.80493 0.81276 0.84438 0.86820 0.87966 0.91098 0.94917 0.90075 0.88958 0.87313 0.86775 0.87730 0.86280 0.86353 0.83754 0.86133 0.83708 0.83708 0.82414 0.84028 0.79800 0.30544 0.12152
0.31489 0.43976 0.84780 0.85109 0.82526 0.86619 0.89720 0.93297 0.91739 0.92473 0.87535 0.87410 0.89844 0.87403 0.84384 0.84432 0.85741 0.88369 0.85651 0.87026 0.82029 0.84826 0.83917 0.58184 0.30804
0.12407 0.43368 0.81544 0.82987 0.84663 0.86115 0.87007 0.90113 0.91159 0.89052 0.88299 0.88681 0.88107 0.88394 0.86658 0.86272 0.88951 0.86378 0.84041 0.85078 0.84661 0.86456 0.82709 0.12245 0.12231
0.30580 0.28222 0.78318 0.83880 0.85190 0.81688 0.84156 0.88602 0.86803 0.89653 0.89898 0.87331 0.90129 0.88342 0.90962 0.90402 0.86334 0.88444 0.86307 0.88520 0.88793 0.88473 0.81548 0.40962 0.30613
0.30548 0.27986 0.78391 0.82821 0.78991 0.83106 0.81169 0.80836 0.84284 0.87690 0.87985 0.86755 0.85409 0.88625 0.91476 0.90885 0.86769 0.84349 0.86314 0.89285 0.89593 0.89806 0.84281 0.45190 0.30584
0.12500 0.79229 0.79252 0.82656 0.79826 0.79273 0.79256 0.80145 0.80270 0.84101 0.85169 0.82192 0.86063 0.87596 0.88638 0.88204 0.87788 0.86681 0.88041 0.85897 0.86720 0.88750 0.88057 0.30643 0.11902
0.31489 0.58587 0.83839 0.83683 0.78752 0.79501 0.79398 0.83554 0.82758 0.83132 0.83944 0.84833 0.87575 0.85646 0.84184 0.86083 0.87017 0.88986 0.86075 0.83545 0.85271 0.90600 0.84072 0.47536 0.31396
0.12407 0.80292 0.81147 0.84692 0.82150 0.81619 0.84469 0.82415 0.84345 0.85359 0.85351 0.82523 0.83736 0.84263 0.84987 0.86662 0.86863 0.86233 0.85354 0.86127 0.86707 0.90139 0.88965 0.12409 0.12415
0.30580 0.48034 0.79301 0.87305 0.88018 0.84186 0.85553 0.83084 0.86939 0.89114 0.89091 0.85154 0.81997 0.84098 0.87906 0.89603 0.88246 0.85247 0.86909 0.88949 0.89816 0.91469 0.87340 0.31045 0.11865
0.30548 0.45868 0.83067 0.89169 0.87075 0.90936 0.88342 0.86472 0.87722 0.90134 0.90104 0.85945 0.83613 0.85970 0.89771 0.91363 0.89316 0.87326 0.87913 0.90554 0.91421 0.92955 0.90295 0.31160 0.00000
0.12500 0.43950 0.85774 0.88803 0.90112 0.90735 0.90091 0.88969 0.86426 0.88185 0.88304 0.87300 0.87028 0.87878 0.89207 0.90155 0.92066 0.90793 0.88118 0.89898 0.90729 0.91041 0.91493 0.50793 0.00000
0.32276 0.45530 0.89901 0.91817 0.88584 0.90250 0.89374 0.91282 0.88090 0.87003 0.87118 0.88054 0.90903 0.88802 0.87628 0.91048 0.92230 0.94113 0.91180 0.88769 0.88578 0.92983 0.93440 0.45548 0.12464
0.12828 0.85030 0.86549 0.88636 0.90368 0.90342 0.88755 0.87616 0.85403 0.88445 0.88479 0.87778 0.87794 0.88315 0.90176 0.91147 0.92916 0.92624 0.90160 0.89697 0.88737 0.88636 0.87390 0.41368 0.13099
0.11606 0.28174 0.83729 0.89506 0.89694 0.85857 0.87321 0.90621 0.88574 0.90758 0.86245 0.85969 0.84838 0.85994 0.89956 0.91076 0.89270 0.92898 0.89790 0.90618 0.85457 0.87238 0.81201 0.39416 0.11611
0.10632 0.28184 0.82933 0.87651 0.83667 0.87533 0.85754 0.85697 0.89028 0.86115 0.89758 0.85287 0.81931 0.83173 0.86228 0.87393 0.86206 0.85317 0.87984 0.84461 0.87144 0.85368 0.78706 0.41150 0.10336
0.00000 0.87446 0.86665 0.85624 0.85203 0.85243 0.83188 0.88672 0.88175 0.90743 0.89500 0.86696 0.84273 0.81550 0.82524 0.83386 0.84992 0.86033 0.84454 0.86644 0.85711 0.84227 0.82952 0.00000 0.00000
0.00000 0.31220 0.86509 0.84881 0.78476 0.79954 0.82019 0.80768 0.87081 0.85474 0.84835 0.82962 0.84186 0.79226 0.75002 0.76590 0.78449 0.76127 0.82149 0.81364 0.80748 0.85474 0.84343 0.30247 0.00000
0.00000 0.33077 0.30457 0.26588 0.56189 0.54403 0.45009 0.42906 0.40736 0.29428 0.28603 0.27235 0.27528 0.26047 0.25537 0.25006 0.24672 0.26328 0.80424 0.38375 0.42674 0.86359 0.31337 0.00000 0.00000
0.00000 0.00000 0.12014 0.11376 0.28866 0.11199 0.11467 0.28634 0.10703 0.09904 0.00000 0.00000 0.10658 0.11046 0.09927 0.09056 0.00000 0.09803 0.11279 0.10650 0.09917 0.00000 0.00000 0.00000 0.00000
