# name=grid_streets_w6 field=200x200 stride=8
25 25
0.00000 0.36366 0.33450 0.32182 0.70838 0.32040 0.70898 0.73736 0.70878 0.32114 0.70779 0.70702 0.32182 0.70838 0.32040 0.70898 0.73736 0.70878 0.32114 0.70779 0.70702 0.12866 0.36064 0.00000 0.00000
0.36366 0.35025 1.00000 0.94050 1.00000 0.92225 1.00000 0.92313 1.00000 0.92051 0.92704 0.93403 0.94050 1.00000 0.92225 1.00000 0.92313 1.00000 0.92051 0.92704 0.93403 1.00000 1.00000 0.36237 0.13478
0.33450 1.00000 1.00000 1.00000 1.00000 0.97545 1.00000 0.97204 1.00000 0.97852 1.00000 1.00000 1.00000 1.00000 0.97545 1.00000 0.97204 1.00000 0.97852 1.00000 1.00000 1.00000 1.00000 0.33391 0.12906
0.32182 0.94050 1.00000 1.00000 1.00000 0.97935 1.00000 0.97650 1.00000 1.00000 1.00000 1.00000 1.00000 1.00000 0.97935 1.00000 0.97650 1.00000 1.00000 1.00000 1.00000 1.00000 0.94169 0.70576 0.32182
0.70838 1.00000 1.00000 1.00000 1.00000 0.97846 1.00000 0.94530 1.00000 0.98112 1.00000 1.00000 1.00000 1.00000 0.97846 1.00000 0.94530 1.00000 0.98112 1.00000 1.00000 1.00000 1.00000 0.70799 0.32327
0.32040 0.92225 0.97545 0.97935 0.97846 0.96228 0.94418 0.98222 0.94434 0.97976 0.97870 0.97900 0.97935 0.97846 0.96228 0.94418 0.98222 0.94434 0.97976 0.97870 0.97900 0.97624 0.92377 0.70359 0.12816
0.70898 1.00000 1.00000 1.00000 1.00000 0.94418 1.00000 0.94483 1.00000 0.94288 1.00000 1.00000 1.00000 1.00000 0.94418 1.00000 0.94483 1.00000 0.94288 1.00000 1.00000 1.00000 1.00000 0.70858 0.32366
0.73736 0.92313 0.97204 0.97650 0.94530 0.98222 0.94483 1.00000 0.94499 1.00000 0.94578 0.97611 0.97650 0.94530 0.98222 0.94483 1.00000 0.94499 1.00000 0.94578 0.97611 0.97292 0.92463 0.75244 0.12805
0.70878 1.00000 1.00000 1.00000 1.00000 0.94434 1.00000 0.94499 1.00000 0.98095 1.00000 1.00000 1.00000 1.00000 0.94434 1.00000 0.94499 1.00000 0.98095 1.00000 1.00000 1.00000 1.00000 0.70838 0.32353
0.32114 0.92051 0.97852 1.00000 0.98112 0.97976 0.94288 1.00000 0.98095 1.00000 0.98133 0.98160 1.00000 0.98112 0.97976 0.94288 1.00000 0.98095 1.00000 0.98133 0.98160 1.00000 0.92206 0.70472 0.12836
0.70779 0.92704 1.00000 1.00000 1.00000 0.97870 1.00000 0.94578 1.00000 0.98133 1.00000 1.00000 1.00000 1.00000 0.97870 1.00000 0.94578 1.00000 0.98133 1.00000 1.00000 1.00000 1.00000 0.70741 0.32289
0.70702 0.93403 1.00000 1.00000 1.00000 0.97900 1.00000 0.97611 1.00000 0.98160 1.00000 1.00000 1.00000 1.00000 0.97900 1.00000 0.97611 1.00000 0.98160 1.00000 1.00000 1.00000 0.93534 0.70666 0.32240
0.32182 0.94050 1.00000 1.00000 1.00000 0.97935 1.00000 0.97650 1.00000 1.00000 1.00000 1.00000 1.00000 1.00000 0.97935 1.00000 0.97650 1.00000 1.00000 1.00000 1.00000 1.00000 0.94169 0.70576 0.32182
0.70838 1.00000 1.00000 1.00000 1.00000 0.97846 1.00000 0.94530 1.00000 0.98112 1.00000 1.00000 1.00000 1.00000 0.97846 1.00000 0.94530 1.00000 0.98112 1.00000 1.00000 1.00000 1.00000 0.70799 0.32327
0.32040 0.92225 0.97545 0.97935 0.97846 0.96228 0.94418 0.98222 0.94434 0.97976 0.97870 0.97900 0.97935 0.97846 0.96228 0.94418 0.98222 0.94434 0.97976 0.97870 0.97900 0.97624 0.92377 0.70359 0.12816
0.70898 1.00000 1.00000 1.00000 1.00000 0.94418 1.00000 0.94483 1.00000 0.94288 1.00000 1.00000 1.00000 1.00000 0.94418 1.00000 0.94483 1.00000 0.94288 1.00000 1.00000 1.00000 1.00000 0.70858 0.32366
0.73736 0.92313 0.97204 0.97650 0.94530 0.98222 0.94483 1.00000 0.94499 1.00000 0.94578 0.97611 0.97650 0.94530 0.98222 0.94483 1.00000 0.94499 1.00000 0.94578 0.97611 0.97292 0.92463 0.75244 0.12805
0.70878 1.00000 1.00000 1.00000 1.00000 0.94434 1.00000 0.94499 1.00000 0.98095 1.00000 1.00000 1.00000 1.00000 0.94434 1.00000 0.94499 1.00000 0.98095 1.00000 1.00000 1.00000 1.00000 0.70838 0.32353
0.32114 0.92051 0.97852 1.00000 0.98112 0.97976 0.94288 1.00000 0.98095 1.00000 0.98133 0.98160 1.00000 0.98112 0.97976 0.94288 1.00000 0.98095 1.00000 0.98133 0.98160 1.00000 0.92206 0.70472 0.12836
0.70779 0.92704 1.00000 1.00000 1.00000 0.97870 1.00000 0.94578 1.00000 0.98133 1.00000 1.00000 1.00000 1.00000 0.97870 1.00000 0.94578 1.00000 0.98133 1.00000 1.00000 1.00000 1.00000 0.70741 0.32289
0.70702 0.93403 1.00000 1.00000 1.00000 0.97900 1.00000 0.97611 1.00000 0.98160 1.00000 1.00000 1.00000 1.00000 0.97900 1.00000 0.97611 1.00000 0.98160 1.00000 1.00000 1.00000 0.93534 0.70666 0.32240
0.12866 1.00000 1.00000 1.00000 1.00000 0.97624 1.00000 0.97292 1.00000 1.00000 1.00000 1.00000 1.00000 1.00000 0.97624 1.00000 0.97292 1.00000 1.00000 1.00000 1.00000 1.00000 1.00000 0.32954 0.12866
0.36064 1.00000 1.00000 0.94169 1.00000 0.92377 1.00000 0.92463 1.00000 0.92206 1.00000 0.93534 0.94169 1.00000 0.92377 1.00000 0.92463 1.00000 0.92206 1.00000 0.93534 1.00000 1.00000 0.35942 0.13390
0.00000 0.36237 0.33391 0.70576 0.70799 0.70359 0.70858 0.75244 0.70838 0.70472 0.70741 0.70666 0.70576 0.70799 0.70359 0.70858 0.75244 0.70838 0.70472 0.70741 0.70666 0.32954 0.35942 0.00000 0.00000
0.00000 0.13478 0.12906 0.32182 0.32327 0.12816 0.32366 0.12805 0.32353 0.12836 0.32289 0.32240 0.32182 0.32327 0.12816 0.32366 0.12805 0.32353 0.12836 0.32289 0.32240 0.12866 0.13390 0.00000 0.00000
