# name=mixed_regions field=200x200 stride=8
25 25
0.00000 0.14810 0.34257 0.35366 0.72295 0.75327 0.72295 0.75327 0.72295 0.34923 0.35204 0.14965 0.00000 0.00000 0.00000 0.00000 0.00000 0.00000 0.00000 0.00000 0.00000 0.00000 0.00000 0.00000 0.00000
0.14406 0.34807 1.00000 0.93222 1.00000 0.89834 1.00000 0.89834 1.00000 0.95852 1.00000 0.35647 0.22991 0.00000 0.00000 0.00000 0.00000 0.05615 0.03133 0.03415 0.00000 0.00000 0.00000 0.00000 0.00000
0.33721 1.00000 0.95276 1.00000 0.96239 1.00000 0.96239 1.00000 0.98026 1.00000 0.97159 1.00000 0.22014 0.17805 0.00000 0.03742 0.05385 0.06039 0.05985 0.03128 0.05860 0.21714 0.27874 0.08702 0.03364
0.34249 0.93222 1.00000 1.00000 1.00000 1.00000 1.00000 1.00000 1.00000 1.00000 1.00000 0.83901 0.39374 0.17358 0.00000 0.03597 0.06130 0.06866 0.06916 0.05796 0.05046 0.31525 0.25587 0.29890 0.18006
0.72917 1.00000 0.96239 1.00000 0.97018 1.00000 0.97018 1.00000 0.98451 1.00000 0.97764 0.90428 0.41533 0.19532 0.00000 0.03455 0.03334 0.08053 0.07389 0.06042 0.25983 0.29165 0.24430 0.27473 0.17431
0.76175 0.89834 1.00000 1.00000 1.00000 1.00000 1.00000 1.00000 1.00000 1.00000 0.96735 0.89061 0.44682 0.38351 0.00000 0.07539 0.09463 0.07630 0.17871 0.14913 0.28372 0.38678 0.39702 0.29523 0.17663
0.72917 1.00000 0.96239 1.00000 0.97018 1.00000 0.97018 1.00000 0.98451 1.00000 0.97764 0.90428 0.27634 0.32354 0.00000 0.16368 0.12474 0.20794 0.02384 0.14112 0.30146 0.36997 0.28071 0.28965 0.30680
0.76175 0.89834 1.00000 1.00000 1.00000 1.00000 1.00000 1.00000 1.00000 1.00000 0.96735 0.84415 0.59365 0.13237 0.00000 0.08045 0.06893 0.07508 0.14601 0.44745 0.38828 0.47167 0.44009 0.17712 0.16977
0.72917 1.00000 0.96239 1.00000 0.97018 1.00000 0.97018 1.00000 0.98451 1.00000 0.97764 0.72569 0.46678 0.20784 0.08042 0.27699 0.26159 0.08230 0.35119 0.48317 0.54889 0.35301 0.41101 0.41378 0.00000
0.76175 0.89834 1.00000 1.00000 1.00000 1.00000 1.00000 1.00000 1.00000 1.00000 0.96735 0.71971 0.31202 0.18696 0.17516 0.45563 0.46235 0.54256 0.34765 0.27438 0.28298 0.21246 0.10495 0.10884 0.00000
0.72917 1.00000 0.96239 1.00000 0.97018 1.00000 0.97018 1.00000 0.98451 1.00000 0.91378 0.72837 0.31089 0.38121 0.15243 0.39372 0.42079 0.52692 0.29676 0.25484 0.27439 0.21341 0.20093 0.21562 0.00000
0.76175 0.89834 1.00000 1.00000 1.00000 1.00000 1.00000 1.00000 1.00000 1.00000 0.90363 0.72492 0.48808 0.38422 0.15393 0.14735 0.38193 0.45240 0.25728 0.12610 0.26638 0.18212 0.17462 0.17228 0.00000
0.72917 1.00000 0.96239 1.00000 0.97018 1.00000 0.97018 1.00000 0.98451 1.00000 0.97764 0.80870 0.51230 0.15862 0.17811 0.06199 0.22412 0.48136 0.36097 0.54598 0.49095 0.46833 0.45329 0.46958 0.00000
0.76175 0.89834 1.00000 1.00000 1.00000 1.00000 1.00000 1.00000 1.00000 1.00000 0.96735 0.83326 0.52812 0.21466 0.15595 0.17786 0.38059 0.28858 0.53813 0.52661 0.42665 0.44465 0.45968 0.03340 0.04090
0.72917 1.00000 0.96239 1.00000 0.97018 1.00000 0.97018 1.00000 0.98451 1.00000 0.97764 0.83014 0.26631 0.47009 0.15766 0.16223 0.15897 0.26459 0.39846 0.06741 0.38571 0.15985 0.03105 0.03441 0.03989
0.76175 0.89834 1.00000 1.00000 1.00000 1.00000 1.00000 1.00000 1.00000 1.00000 0.96735 0.79300 0.59239 0.51027 0.26567 0.25992 0.24855 0.25636 0.07008 0.06970 0.38487 0.30406 0.31424 0.07959 0.07923
0.72917 1.00000 0.96239 1.00000 0.97018 1.00000 0.97018 1.00000 0.98451 1.00000 0.97764 0.78802 0.58384 0.51860 0.06763 0.13987 0.14941 0.16083 0.13730 0.15197 0.19135 0.20438 0.08350 0.07922 0.07499
0.76175 0.89834 1.00000 1.00000 1.00000 1.00000 1.00000 1.00000 1.00000 1.00000 0.96735 0.80146 0.24121 0.54459 0.12379 0.12008 0.24912 0.24020 0.36220 0.40041 0.17049 0.16630 0.08367 0.08618 0.00000
0.72917 1.00000 0.96239 1.00000 0.97018 1.00000 0.97018 1.00000 0.98451 1.00000 0.97764 0.88365 0.55963 0.47005 0.09583 0.37132 0.35827 0.23666 0.20047 0.45213 0.26221 0.08156 0.08288 0.03140 0.03133
0.76175 0.89834 1.00000 1.00000 1.00000 1.00000 1.00000 1.00000 1.00000 1.00000 0.96735 0.83639 0.63903 0.46979 0.28178 0.40139 0.38603 0.16348 0.02617 0.22695 0.13592 0.02514 0.02698 0.02963 0.02964
0.72917 1.00000 0.98026 1.00000 0.98451 1.00000 0.98451 1.00000 1.00000 1.00000 1.00000 0.78135 0.54303 0.31085 0.18478 0.17090 0.17097 0.16278 0.16104 0.15199 0.14359 0.14904 0.02648 0.03193 0.03201
0.33871 0.95852 1.00000 1.00000 1.00000 1.00000 1.00000 1.00000 1.00000 1.00000 0.96094 0.81298 0.22568 0.17512 0.19779 0.18183 0.16493 0.15335 0.16215 0.06944 0.14620 0.02201 0.02655 0.03036 0.00000
0.35204 1.00000 0.97159 1.00000 0.97764 0.96735 0.97764 0.96735 1.00000 0.96094 1.00000 0.42293 0.22520 0.00000 0.00000 0.19374 0.16473 0.07782 0.03408 0.06868 0.06675 0.00000 0.00000 0.00000 0.00000
0.14633 0.35647 1.00000 0.92675 0.90428 0.89061 0.90428 0.89061 0.90428 0.95503 0.34879 0.36684 0.00000 0.00000 0.00000 0.00000 0.07171 0.03397 0.03485 0.03675 0.00000 0.00000 0.00000 0.00000 0.00000
0.00000 0.14810 0.14621 0.35366 0.35514 0.35366 0.35514 0.35366 0.35514 0.14586 0.14727 0.00000 0.00000 0.00000 0.00000 0.00000 0.00000 0.00000 0.00000 0.00000 0.00000 0.00000 0.00000 0.00000 0.00000
