# name=organic_walks field=200x200 stride=8
25 25
0.00000 0.00000 0.00000 0.00000 0.00000 0.00000 0.18602 0.03665 0.00000 0.09709 0.09102 0.00000 0.00000 0.00000 0.00000 0.00000 0.00000 0.00000 0.00000 0.00000 0.00000 0.00000 0.00000 0.00000 0.00000
0.00000 0.00000 0.00000 0.00000 0.00000 0.16663 0.17795 0.19496 0.19650 0.17554 0.09033 0.09544 0.02940 0.03241 0.00000 0.00000 0.00000 0.00000 0.00000 0.00000 0.00000 0.00000 0.00000 0.00000 0.00000
0.00000 0.00000 0.00000 0.00000 0.15307 0.16475 0.17283 0.31545 0.18761 0.16709 0.16704 0.10059 0.03007 0.03119 0.00000 0.00000 0.00000 0.00000 0.00000 0.03472 0.03112 0.00000 0.00000 0.00000 0.00000
0.00000 0.00000 0.00000 0.06313 0.06751 0.16657 0.17195 0.29801 0.18002 0.16013 0.20311 0.25159 0.23685 0.33360 0.09616 0.01895 0.05187 0.05529 0.00000 0.03067 0.02912 0.09290 0.04397 0.04339 0.04282
0.00000 0.00000 0.00000 0.05934 0.06548 0.17108 0.17697 0.47047 0.38015 0.44356 0.20107 0.08839 0.32853 0.28958 0.26872 0.04962 0.04520 0.05264 0.06126 0.02695 0.06439 0.08153 0.04148 0.04106 0.04072
0.00000 0.00000 0.00000 0.00000 0.14181 0.08415 0.17523 0.45707 0.39873 0.42695 0.47103 0.07523 0.41574 0.48129 0.19079 0.04859 0.04975 0.05910 0.02694 0.00000 0.17661 0.20390 0.16686 0.03232 0.03342
0.00000 0.00000 0.00000 0.00000 0.12585 0.15138 0.15310 0.00000 0.41491 0.41468 0.15028 0.40515 0.42750 0.43480 0.52145 0.21663 0.17479 0.02504 0.02879 0.00000 0.21266 0.13787 0.02949 0.03088 0.03226
0.00000 0.02580 0.03002 0.03420 0.04203 0.33764 0.32481 0.09109 0.25445 0.05939 0.15138 0.41526 0.26239 0.27849 0.28576 0.12666 0.11316 0.02179 0.02703 0.16417 0.26923 0.45009 0.17453 0.06753 0.06591
0.03057 0.03064 0.03217 0.09224 0.09735 0.20786 0.23610 0.26436 0.12683 0.14354 0.16432 0.16629 0.28288 0.29248 0.18670 0.07499 0.10145 0.08187 0.25621 0.45770 0.47000 0.17719 0.17104 0.16178 0.05802
0.03236 0.03081 0.03046 0.08157 0.08764 0.46056 0.21312 0.62386 0.18401 0.28691 0.32199 0.35061 0.14260 0.28125 0.44967 0.14871 0.39419 0.43849 0.23960 0.46209 0.13979 0.21947 0.15954 0.15423 0.15904
0.03500 0.03292 0.03116 0.38212 0.44246 0.51211 0.56728 0.56697 0.54152 0.56254 0.35472 0.16989 0.15237 0.35016 0.29036 0.13938 0.28412 0.18823 0.16967 0.02411 0.38775 0.46461 0.46226 0.44969 0.44590
0.00000 0.02935 0.02648 0.32131 0.38293 0.48477 0.22471 0.21577 0.52323 0.53071 0.20828 0.21628 0.21561 0.45056 0.23322 0.27432 0.30083 0.18031 0.22600 0.20689 0.44475 0.46423 0.47877 0.43393 0.07344
0.00000 0.00000 0.00000 0.25290 0.34181 0.20263 0.34512 0.20260 0.18448 0.41574 0.22274 0.20025 0.18578 0.11813 0.23945 0.24096 0.16120 0.40240 0.40190 0.40878 0.36985 0.38482 0.42933 0.16831 0.00000
0.00000 0.00000 0.00000 0.28330 0.50368 0.54010 0.49056 0.29049 0.44703 0.27733 0.41898 0.16988 0.15923 0.23337 0.41279 0.38331 0.40360 0.48566 0.41663 0.40732 0.26757 0.49210 0.37653 0.06819 0.00000
0.00000 0.00000 0.06350 0.18780 0.18090 0.28875 0.26565 0.22879 0.22592 0.25985 0.38230 0.16042 0.16417 0.26185 0.25445 0.13061 0.15372 0.44393 0.43788 0.25593 0.35209 0.37452 0.02691 0.02380 0.02875
0.00000 0.00000 0.02413 0.02332 0.27166 0.26386 0.26837 0.15865 0.39321 0.02607 0.36950 0.14753 0.17686 0.19127 0.13005 0.13119 0.13690 0.42479 0.46338 0.40849 0.41293 0.16672 0.02735 0.02447 0.02512
0.00000 0.00000 0.01899 0.01985 0.10910 0.13562 0.07273 0.17871 0.16538 0.06089 0.08042 0.07539 0.15507 0.16653 0.26283 0.06394 0.20862 0.12889 0.34238 0.06042 0.06170 0.35828 0.08855 0.08775 0.07195
0.00000 0.00000 0.04608 0.10194 0.11286 0.06630 0.07163 0.17814 0.16601 0.13982 0.10537 0.15013 0.13133 0.14797 0.02881 0.46280 0.41900 0.12503 0.25622 0.41982 0.50395 0.30260 0.08455 0.03603 0.03588
0.00000 0.00000 0.00000 0.03018 0.04109 0.13735 0.07722 0.08897 0.24727 0.11324 0.09138 0.02917 0.09789 0.02227 0.12010 0.12263 0.32497 0.25489 0.46076 0.41963 0.44756 0.30084 0.31504 0.03606 0.03627
0.00000 0.00000 0.00000 0.03186 0.04431 0.06209 0.24737 0.26870 0.15711 0.21886 0.17303 0.07183 0.06317 0.03134 0.28313 0.40163 0.44260 0.45502 0.27592 0.40027 0.49599 0.30110 0.31743 0.09431 0.03834
0.00000 0.00000 0.00000 0.00000 0.01999 0.06264 0.06573 0.05673 0.12722 0.13828 0.15990 0.07315 0.16805 0.16685 0.15624 0.25588 0.50855 0.44500 0.43539 0.41111 0.39780 0.17040 0.09105 0.00000 0.00000
0.00000 0.00000 0.00000 0.00000 0.01711 0.06722 0.05973 0.12914 0.13967 0.14930 0.16370 0.17265 0.15915 0.14568 0.48785 0.27084 0.28299 0.42596 0.44141 0.28560 0.41413 0.07727 0.00000 0.00000 0.00000
0.00000 0.00000 0.00000 0.00000 0.00000 0.00000 0.05255 0.15136 0.06662 0.06257 0.07342 0.18362 0.17028 0.14195 0.03004 0.29566 0.17289 0.27788 0.26622 0.08452 0.03764 0.07832 0.00000 0.00000 0.00000
0.00000 0.00000 0.00000 0.00000 0.00000 0.00000 0.00000 0.04030 0.07075 0.06895 0.07671 0.08821 0.08415 0.00000 0.00000 0.04061 0.18027 0.18390 0.28253 0.03807 0.03737 0.03785 0.00000 0.00000 0.00000
0.00000 0.00000 0.00000 0.00000 0.00000 0.00000 0.00000 0.00000 0.03776 0.03618 0.03720 0.00000 0.00000 0.00000 0.00000 0.04061 0.04056 0.04103 0.04192 0.00000 0.00000 0.00000 0.00000 0.00000 0.00000
