# name=rect_rotated_scattered field=200x200 stride=8
25 25
0.00000 0.00000 0.00000 0.00000 0.00000 0.00000 0.00000 0.00000 0.00000 0.00000 0.00000 0.00000 0.00000 0.00000 0.00000 0.00000 0.00000 0.00000 0.00000 0.00000 0.00000 0.00000 0.00000 0.00000 0.00000
0.00000 0.00000 0.00000 0.00000 0.00000 0.00000 0.03365 0.03279 0.00000 0.00000 0.00000 0.00000 0.00000 0.00000 0.00000 0.00000 0.00000 0.00000 0.00000 0.00000 0.00000 0.00000 0.00000 0.00000 0.00000
0.00000 0.00000 0.00000 0.00000 0.00000 0.00000 0.03314 0.03334 0.04081 0.00000 0.00000 0.00000 0.00000 0.00000 0.00000 0.00000 0.00000 0.00000 0.00000 0.00000 0.00000 0.00000 0.00000 0.00000 0.00000
0.00000 0.00000 0.00000 0.00000 0.00000 0.03706 0.03271 0.02964 0.03632 0.00000 0.00000 0.00000 0.00000 0.00000 0.00000 0.00000 0.00000 0.00000 0.00000 0.00000 0.00000 0.00000 0.00000 0.00000 0.00000
0.00000 0.00000 0.00000 0.00000 0.00000 0.03701 0.02550 0.02569 0.03161 0.00000 0.00000 0.00000 0.00000 0.00000 0.00000 0.00000 0.00000 0.02187 0.00000 0.00000 0.00000 0.00000 0.00000 0.00000 0.00000
0.00000 0.00000 0.00000 0.00000 0.01522 0.03950 0.01926 0.01929 0.00000 0.02096 0.04366 0.00000 0.00000 0.00000 0.00000 0.00000 0.00000 0.00000 0.00000 0.05818 0.04057 0.02243 0.02655 0.00000 0.00000
0.00000 0.00000 0.00000 0.00000 0.04543 0.01817 0.01207 0.11904 0.03121 0.02984 0.05947 0.07906 0.04660 0.00000 0.00000 0.00000 0.00000 0.00000 0.09058 0.06285 0.05079 0.02593 0.02987 0.03448 0.00000
0.00000 0.00000 0.00000 0.00000 0.01986 0.02360 0.07923 0.03712 0.03609 0.08039 0.07129 0.09130 0.09116 0.00000 0.00000 0.00000 0.02109 0.00000 0.15190 0.28503 0.27696 0.03196 0.03313 0.03818 0.04029
0.00000 0.00000 0.06078 0.06911 0.01937 0.02132 0.07239 0.08490 0.03982 0.08576 0.30599 0.08654 0.08293 0.08503 0.08383 0.06137 0.05316 0.00000 0.16286 0.17709 0.20811 0.09264 0.03698 0.03688 0.03818
0.00000 0.07685 0.08015 0.08380 0.08727 0.07383 0.13956 0.14201 0.03342 0.14081 0.30223 0.07634 0.07399 0.07452 0.07302 0.13996 0.04730 0.00000 0.30668 0.17603 0.03402 0.09154 0.07984 0.07843 0.07786
0.00000 0.03920 0.03939 0.04024 0.08212 0.07237 0.13624 0.12019 0.02523 0.11078 0.06372 0.05884 0.06715 0.03116 0.02865 0.14326 0.00000 0.00000 0.35085 0.18795 0.17845 0.15498 0.06902 0.00000 0.00000
0.00000 0.03625 0.03523 0.03461 0.06815 0.05976 0.00000 0.01407 0.02774 0.02027 0.01819 0.00000 0.08997 0.05581 0.05093 0.02714 0.02434 0.17517 0.19998 0.18008 0.16784 0.16762 0.08153 0.00000 0.00000
0.03742 0.03694 0.03418 0.06936 0.06269 0.07264 0.03479 0.00000 0.03332 0.02754 0.02563 0.05956 0.06077 0.08697 0.07319 0.10399 0.02474 0.14301 0.16634 0.18991 0.08710 0.29750 0.08544 0.09448 0.03860
0.07772 0.08050 0.08367 0.18784 0.23780 0.07085 0.00000 0.02873 0.03055 0.02980 0.06194 0.06427 0.06649 0.09986 0.08526 0.04678 0.12987 0.14661 0.16132 0.18961 0.30162 0.07066 0.07921 0.08573 0.03732
0.07364 0.07757 0.08196 0.19814 0.16180 0.14179 0.00000 0.00000 0.08307 0.10894 0.07199 0.05886 0.06273 0.12579 0.06558 0.02864 0.03070 0.02594 0.15061 0.08546 0.30184 0.15410 0.17053 0.19641 0.22088
0.00000 0.07069 0.07542 0.18564 0.19395 0.15798 0.00000 0.00000 0.09575 0.12316 0.06494 0.06711 0.07055 0.14645 0.03385 0.03320 0.03605 0.05797 0.06609 0.07375 0.43922 0.40455 0.41242 0.20906 0.21113
0.00000 0.00000 0.00000 0.20487 0.30359 0.30720 0.19659 0.55748 0.19259 0.18163 0.05497 0.06126 0.06762 0.21518 0.02515 0.02361 0.05246 0.02211 0.05976 0.05831 0.48191 0.48473 0.47541 0.20489 0.00000
0.00000 0.00000 0.00000 0.43027 0.42106 0.45426 0.16368 0.50671 0.50064 0.20362 0.07233 0.01813 0.12832 0.13021 0.12897 0.01335 0.01973 0.02481 0.03258 0.03935 0.15714 0.18953 0.21231 0.00000 0.00000
0.00000 0.00000 0.02247 0.02375 0.14306 0.39747 0.17903 0.50599 0.52156 0.02843 0.06646 0.05967 0.05543 0.15621 0.03390 0.07393 0.01743 0.01889 0.01829 0.11447 0.07933 0.19845 0.23039 0.00000 0.00000
0.00000 0.00000 0.03083 0.19024 0.19210 0.16532 0.45422 0.03079 0.05395 0.20585 0.27077 0.25187 0.13415 0.07743 0.07713 0.07050 0.14763 0.02215 0.06034 0.06305 0.15586 0.08210 0.09886 0.04717 0.00000
0.00000 0.04116 0.09224 0.08027 0.07624 0.47645 0.42773 0.02632 0.02889 0.45820 0.46260 0.03331 0.08051 0.16831 0.40198 0.05625 0.06052 0.06878 0.07544 0.07004 0.19412 0.08740 0.04605 0.04600 0.04636
0.00000 0.03926 0.03864 0.08250 0.33459 0.48368 0.14040 0.13341 0.02361 0.25077 0.25001 0.00000 0.07099 0.16672 0.38974 0.32788 0.03122 0.03554 0.20560 0.07710 0.05832 0.00000 0.04693 0.04646 0.00000
0.03856 0.03845 0.03888 0.03983 0.35441 0.33145 0.15424 0.14714 0.00000 0.07625 0.28071 0.00000 0.03471 0.16009 0.36878 0.29257 0.03593 0.04104 0.19069 0.00000 0.00000 0.00000 0.00000 0.00000 0.00000
0.00000 0.04007 0.04142 0.04288 0.09069 0.03918 0.03764 0.03922 0.00000 0.00000 0.00000 0.00000 0.03768 0.03202 0.03385 0.09007 0.04160 0.04080 0.17823 0.00000 0.00000 0.00000 0.00000 0.00000 0.00000
0.00000 0.00000 0.00000 0.00000 0.04393 0.03957 0.03760 0.03902 0.00000 0.00000 0.00000 0.00000 0.04145 0.03654 0.03712 0.04122 0.04312 0.04176 0.04085 0.00000 0.00000 0.00000 0.00000 0.00000 0.00000
