# name=two_districts field=200x200 stride=8
25 25
0.00000 0.15408 0.35672 0.37012 0.84040 0.84635 0.84040 0.84635 0.84040 0.36475 0.29172 0.08323 0.19241 0.20674 0.60336 0.59823 0.61148 0.66712 0.73094 0.67512 0.36284 0.69022 0.72911 0.77702 0.25977
0.15408 0.34807 1.00000 0.93222 1.00000 0.94586 1.00000 0.94586 1.00000 0.95852 0.85712 0.23125 0.57864 0.60987 0.58305 0.63262 0.68321 0.70463 0.71490 0.69109 0.68772 0.73986 0.72291 0.72585 0.73557
0.35783 1.00000 0.95276 1.00000 0.96239 1.00000 0.96239 1.00000 0.98026 1.00000 0.87762 0.69108 0.64735 0.60297 0.62553 0.66570 0.70306 0.73191 0.73347 0.69797 0.69615 0.74273 0.70215 0.70646 0.70228
0.37012 0.93222 1.00000 1.00000 1.00000 1.00000 1.00000 1.00000 1.00000 1.00000 0.94416 0.75801 0.62440 0.63926 0.67371 0.69271 0.70485 0.72581 0.73959 0.73692 0.72030 0.72862 0.73662 0.72575 0.70734
0.84056 1.00000 0.96239 1.00000 0.97018 1.00000 0.97018 1.00000 0.98451 1.00000 0.93086 0.73805 0.62426 0.66691 0.72398 0.71826 0.73209 0.73777 0.72961 0.73020 0.73516 0.73281 0.71994 0.69194 0.63761
0.84635 0.94244 1.00000 1.00000 1.00000 1.00000 1.00000 1.00000 1.00000 1.00000 0.90741 0.69949 0.48069 0.67088 0.71646 0.72345 0.71812 0.72596 0.73236 0.73884 0.73189 0.74114 0.74316 0.71235 0.68344
0.84056 1.00000 0.96239 1.00000 0.97018 1.00000 0.97018 1.00000 0.98451 1.00000 0.91685 0.74690 0.52777 0.66420 0.74736 0.73332 0.73890 0.74493 0.71785 0.73011 0.71724 0.73972 0.72823 0.71385 0.69435
0.84635 0.94244 1.00000 1.00000 1.00000 1.00000 1.00000 1.00000 1.00000 1.00000 0.92159 0.76696 0.52711 0.61725 0.71980 0.71719 0.72590 0.75051 0.74020 0.74008 0.73436 0.73524 0.72038 0.71499 0.70254
0.84056 1.00000 0.96239 1.00000 0.97018 1.00000 0.97018 1.00000 0.98451 1.00000 0.97764 0.76679 0.51074 0.67928 0.71228 0.72173 0.74667 0.74164 0.72899 0.72941 0.73285 0.72675 0.72019 0.71351 0.69351
0.84635 0.94244 1.00000 1.00000 1.00000 1.00000 1.00000 1.00000 1.00000 1.00000 0.90964 0.74961 0.57232 0.69923 0.71546 0.73194 0.75162 0.74240 0.74272 0.73355 0.71526 0.73189 0.70435 0.70232 0.68336
0.84056 1.00000 0.96239 1.00000 0.97018 1.00000 0.97018 1.00000 0.98451 1.00000 0.91132 0.73453 0.58632 0.68120 0.70429 0.74360 0.73908 0.72832 0.73649 0.72814 0.74273 0.74047 0.72832 0.73505 0.70670
0.84635 0.94244 1.00000 1.00000 1.00000 1.00000 1.00000 1.00000 1.00000 1.00000 0.92182 0.81736 0.62430 0.62644 0.72304 0.74689 0.74227 0.73135 0.74114 0.71921 0.73505 0.71965 0.74028 0.73533 0.71471
0.84056 1.00000 0.96239 1.00000 0.97018 1.00000 0.97018 1.00000 0.98451 1.00000 0.97764 0.78870 0.53183 0.56054 0.67973 0.69186 0.72117 0.73747 0.75020 0.73850 0.74128 0.73163 0.73663 0.69361 0.68749
0.84635 0.94244 1.00000 1.00000 1.00000 1.00000 1.00000 1.00000 1.00000 1.00000 0.92871 0.73333 0.48118 0.64388 0.71812 0.72832 0.73241 0.74082 0.74308 0.72514 0.73308 0.73128 0.71476 0.68109 0.68101
0.84056 1.00000 0.96239 1.00000 0.97018 1.00000 0.97018 1.00000 0.98451 1.00000 0.92711 0.69913 0.40238 0.65395 0.68279 0.72214 0.73136 0.74322 0.73850 0.74098 0.74524 0.73022 0.73371 0.73292 0.73120
0.84635 0.94244 1.00000 1.00000 1.00000 1.00000 1.00000 1.00000 1.00000 1.00000 0.91844 0.76534 0.53982 0.61745 0.75388 0.75232 0.73975 0.73912 0.71434 0.72699 0.73611 0.74061 0.74709 0.71548 0.71850
0.84056 1.00000 0.96239 1.00000 0.97018 1.00000 0.97018 1.00000 0.98451 1.00000 0.97764 0.74059 0.57966 0.62993 0.71843 0.72771 0.71979 0.74676 0.73359 0.74033 0.74012 0.73506 0.75247 0.72448 0.72663
0.84635 0.94244 1.00000 1.00000 1.00000 1.00000 1.00000 1.00000 1.00000 1.00000 0.96735 0.78062 0.55379 0.65185 0.71284 0.69325 0.72799 0.73830 0.72331 0.74633 0.74155 0.74630 0.73077 0.71048 0.71494
0.84056 1.00000 0.96239 1.00000 0.97018 1.00000 0.97018 1.00000 0.98451 1.00000 0.93051 0.74856 0.28064 0.67474 0.71892 0.73468 0.75122 0.74045 0.72597 0.73897 0.71821 0.73549 0.73460 0.73222 0.72598
0.84635 0.94244 1.00000 1.00000 1.00000 1.00000 1.00000 1.00000 1.00000 1.00000 0.91593 0.77867 0.52010 0.67361 0.70184 0.75094 0.74751 0.73885 0.74855 0.74103 0.73156 0.74058 0.72056 0.75447 0.67543
0.84056 1.00000 0.98026 1.00000 0.98451 1.00000 0.98451 1.00000 1.00000 1.00000 0.95309 0.81779 0.53068 0.63524 0.73613 0.74208 0.73527 0.72103 0.74084 0.73853 0.73364 0.74345 0.73181 0.72500 0.70509
0.36475 0.95852 1.00000 1.00000 1.00000 1.00000 1.00000 1.00000 1.00000 1.00000 0.96094 0.81002 0.55727 0.59299 0.70071 0.69941 0.72977 0.73945 0.74512 0.73514 0.73894 0.72463 0.73343 0.71614 0.72632
0.36199 1.00000 0.97159 1.00000 0.97764 0.96735 0.97764 0.96735 1.00000 0.96094 1.00000 0.59962 0.59899 0.68070 0.73722 0.72628 0.76202 0.73918 0.72956 0.75177 0.73757 0.72382 0.69700 0.69089 0.67060
0.15460 0.35711 1.00000 0.92675 0.90428 0.94437 0.90428 0.94437 0.90428 0.95503 0.50933 0.43927 0.38165 0.73243 0.74795 0.74113 0.76827 0.73815 0.72801 0.72728 0.73001 0.70919 0.64834 0.64022 0.58895
0.00000 0.15408 0.15346 0.37012 0.37189 0.37012 0.37189 0.37012 0.37189 0.15334 0.32632 0.00000 0.38752 0.78053 0.77913 0.74638 0.69263 0.73462 0.71715 0.72329 0.72872 0.69095 0.63271 0.57000 0.47232
