# name=mixed_regions field=200x200 stride=8
25 25
0.00000 0.14810 0.34257 0.35366 0.72295 0.75327 0.72295 0.75327 0.72295 0.34923 0.35204 0.14965 0.00000 0.00000 0.00000 0.00000 0.00000 0.00000 0.00000 0.00000 0.00000 0.00000 0.00000 0.00000 0.00000
0.14406 0.34807 1.00000 0.93222 1.00000 0.89834 1.00000 0.89834 1.00000 0.95852 1.00000 0.35647 0.23550 0.00000 0.00000 0.00000 0.00000 0.06158 0.03426 0.03769 0.00000 0.00000 0.00000 0.00000 0.00000
0.33721 1.00000 0.95276 1.00000 0.96239 1.00000 0.96239 1.00000 0.98026 1.00000 0.97159 1.00000 0.22639 0.19031 0.00000 0.04143 0.05901 0.06560 0.06504 0.03419 0.06457 0.24118 0.30792 0.09547 0.03684
0.34249 0.93222 1.00000 1.00000 1.00000 1.00000 1.00000 1.00000 1.00000 1.00000 1.00000 0.84435 0.40433 0.18617 0.00000 0.03959 0.06658 0.07380 0.07430 0.06304 0.05544 0.34919 0.28430 0.33138 0.19942
0.72917 1.00000 0.96239 1.00000 0.97018 1.00000 0.97018 1.00000 0.98451 1.00000 0.97764 0.90428 0.42526 0.20896 0.00000 0.03775 0.03574 0.08564 0.07903 0.06537 0.28604 0.32423 0.27338 0.30707 0.19483
0.76175 0.89834 1.00000 1.00000 1.00000 1.00000 1.00000 1.00000 1.00000 1.00000 0.96735 0.89061 0.45453 0.40784 0.00000 0.08190 0.10146 0.08110 0.19075 0.16150 0.31298 0.43156 0.44668 0.33206 0.19907
0.72917 1.00000 0.96239 1.00000 0.97018 1.00000 0.97018 1.00000 0.98451 1.00000 0.97764 0.90428 0.28044 0.34318 0.00000 0.17842 0.13460 0.22344 0.02557 0.15361 0.33397 0.41365 0.31642 0.32662 0.34636
0.76175 0.89834 1.00000 1.00000 1.00000 1.00000 1.00000 1.00000 1.00000 1.00000 0.96735 0.84887 0.60726 0.14106 0.00000 0.08829 0.07547 0.08202 0.15979 0.49109 0.42816 0.52751 0.49350 0.19960 0.19173
0.72917 1.00000 0.96239 1.00000 0.97018 1.00000 0.97018 1.00000 0.98451 1.00000 0.97764 0.73527 0.48517 0.22381 0.08904 0.30728 0.29085 0.09103 0.38708 0.53249 0.60663 0.38947 0.45538 0.45986 0.00000
0.76175 0.89834 1.00000 1.00000 1.00000 1.00000 1.00000 1.00000 1.00000 1.00000 0.96735 0.73122 0.32664 0.20225 0.19427 0.50598 0.51434 0.60294 0.38526 0.30256 0.31058 0.23238 0.11462 0.11916 0.00000
0.72917 1.00000 0.96239 1.00000 0.97018 1.00000 0.97018 1.00000 0.98451 1.00000 0.91758 0.73899 0.32594 0.41430 0.16929 0.43759 0.46825 0.58517 0.32844 0.28048 0.30073 0.23313 0.21995 0.23626 0.00000
0.76175 0.89834 1.00000 1.00000 1.00000 1.00000 1.00000 1.00000 1.00000 1.00000 0.90739 0.73488 0.51234 0.41715 0.17107 0.16377 0.42485 0.50225 0.28444 0.13872 0.29204 0.19948 0.19163 0.18953 0.00000
0.72917 1.00000 0.96239 1.00000 0.97018 1.00000 0.97018 1.00000 0.98451 1.00000 0.97764 0.81788 0.53289 0.17142 0.19779 0.06891 0.24715 0.52933 0.39710 0.59976 0.53890 0.51567 0.49985 0.51873 0.00000
0.76175 0.89834 1.00000 1.00000 1.00000 1.00000 1.00000 1.00000 1.00000 1.00000 0.96735 0.83850 0.54810 0.23130 0.17185 0.19514 0.41555 0.31402 0.58682 0.57735 0.46924 0.49040 0.50875 0.03709 0.04540
0.72917 1.00000 0.96239 1.00000 0.97018 1.00000 0.97018 1.00000 0.98451 1.00000 0.97764 0.83565 0.27249 0.50414 0.17263 0.17600 0.17144 0.28493 0.43094 0.07341 0.42418 0.17671 0.03448 0.03821 0.04429
0.76175 0.89834 1.00000 1.00000 1.00000 1.00000 1.00000 1.00000 1.00000 1.00000 0.96735 0.80015 0.61127 0.54559 0.29028 0.28182 0.26773 0.27489 0.07521 0.07557 0.42142 0.33520 0.34718 0.08809 0.08772
0.72917 1.00000 0.96239 1.00000 0.97018 1.00000 0.97018 1.00000 0.98451 1.00000 0.97764 0.79640 0.60368 0.55733 0.07403 0.15192 0.16117 0.17260 0.14739 0.16417 0.20863 0.22463 0.09211 0.08737 0.08273
0.76175 0.89834 1.00000 1.00000 1.00000 1.00000 1.00000 1.00000 1.00000 1.00000 0.96735 0.80830 0.24858 0.58716 0.13627 0.13157 0.27181 0.26111 0.39326 0.43609 0.18617 0.18181 0.09156 0.09422 0.00000
0.72917 1.00000 0.96239 1.00000 0.97018 1.00000 0.97018 1.00000 0.98451 1.00000 0.97764 0.88890 0.58197 0.50925 0.10609 0.41134 0.39663 0.26130 0.22083 0.49591 0.28674 0.08883 0.09020 0.03408 0.03400
0.76175 0.89834 1.00000 1.00000 1.00000 1.00000 1.00000 1.00000 1.00000 1.00000 0.96735 0.84309 0.66517 0.50819 0.31484 0.44762 0.43144 0.18321 0.02965 0.25255 0.14928 0.02733 0.02927 0.03205 0.03206
0.72917 1.00000 0.98026 1.00000 0.98451 1.00000 0.98451 1.00000 1.00000 1.00000 1.00000 0.79002 0.56125 0.33537 0.20617 0.19155 0.19257 0.18392 0.18151 0.16932 0.15819 0.16275 0.02871 0.03442 0.03451
0.33871 0.95852 1.00000 1.00000 1.00000 1.00000 1.00000 1.00000 1.00000 1.00000 0.96094 0.82263 0.23440 0.18721 0.22026 0.20348 0.18557 0.17316 0.18262 0.07759 0.16160 0.02405 0.02884 0.03286 0.00000
0.35204 1.00000 0.97159 1.00000 0.97764 0.96735 0.97764 0.96735 1.00000 0.96094 1.00000 0.42818 0.23329 0.00000 0.00000 0.21651 0.18519 0.08779 0.03850 0.07679 0.07405 0.00000 0.00000 0.00000 0.00000
0.14633 0.35647 1.00000 0.92675 0.90428 0.89061 0.90428 0.89061 0.90428 0.95503 0.34879 0.36684 0.00000 0.00000 0.00000 0.00000 0.08053 0.03840 0.03930 0.04137 0.00000 0.00000 0.00000 0.00000 0.00000
0.00000 0.14810 0.14621 0.35366 0.35514 0.35366 0.35514 0.35366 0.35514 0.14586 0.14727 0.00000 0.00000 0.00000 0.00000 0.00000 0.00000 0.00000 0.00000 0.00000 0.00000 0.00000 0.00000 0.00000 0.00000
