# name=rect_rotated_scattered field=200x200 stride=8
25 25
0.00000 0.00000 0.00000 0.00000 0.00000 0.00000 0.00000 0.00000 0.00000 0.00000 0.00000 0.00000 0.00000 0.00000 0.00000 0.00000 0.00000 0.00000 0.00000 0.00000 0.00000 0.00000 0.00000 0.00000 0.00000
0.00000 0.00000 0.00000 0.00000 0.00000 0.00000 0.03634 0.03455 0.00000 0.00000 0.00000 0.00000 0.00000 0.00000 0.00000 0.00000 0.00000 0.00000 0.00000 0.00000 0.00000 0.00000 0.00000 0.00000 0.00000
0.00000 0.00000 0.00000 0.00000 0.00000 0.00000 0.03567 0.03501 0.04203 0.00000 0.00000 0.00000 0.00000 0.00000 0.00000 0.00000 0.00000 0.00000 0.00000 0.00000 0.00000 0.00000 0.00000 0.00000 0.00000
0.00000 0.00000 0.00000 0.00000 0.00000 0.04057 0.03510 0.03122 0.03764 0.00000 0.00000 0.00000 0.00000 0.00000 0.00000 0.00000 0.00000 0.00000 0.00000 0.00000 0.00000 0.00000 0.00000 0.00000 0.00000
0.00000 0.00000 0.00000 0.00000 0.00000 0.04062 0.02747 0.02719 0.03299 0.00000 0.00000 0.00000 0.00000 0.00000 0.00000 0.00000 0.00000 0.02351 0.00000 0.00000 0.00000 0.00000 0.00000 0.00000 0.00000
0.00000 0.00000 0.00000 0.00000 0.01699 0.04345 0.02085 0.02062 0.00000 0.02208 0.04580 0.00000 0.00000 0.00000 0.00000 0.00000 0.00000 0.00000 0.00000 0.06267 0.04394 0.02435 0.02879 0.00000 0.00000
0.00000 0.00000 0.00000 0.00000 0.05042 0.02025 0.01317 0.12935 0.03373 0.03220 0.06360 0.08371 0.04884 0.00000 0.00000 0.00000 0.00000 0.00000 0.09669 0.06784 0.05526 0.02831 0.03253 0.03744 0.00000
0.00000 0.00000 0.00000 0.00000 0.02181 0.02590 0.08745 0.04085 0.03971 0.08799 0.07736 0.09798 0.09560 0.00000 0.00000 0.00000 0.02202 0.00000 0.15988 0.30421 0.30004 0.03514 0.03628 0.04167 0.04379
0.00000 0.00000 0.06703 0.07563 0.02102 0.02316 0.07944 0.09414 0.04454 0.09527 0.33308 0.09212 0.08698 0.08843 0.08718 0.06398 0.05532 0.00000 0.16988 0.18716 0.22421 0.10133 0.04078 0.04046 0.04167
0.00000 0.08520 0.08816 0.09142 0.09451 0.07990 0.15319 0.15769 0.03751 0.15615 0.32732 0.08099 0.07740 0.07751 0.07594 0.14552 0.04907 0.00000 0.31750 0.18381 0.03627 0.09946 0.08852 0.08666 0.08571
0.00000 0.04366 0.04350 0.04404 0.08960 0.07901 0.14999 0.13381 0.02840 0.12225 0.06860 0.06240 0.07035 0.03235 0.02982 0.14916 0.00000 0.00000 0.36364 0.19645 0.19053 0.16879 0.07707 0.00000 0.00000
0.00000 0.04062 0.03923 0.03825 0.07512 0.06591 0.00000 0.01575 0.03126 0.02231 0.01968 0.00000 0.09501 0.05867 0.05386 0.02859 0.02561 0.18362 0.20908 0.18964 0.18053 0.18345 0.09101 0.00000 0.00000
0.04239 0.04178 0.03824 0.07728 0.06965 0.08086 0.03885 0.00000 0.03752 0.03037 0.02784 0.06407 0.06497 0.09311 0.07865 0.11139 0.02639 0.15248 0.17739 0.20373 0.09487 0.32743 0.09490 0.10470 0.04268
0.08699 0.09005 0.09354 0.20901 0.26492 0.07923 0.00000 0.03240 0.03435 0.03294 0.06790 0.06999 0.07223 0.10859 0.09293 0.05108 0.14142 0.15908 0.17538 0.20734 0.33247 0.07854 0.08772 0.09469 0.04111
0.08156 0.08594 0.09083 0.21995 0.18023 0.15858 0.00000 0.00000 0.09302 0.12140 0.07987 0.06478 0.06902 0.13877 0.07274 0.03169 0.03392 0.02874 0.16739 0.09559 0.33572 0.16979 0.18695 0.21473 0.24087
0.00000 0.07768 0.08295 0.20497 0.21459 0.17606 0.00000 0.00000 0.10692 0.13694 0.07200 0.07450 0.07845 0.16318 0.03781 0.03707 0.04026 0.06464 0.07364 0.08217 0.48203 0.44135 0.44752 0.22556 0.22796
0.00000 0.00000 0.00000 0.22502 0.33331 0.33822 0.21497 0.60720 0.21018 0.19866 0.06088 0.06794 0.07514 0.24007 0.02815 0.02643 0.05858 0.02460 0.06632 0.06465 0.52468 0.52272 0.51029 0.21862 0.00000
0.00000 0.00000 0.00000 0.46862 0.45817 0.48960 0.17477 0.54071 0.53461 0.21914 0.07805 0.01986 0.14086 0.14341 0.14300 0.01499 0.02206 0.02760 0.03609 0.04296 0.16992 0.20277 0.22543 0.00000 0.00000
0.00000 0.00000 0.02438 0.02562 0.15394 0.42176 0.18765 0.53006 0.54691 0.02991 0.07071 0.06380 0.06008 0.17063 0.03728 0.08142 0.01923 0.02070 0.01999 0.12388 0.08547 0.21171 0.24382 0.00000 0.00000
0.00000 0.00000 0.03351 0.20486 0.20498 0.17391 0.47595 0.03190 0.05615 0.21536 0.28335 0.26464 0.14303 0.08310 0.08409 0.07713 0.16108 0.02406 0.06519 0.06790 0.16682 0.08733 0.10433 0.04930 0.00000
0.00000 0.04484 0.09976 0.08621 0.08122 0.50353 0.44983 0.02756 0.03019 0.47909 0.48296 0.03446 0.08463 0.17874 0.43095 0.06091 0.06527 0.07394 0.08073 0.07472 0.20666 0.09281 0.04846 0.04830 0.04856
0.00000 0.04251 0.04169 0.08826 0.35756 0.51455 0.14914 0.14203 0.02515 0.26431 0.26053 0.00000 0.07386 0.17524 0.41365 0.35017 0.03346 0.03787 0.21714 0.08178 0.06192 0.00000 0.04957 0.04900 0.00000
0.04157 0.04129 0.04159 0.04244 0.37813 0.35587 0.16600 0.15942 0.00000 0.08144 0.29351 0.00000 0.03579 0.16700 0.38866 0.31056 0.03834 0.04345 0.20164 0.00000 0.00000 0.00000 0.00000 0.00000 0.00000
0.00000 0.04266 0.04396 0.04539 0.09666 0.04215 0.04124 0.04362 0.00000 0.00000 0.00000 0.00000 0.03877 0.03321 0.03546 0.09514 0.04422 0.04329 0.18876 0.00000 0.00000 0.00000 0.00000 0.00000 0.00000
0.00000 0.00000 0.00000 0.00000 0.04659 0.04250 0.04112 0.04334 0.00000 0.00000 0.00000 0.00000 0.04254 0.03788 0.03895 0.04364 0.04591 0.04440 0.04336 0.00000 0.00000 0.00000 0.00000 0.00000 0.00000
