# name=two_districts field=200x200 stride=8
25 25
0.00000 0.15408 0.35672 0.37012 0.84040 0.84635 0.84040 0.84635 0.84040 0.36475 0.29564 0.08611 0.20579 0.22436 0.66076 0.65447 0.66886 0.72972 0.80026 0.73857 0.39605 0.75266 0.79474 0.84698 0.28331
0.15408 0.34807 1.00000 0.93222 1.00000 0.94586 1.00000 0.94586 1.00000 0.95852 0.86537 0.23713 0.61553 0.66272 0.63883 0.69285 0.74826 0.77155 0.78318 0.75672 0.75225 0.80828 0.78873 0.79205 0.80299
0.35783 1.00000 0.95276 1.00000 0.96239 1.00000 0.96239 1.00000 0.98026 1.00000 0.88326 0.70758 0.68698 0.65347 0.68639 0.72965 0.77061 0.80242 0.80425 0.76510 0.76231 0.81234 0.76692 0.77158 0.76700
0.37012 0.93222 1.00000 1.00000 1.00000 1.00000 1.00000 1.00000 1.00000 1.00000 0.94762 0.77642 0.66048 0.69428 0.74061 0.76081 0.77345 0.79650 0.81171 0.80875 0.78962 0.79765 0.80548 0.79301 0.77279
0.84056 1.00000 0.96239 1.00000 0.97018 1.00000 0.97018 1.00000 0.98451 1.00000 0.93494 0.75651 0.66032 0.72608 0.79729 0.79054 0.80534 0.81128 0.80225 0.80196 0.80673 0.80273 0.78772 0.75635 0.69695
0.84635 0.94244 1.00000 1.00000 1.00000 1.00000 1.00000 1.00000 1.00000 1.00000 0.91261 0.71494 0.50837 0.73058 0.79020 0.79735 0.79139 0.79992 0.80649 0.81248 0.80322 0.81223 0.81330 0.77921 0.74739
0.84056 1.00000 0.96239 1.00000 0.97018 1.00000 0.97018 1.00000 0.98451 1.00000 0.92210 0.75997 0.55869 0.72292 0.82471 0.80896 0.81519 0.82156 0.79124 0.80393 0.78836 0.81138 0.79778 0.78135 0.75981
0.84635 0.94244 1.00000 1.00000 1.00000 1.00000 1.00000 1.00000 1.00000 1.00000 0.92560 0.78084 0.55671 0.67036 0.79346 0.79099 0.80098 0.82820 0.81639 0.81505 0.80748 0.80701 0.79007 0.78407 0.77016
0.84056 1.00000 0.96239 1.00000 0.97018 1.00000 0.97018 1.00000 0.98451 1.00000 0.97764 0.78379 0.53840 0.73715 0.78441 0.79527 0.82333 0.81781 0.80362 0.80323 0.80595 0.79812 0.79109 0.78391 0.76213
0.84635 0.94244 1.00000 1.00000 1.00000 1.00000 1.00000 1.00000 1.00000 1.00000 0.91346 0.76331 0.60302 0.75804 0.78723 0.80551 0.82770 0.81752 0.81743 0.80655 0.78623 0.80448 0.77441 0.77266 0.75216
0.84056 1.00000 0.96239 1.00000 0.97018 1.00000 0.97018 1.00000 0.98451 1.00000 0.91569 0.74853 0.61787 0.73843 0.77388 0.81773 0.81253 0.80039 0.80898 0.79920 0.81494 0.81332 0.80085 0.80915 0.77898
0.84635 0.94244 1.00000 1.00000 1.00000 1.00000 1.00000 1.00000 1.00000 1.00000 0.92566 0.83089 0.65957 0.68000 0.79549 0.82062 0.81480 0.80194 0.81220 0.78791 0.80571 0.79007 0.81382 0.80956 0.78804
0.84056 1.00000 0.96239 1.00000 0.97018 1.00000 0.97018 1.00000 0.98451 1.00000 0.97764 0.80561 0.56137 0.60950 0.74888 0.76108 0.79195 0.80826 0.82128 0.80827 0.81213 0.80287 0.80889 0.76223 0.75599
0.84635 0.94244 1.00000 1.00000 1.00000 1.00000 1.00000 1.00000 1.00000 1.00000 0.93240 0.74688 0.50757 0.70164 0.79245 0.80202 0.80476 0.81197 0.81380 0.79388 0.80296 0.80191 0.78400 0.74717 0.74647
0.84056 1.00000 0.96239 1.00000 0.97018 1.00000 0.97018 1.00000 0.98451 1.00000 0.93187 0.71420 0.42512 0.71350 0.75471 0.79573 0.80410 0.81572 0.80919 0.81194 0.81704 0.80030 0.80391 0.80246 0.79905
0.84635 0.94244 1.00000 1.00000 1.00000 1.00000 1.00000 1.00000 1.00000 1.00000 0.92308 0.77748 0.57152 0.67312 0.83279 0.82903 0.81345 0.81182 0.78361 0.79837 0.80880 0.81305 0.81949 0.78304 0.78317
0.84056 1.00000 0.96239 1.00000 0.97018 1.00000 0.97018 1.00000 0.98451 1.00000 0.97764 0.75359 0.61149 0.68513 0.79198 0.80108 0.79184 0.82041 0.80644 0.81431 0.81468 0.80848 0.82645 0.79334 0.79223
0.84635 0.94244 1.00000 1.00000 1.00000 1.00000 1.00000 1.00000 1.00000 1.00000 0.96735 0.79519 0.58296 0.70667 0.78377 0.76188 0.79990 0.81100 0.79595 0.82238 0.81769 0.82230 0.80357 0.77896 0.78128
0.84056 1.00000 0.96239 1.00000 0.97018 1.00000 0.97018 1.00000 0.98451 1.00000 0.93360 0.76086 0.29274 0.73006 0.78853 0.80540 0.82423 0.81358 0.79890 0.81457 0.79266 0.81102 0.80826 0.80347 0.79431
0.84635 0.94244 1.00000 1.00000 1.00000 1.00000 1.00000 1.00000 1.00000 1.00000 0.91931 0.78802 0.54566 0.72679 0.76810 0.82255 0.81929 0.81081 0.82361 0.81639 0.80682 0.81624 0.79291 0.82866 0.74014
0.84056 1.00000 0.98026 1.00000 0.98451 1.00000 0.98451 1.00000 1.00000 1.00000 0.95620 0.82675 0.55389 0.68508 0.80547 0.81226 0.80549 0.79078 0.81413 0.81260 0.80830 0.81844 0.80459 0.79575 0.77209
0.36475 0.95852 1.00000 1.00000 1.00000 1.00000 1.00000 1.00000 1.00000 1.00000 0.96094 0.82431 0.58614 0.63905 0.76584 0.76449 0.79869 0.81043 0.81767 0.80777 0.81212 0.79604 0.80535 0.78480 0.79524
0.36199 1.00000 0.97159 1.00000 0.97764 0.96735 0.97764 0.96735 1.00000 0.96094 1.00000 0.61152 0.63081 0.73726 0.80504 0.79304 0.83290 0.80898 0.79929 0.82442 0.80864 0.79366 0.76365 0.75644 0.73399
0.15460 0.35711 1.00000 0.92675 0.90428 0.94437 0.90428 0.94437 0.90428 0.95503 0.51315 0.44897 0.40656 0.79302 0.81547 0.80800 0.83840 0.80624 0.79594 0.79575 0.79885 0.77608 0.70945 0.70005 0.64373
0.00000 0.15408 0.15346 0.37012 0.37189 0.37012 0.37189 0.37012 0.37189 0.15334 0.33068 0.00000 0.41526 0.85072 0.84809 0.81201 0.75384 0.80072 0.78246 0.78978 0.79607 0.75508 0.69123 0.62254 0.51556
