# name=grid_mixed_sizes field=200x200 stride=8
25 25
0.00000 0.00000 0.00000 0.00000 0.00000 0.00000 0.16667 0.16667 0.16667 0.33333 0.33333 0.58331 0.58296 0.33333 0.55613 0.53080 0.49732 0.87242 0.49983 0.54899 0.68110 0.33333 0.33333 0.33333 0.00000
0.00000 0.00000 0.00000 0.00000 0.00000 0.00000 0.44701 0.41816 0.39259 0.53919 0.83565 0.58331 0.71713 0.55347 0.69343 0.68525 0.49478 0.86919 0.47724 0.88624 0.66500 0.69790 0.95245 0.33333 0.00000
0.00000 0.00000 0.55107 0.00000 0.46913 0.44660 0.46047 0.60530 0.90454 0.82284 0.91829 0.92106 0.96327 0.90449 0.87858 0.85385 0.84296 0.89994 0.82216 0.86235 0.93467 0.93378 0.91738 0.92186 0.33333
0.33333 0.55107 0.91961 0.87022 0.81550 0.93325 0.84324 0.83292 0.79193 0.84978 0.85459 0.92165 0.92363 0.92656 0.91348 0.91472 0.74772 0.90438 0.80557 0.95353 0.93696 0.94547 0.93493 0.89172 0.33333
0.33333 0.51269 0.91200 0.86672 0.91463 0.93139 0.86184 0.87931 0.81429 0.80569 0.85180 0.94356 0.91728 0.91148 0.86411 0.81635 0.85426 0.90126 0.82852 0.95392 0.96750 0.93890 0.95311 0.70864 0.33333
0.33333 0.52063 0.88448 0.92284 0.90487 0.83310 0.85713 0.86154 0.80577 0.84009 0.88996 0.86711 0.90603 0.89949 0.85712 0.80918 0.71529 0.92114 0.90118 0.91441 0.94396 0.98329 0.93667 0.94646 0.33333
0.55165 0.51967 0.95642 0.96065 0.92367 0.84943 0.87997 0.74976 0.77787 0.78585 0.79742 0.42936 0.80297 0.79804 0.82725 0.77909 0.94464 0.97200 0.93109 0.89310 0.83612 0.87261 0.71424 0.53855 0.33333
0.33333 1.00000 1.00000 1.00000 0.96877 0.93775 0.87074 0.92559 0.86551 0.85164 0.91134 0.76848 0.84711 0.78942 0.81779 0.74933 0.75185 0.88096 0.84187 0.91342 0.80782 0.88526 0.87518 0.57492 0.33333
0.33333 1.00000 1.00000 0.95798 0.90289 0.80023 0.80953 0.78442 0.85485 0.84038 0.95721 0.85650 0.93987 0.79055 0.78063 0.79589 0.47107 0.83014 0.86728 0.86825 0.78584 0.83332 0.87316 0.60269 0.33333
0.56648 0.54105 1.00000 0.93357 0.67074 0.83774 0.70285 0.78179 0.81636 0.82706 0.82345 0.77501 0.74566 0.75141 0.48415 0.76933 0.42309 0.70302 0.82253 0.84299 0.86824 0.90614 0.31153 0.33333 0.33333
0.00000 0.46274 0.46134 0.54328 0.63007 0.82033 0.59542 0.76091 0.75677 0.77420 0.42672 0.78007 0.78381 0.82967 0.55232 0.55252 0.78210 0.81800 0.47242 0.84564 0.65860 0.88573 0.71796 0.33333 0.33333
0.16667 0.42693 0.57243 0.56592 0.76918 0.77766 0.81207 0.43444 0.68691 0.68074 0.67999 0.84316 0.86494 0.84133 0.78883 0.56700 0.77412 0.74894 0.83512 0.86657 0.90556 0.90972 0.76350 0.59078 0.00000
0.16667 0.16667 0.32922 0.62809 0.58717 0.55489 0.43634 0.87404 0.83710 0.75366 0.80356 0.82955 0.77353 0.74809 0.86657 0.91200 0.38958 0.59888 0.58245 0.82710 0.80989 0.25872 0.26675 0.16667 0.16667
0.00000 0.00000 0.00000 0.61587 0.64445 0.74969 0.81296 0.91870 0.89412 0.91670 0.78524 0.84272 0.86336 0.26358 0.33925 0.56363 0.40955 0.14074 0.57557 0.60846 0.60665 0.80914 0.28473 0.16667 0.16667
0.00000 0.00000 0.00000 0.46284 0.66546 0.70712 0.87639 0.87241 0.93122 0.88094 0.87147 0.84606 0.84659 0.79614 0.80190 0.86188 0.83098 0.81406 0.91075 0.82081 0.83719 0.85016 0.28157 0.28030 0.00000
0.00000 0.00000 0.46913 0.62288 0.43706 0.49081 0.28255 0.24242 0.46627 0.83391 0.79993 0.83743 0.88058 0.80650 0.83486 0.83684 0.78280 0.85078 0.86568 0.87946 0.88582 0.46762 0.00000 0.00000 0.00000
0.00000 0.20151 0.20151 0.59797 0.57038 0.66082 0.56906 0.74587 0.74826 0.86876 0.81346 0.83053 0.84226 0.81892 0.78678 0.64943 0.95761 0.46899 0.88573 0.85140 0.62821 0.60482 0.00000 0.00000 0.00000
0.00000 0.00000 0.00000 0.24187 0.77923 0.72981 0.81900 0.74852 0.81921 0.66461 0.86349 0.84121 0.77913 0.69774 0.86651 0.79607 0.89435 0.89503 0.87008 0.87190 0.81782 0.44759 0.00000 0.00000 0.00000
0.00000 0.00000 0.27185 0.00000 0.84406 0.82333 0.68704 0.73410 0.79831 0.76520 0.86224 0.90641 0.95306 0.96066 0.92699 0.93560 0.97230 0.95677 0.95763 0.92155 0.84265 0.78608 0.00000 0.00000 0.00000
0.16667 0.28806 0.29109 0.74383 0.79323 0.45764 0.84869 0.74543 0.79993 0.88476 0.89593 0.93928 0.96351 1.00000 0.92047 0.95087 0.96359 0.94932 0.96448 0.91875 0.92003 0.78862 0.00000 0.00000 0.00000
0.16667 0.16667 0.24734 0.24857 0.91239 0.91811 0.89644 0.79657 0.77816 0.83053 0.89578 0.84343 0.97315 0.92778 0.94456 0.96091 0.90528 0.93156 0.87540 0.95326 0.88769 0.70339 0.00000 0.00000 0.00000
0.16667 0.16667 0.28713 0.28795 0.94912 0.93376 0.63134 0.64708 0.91273 0.84121 0.76745 0.69774 0.08916 0.74432 0.46332 0.89624 0.91147 0.92165 0.90806 0.86404 0.39840 0.32246 0.00000 0.00000 0.00000
0.00000 0.31336 0.31109 0.31153 0.72094 0.73918 0.31256 0.68993 0.69723 0.49950 0.49370 0.47493 0.44328 0.74408 0.83390 0.90679 0.93160 0.96862 0.93964 0.65191 0.40307 0.16667 0.00000 0.00000 0.00000
0.00000 0.00000 0.33333 0.33333 0.33333 0.60269 0.33333 0.57235 0.56102 0.50000 0.49644 0.47876 0.08916 0.49349 0.48220 0.67664 0.93943 1.00000 0.68484 0.68098 0.16667 0.16667 0.00000 0.00000 0.00000
0.00000 0.00000 0.33333 0.33333 0.33333 0.33333 0.33333 0.33333 0.16667 0.16667 0.49856 0.00000 0.00000 0.49626 0.16667 0.55793 0.33333 0.33333 0.33333 0.16667 0.16667 0.00000 0.00000 0.00000 0.00000
