# name=grid_nonrect_buildings field=200x200 stride=8
25 25
0.00000 0.00000 0.32056 0.32154 0.29705 0.30415 0.32935 0.28956 0.00000 0.27531 0.30071 0.31973 0.27461 0.00000 0.25855 0.28743 0.31400 0.55460 0.31854 0.55674 0.55460 0.32203 0.32291 0.00000 0.00000
0.00000 0.53747 0.52980 0.95774 0.47304 0.46969 0.59354 0.62399 0.99402 0.48285 0.50354 0.50210 0.47889 0.43492 0.45298 0.45378 0.49263 0.49902 0.91534 0.65499 0.65474 0.50222 0.52505 0.55296 0.00000
0.31562 0.52638 0.95086 0.95284 0.90146 0.91894 0.94487 0.98612 0.95789 0.91877 0.91709 0.92194 0.95176 0.91331 0.88283 0.89271 0.91673 0.95649 0.92378 0.95803 0.90588 0.96177 0.96586 0.51642 0.32440
0.31412 0.94408 0.94519 0.94659 0.95636 0.96570 0.97713 0.98153 0.98400 0.97525 0.96913 0.93216 0.95700 0.92815 0.95216 0.95488 0.95831 0.96037 0.93380 0.95758 0.95741 0.95951 0.96435 0.46193 0.32440
0.54694 0.79199 0.94511 0.94576 0.95377 0.96390 0.94441 0.93053 0.95271 0.97457 0.96895 0.93698 0.92027 0.93178 0.95948 0.96113 0.93351 0.96406 0.93766 0.95859 0.95586 0.95565 0.89813 0.46786 0.29291
0.54705 0.79295 0.88881 0.94759 0.95509 0.96502 0.94508 0.93626 0.95334 0.97632 0.97077 0.95304 0.94831 0.93633 0.96329 0.96476 0.93560 0.92604 0.93799 0.95775 0.95489 0.95267 0.90418 0.48371 0.31822
0.31777 0.65052 0.91501 0.92321 0.93538 0.94264 0.92610 0.95804 0.98475 0.95213 0.94896 0.93992 0.93673 0.94583 0.93763 0.93813 0.94230 0.94106 0.91465 0.92810 0.92497 0.95209 0.90875 0.54961 0.31539
0.56094 0.65804 0.95434 0.95533 0.91242 0.93066 0.94691 0.97989 0.95860 0.97742 0.93179 0.94077 0.96953 0.94352 0.93028 0.92283 0.93384 0.96511 0.93811 0.96108 0.91573 0.95448 0.95175 0.72149 0.55788
0.31722 0.64588 0.92034 0.92997 0.93465 0.93913 0.93610 0.95057 0.95444 0.94833 0.94657 0.94906 0.94573 0.94888 0.93866 0.93767 0.96685 0.94047 0.91723 0.94290 0.93574 0.95937 0.92564 0.31614 0.31603
0.55250 0.51667 0.88832 0.95164 0.95557 0.91428 0.93139 0.96581 0.94218 0.96896 0.96969 0.94118 0.97039 0.94722 0.97289 0.97121 0.93614 0.96533 0.94061 0.96556 0.96638 0.96542 0.90597 0.59042 0.55799
0.55063 0.51427 0.90020 0.94846 0.90911 0.94932 0.92239 0.91254 0.93457 0.96307 0.96395 0.93960 0.92099 0.94728 0.97443 0.97265 0.93832 0.91839 0.94092 0.96785 0.96878 0.96942 0.91310 0.63029 0.56013
0.31777 0.90993 0.91115 0.94797 0.91877 0.91749 0.92163 0.92277 0.90703 0.93194 0.93506 0.90379 0.93648 0.94160 0.94774 0.94671 0.94397 0.93881 0.96412 0.93697 0.93949 0.94430 0.93577 0.56537 0.32440
0.56094 0.72785 0.95152 0.95105 0.90681 0.91061 0.91514 0.95066 0.92968 0.94325 0.92141 0.93108 0.96273 0.93943 0.91749 0.92725 0.93756 0.96696 0.94127 0.91403 0.92493 0.97180 0.90986 0.71867 0.57478
0.31722 0.91282 0.91925 0.95408 0.92441 0.92310 0.95341 0.92486 0.93628 0.94692 0.93449 0.90993 0.93393 0.95279 0.93618 0.94134 0.94024 0.93660 0.93485 0.94135 0.94356 0.97042 0.94398 0.32870 0.32876
0.55250 0.70813 0.89979 0.96192 0.96405 0.92261 0.93567 0.91225 0.94196 0.96734 0.96727 0.93478 0.91187 0.93383 0.96372 0.96881 0.94384 0.93972 0.95036 0.96685 0.96945 0.97441 0.91699 0.48154 0.30196
0.55063 0.67968 0.91409 0.96751 0.94154 0.97281 0.94466 0.92903 0.94471 0.97040 0.97031 0.93646 0.91589 0.93982 0.96931 0.97409 0.94764 0.92757 0.94522 0.97166 0.97426 0.97887 0.93450 0.47883 0.00000
0.31777 0.65768 0.93429 0.94562 0.94859 0.96622 0.95198 0.94882 0.92416 0.95608 0.94388 0.94223 0.93965 0.94745 0.94505 0.94883 0.95717 0.95117 0.92688 0.95158 0.95433 0.95139 0.94677 0.65958 0.00000
0.56754 0.66845 0.96970 0.97545 0.96325 0.94578 0.94684 0.97385 0.94513 0.95767 0.93303 0.94268 0.97271 0.94787 0.92707 0.94341 0.95562 0.98234 0.95417 0.93106 0.93698 0.97895 0.98032 0.61398 0.29009
0.32180 0.92663 0.93528 0.94715 0.95231 0.95244 0.94584 0.94023 0.93443 0.94658 0.94710 0.94635 0.94471 0.94777 0.94919 0.95224 0.96359 0.96106 0.93485 0.94995 0.94743 0.94645 0.93744 0.58046 0.32190
0.29063 0.47214 0.90489 0.96852 0.96908 0.92821 0.94071 0.97186 0.94870 0.97227 0.92978 0.93485 0.92821 0.93941 0.96987 0.97323 0.94699 0.97869 0.95207 0.97186 0.92605 0.96171 0.90473 0.57984 0.29404
0.26018 0.46194 0.91428 0.96295 0.92129 0.96260 0.93655 0.92923 0.95100 0.94675 0.96927 0.93349 0.91476 0.93100 0.95868 0.96218 0.93705 0.92772 0.94765 0.93984 0.96143 0.95610 0.89597 0.60878 0.26306
0.00000 0.96234 0.95999 0.95687 0.95561 0.95573 0.92574 0.96602 0.94588 0.97223 0.96850 0.96009 0.95282 0.94465 0.94757 0.95016 0.95498 0.95810 0.93471 0.95993 0.95713 0.95268 0.94886 0.00000 0.00000
0.00000 0.51486 0.95953 0.95464 0.88792 0.90388 0.91640 0.88376 0.93712 0.91255 0.91783 0.92080 0.95256 0.91524 0.88063 0.88995 0.90492 0.86930 0.92255 0.90526 0.90336 0.95642 0.95303 0.51679 0.00000
0.00000 0.54419 0.50832 0.50531 0.72733 0.71976 0.70114 0.67669 0.64998 0.47194 0.46215 0.45737 0.47105 0.45777 0.45177 0.44849 0.44089 0.48229 0.91331 0.58493 0.62226 0.95908 0.52657 0.00000 0.00000
0.00000 0.00000 0.31953 0.31681 0.55650 0.31474 0.31736 0.56199 0.32440 0.29197 0.00000 0.00000 0.28645 0.31423 0.28638 0.25589 0.00000 0.27685 0.31603 0.28877 0.25649 0.00000 0.00000 0.00000 0.00000
