# name=rect_rotated_scattered field=200x200 stride=8
25 25
0.00000 0.00000 0.00000 0.00000 0.00000 0.00000 0.00000 0.00000 0.00000 0.00000 0.00000 0.00000 0.00000 0.00000 0.00000 0.00000 0.00000 0.00000 0.00000 0.00000 0.00000 0.00000 0.00000 0.00000 0.00000
0.00000 0.00000 0.00000 0.00000 0.00000 0.00000 0.00000 0.00000 0.00000 0.00000 0.00000 0.00000 0.00000 0.00000 0.00000 0.00000 0.00000 0.00000 0.00000 0.00000 0.00000 0.00000 0.00000 0.00000 0.00000
0.00000 0.00000 0.00000 0.00000 0.00000 0.00000 0.00000 0.00000 0.00000 0.00000 0.00000 0.00000 0.00000 0.00000 0.00000 0.00000 0.00000 0.00000 0.00000 0.00000 0.00000 0.00000 0.00000 0.00000 0.00000
0.00000 0.00000 0.00000 0.00000 0.00000 0.00000 0.00000 0.01855 0.01617 0.00000 0.00000 0.00000 0.00000 0.00000 0.00000 0.00000 0.00000 0.00000 0.00000 0.00000 0.00000 0.00000 0.00000 0.00000 0.00000
0.00000 0.00000 0.00000 0.00000 0.00000 0.05405 0.01971 0.01683 0.01745 0.00000 0.00000 0.00000 0.00000 0.00000 0.00000 0.00000 0.00000 0.02454 0.00000 0.00000 0.00000 0.00000 0.00000 0.00000 0.00000
0.00000 0.00000 0.00000 0.00000 0.00000 0.04679 0.01653 0.01653 0.00000 0.01579 0.03458 0.00000 0.00000 0.00000 0.04810 0.05870 0.00000 0.00000 0.00000 0.05049 0.14169 0.16531 0.17989 0.00000 0.00000
0.00000 0.00000 0.00000 0.00000 0.04589 0.00000 0.01443 0.09126 0.02283 0.02020 0.04339 0.06796 0.04272 0.00000 0.06716 0.03491 0.04028 0.00000 0.08138 0.05413 0.13580 0.16312 0.17715 0.19480 0.00000
0.00000 0.00000 0.00000 0.00000 0.01907 0.02272 0.06037 0.02658 0.02387 0.04736 0.05366 0.04330 0.03755 0.00000 0.03644 0.03429 0.03729 0.00000 0.06073 0.14909 0.28265 0.17386 0.18104 0.03644 0.03809
0.00000 0.00000 0.02035 0.02083 0.01925 0.02066 0.05176 0.05542 0.02488 0.05109 0.23445 0.03026 0.03333 0.03737 0.08194 0.06111 0.06758 0.05914 0.07540 0.06913 0.07863 0.08722 0.03495 0.03526 0.03644
0.00000 0.02366 0.02291 0.02577 0.03053 0.06461 0.04639 0.04906 0.06244 0.10486 0.25478 0.02558 0.02915 0.07351 0.06428 0.23847 0.06226 0.07435 0.21795 0.08142 0.03920 0.08986 0.06566 0.06418 0.06424
0.00000 0.02825 0.02764 0.02868 0.02703 0.02471 0.05126 0.04607 0.06069 0.10034 0.04325 0.05190 0.06135 0.06112 0.02519 0.24014 0.07481 0.08134 0.36001 0.18363 0.15970 0.12966 0.01699 0.00000 0.00000
0.00000 0.07572 0.06991 0.06464 0.05341 0.04909 0.00000 0.05618 0.06187 0.04716 0.04284 0.00000 0.06747 0.13540 0.25647 0.17142 0.19802 0.19820 0.21200 0.17017 0.12828 0.12375 0.02552 0.00000 0.00000
0.03389 0.03373 0.07252 0.06465 0.05508 0.04187 0.03063 0.00000 0.06640 0.04320 0.03043 0.05052 0.04702 0.23155 0.22441 0.39095 0.18123 0.16889 0.17794 0.18567 0.07885 0.16762 0.07565 0.08453 0.03484
0.07420 0.07645 0.07848 0.15769 0.22007 0.04360 0.00000 0.00000 0.00000 0.02248 0.11431 0.11573 0.05123 0.25199 0.23067 0.19525 0.39012 0.15900 0.16690 0.18778 0.16826 0.05923 0.07097 0.07662 0.03396
0.06999 0.07298 0.07634 0.17692 0.15779 0.13243 0.00000 0.00000 0.05696 0.07550 0.14077 0.12683 0.13377 0.14277 0.24540 0.04149 0.03461 0.07553 0.06547 0.07816 0.14901 0.12237 0.13695 0.14822 0.07566
0.00000 0.06605 0.06995 0.18157 0.17820 0.14247 0.00000 0.00000 0.07084 0.08857 0.15424 0.14369 0.14850 0.18505 0.03580 0.03566 0.03629 0.07119 0.06109 0.06783 0.40310 0.37625 0.38396 0.06745 0.06832
0.00000 0.00000 0.00000 0.18982 0.28905 0.29228 0.15769 0.27204 0.06812 0.16495 0.17555 0.16116 0.15737 0.22187 0.02631 0.02537 0.04843 0.00000 0.05555 0.05444 0.44220 0.45148 0.44292 0.06174 0.00000
0.00000 0.02449 0.02277 0.41565 0.41784 0.49477 0.19613 0.28252 0.24876 0.06091 0.00766 0.02922 0.12500 0.13376 0.05686 0.01432 0.00000 0.00000 0.00000 0.03917 0.14437 0.17630 0.19919 0.00000 0.00000
0.00000 0.00000 0.02147 0.02156 0.05823 0.32581 0.22016 0.29372 0.27262 0.02712 0.01305 0.01568 0.05387 0.14763 0.03164 0.06649 0.03980 0.04386 0.05353 0.46233 0.19173 0.31921 0.34518 0.00000 0.00000
0.00000 0.00000 0.02730 0.18714 0.16084 0.18600 0.40887 0.03507 0.06756 0.26222 0.05428 0.05980 0.14775 0.08372 0.07064 0.06359 0.05283 0.04642 0.25415 0.16754 0.47166 0.17671 0.19148 0.00000 0.00000
0.00000 0.03545 0.08886 0.07871 0.07148 0.41889 0.40754 0.02889 0.02949 0.25465 0.23204 0.03386 0.08714 0.18091 0.43179 0.13404 0.12270 0.17151 0.27416 0.18879 0.55244 0.15842 0.00000 0.00000 0.00000
0.00000 0.03285 0.03200 0.07600 0.26944 0.41121 0.07447 0.08676 0.02067 0.09264 0.07088 0.00000 0.07755 0.17937 0.42622 0.35298 0.02930 0.03351 0.21259 0.21421 0.21987 0.00000 0.00000 0.00000 0.00000
0.03189 0.03171 0.03225 0.03350 0.28566 0.26707 0.08148 0.09085 0.00000 0.06362 0.07457 0.00000 0.03698 0.16997 0.40120 0.32460 0.03391 0.03907 0.20270 0.00000 0.00000 0.00000 0.00000 0.00000 0.00000
0.00000 0.03381 0.03563 0.03764 0.07590 0.03582 0.03369 0.03460 0.00000 0.00000 0.00000 0.00000 0.03941 0.03411 0.03460 0.08710 0.03937 0.03874 0.19135 0.00000 0.00000 0.00000 0.00000 0.00000 0.00000
0.00000 0.00000 0.00000 0.00000 0.04104 0.03626 0.03372 0.03446 0.00000 0.00000 0.00000 0.00000 0.04378 0.03962 0.03909 0.04105 0.04062 0.03950 0.03878 0.00000 0.00000 0.00000 0.00000 0.00000 0.00000
