# name=grid_rotated_30 field=200x200 stride=8
25 25
0.24464 0.25379 0.77675 0.84096 0.84761 0.84817 0.69564 0.78835 0.87350 0.88176 0.67339 0.74632 0.80778 0.80713 0.89186 0.81304 0.81776 0.78285 0.77500 0.84031 0.88569 0.87193 0.64118 0.62829 0.62219
0.36615 0.44177 0.76225 0.82359 0.88284 0.86788 0.86647 0.90044 0.83897 0.88985 0.85004 0.88772 0.80780 0.80025 0.89641 0.81414 0.82777 0.82147 0.86462 0.92251 0.89043 0.88494 0.82368 0.72529 0.63653
0.37481 0.72822 0.83731 0.85450 0.89607 0.86311 0.91880 0.92348 0.88963 0.87531 0.85221 0.89950 0.90036 0.86312 0.90335 0.88995 0.88501 0.86427 0.88742 0.90637 0.89994 0.86181 0.86765 0.82876 0.74991
0.61037 0.82535 0.87297 0.89570 0.91923 0.90609 0.89396 0.88895 0.90081 0.91962 0.89537 0.90154 0.92151 0.88914 0.91344 0.88892 0.88988 0.89326 0.92501 0.92400 0.90964 0.91857 0.88768 0.84122 0.80371
0.87193 0.88494 0.87436 0.92230 0.90941 0.91112 0.92388 0.92305 0.92144 0.90684 0.90427 0.90581 0.92178 0.90752 0.92451 0.91804 0.92659 0.89699 0.90870 0.92516 0.92440 0.90453 0.90785 0.87759 0.85609
0.88569 0.89043 0.89994 0.90964 0.92440 0.92464 0.92419 0.90579 0.90756 0.92170 0.89883 0.92172 0.92255 0.92356 0.91033 0.90993 0.92679 0.90465 0.92628 0.91176 0.92464 0.91112 0.89648 0.84489 0.84282
0.84031 0.92251 0.90637 0.92400 0.92516 0.91176 0.91163 0.92418 0.92349 0.90900 0.89043 0.92313 0.90392 0.92448 0.90997 0.92594 0.90682 0.90565 0.89488 0.91163 0.92419 0.92388 0.88747 0.90856 0.85199
0.77500 0.86462 0.88742 0.92501 0.90870 0.92628 0.89488 0.90804 0.92474 0.92435 0.92398 0.92384 0.92418 0.92519 0.89248 0.90693 0.89635 0.92592 0.90804 0.92418 0.90579 0.92309 0.88910 0.92361 0.89386
0.78285 0.82147 0.86427 0.89326 0.89699 0.90465 0.90565 0.92592 0.91090 0.90436 0.91052 0.92481 0.91142 0.92607 0.92680 0.92714 0.91360 0.91090 0.92474 0.92349 0.90756 0.92146 0.90094 0.88987 0.83930
0.81776 0.82777 0.88501 0.88988 0.92659 0.92679 0.90682 0.89635 0.91360 0.92691 0.92622 0.92599 0.92649 0.92721 0.91042 0.89804 0.92691 0.90436 0.92435 0.90900 0.92170 0.90687 0.91967 0.87574 0.89060
0.81304 0.81414 0.88995 0.88892 0.91804 0.90993 0.92594 0.90693 0.92714 0.89804 0.92720 0.92749 0.91340 0.91433 0.92795 0.92720 0.92622 0.91052 0.92398 0.89043 0.89883 0.90427 0.89540 0.85270 0.85121
0.89186 0.89641 0.90335 0.91344 0.92451 0.91033 0.90997 0.89248 0.92680 0.91042 0.92795 0.91034 0.92942 0.89989 0.91034 0.92749 0.92599 0.92481 0.92384 0.92313 0.92172 0.90601 0.90198 0.89958 0.88815
0.80713 0.80025 0.86312 0.88914 0.90752 0.92356 0.92448 0.92519 0.92607 0.92721 0.91433 0.89989 0.90911 0.90911 0.92942 0.91340 0.92649 0.91142 0.92418 0.90392 0.92255 0.92200 0.92202 0.89898 0.80609
0.80778 0.80780 0.90036 0.92151 0.92178 0.92255 0.90392 0.92418 0.91142 0.92649 0.91340 0.92942 0.90911 0.90911 0.89989 0.91433 0.92721 0.92607 0.92519 0.92448 0.92356 0.90776 0.88759 0.86038 0.79705
0.66317 0.88772 0.89950 0.90154 0.90581 0.92172 0.92313 0.92384 0.92481 0.92599 0.92749 0.91034 0.89989 0.92942 0.91034 0.92795 0.91042 0.92680 0.89248 0.90997 0.91033 0.91080 0.89776 0.87144 0.84823
0.59323 0.85004 0.85221 0.89537 0.90427 0.89883 0.89043 0.92398 0.91052 0.92622 0.92720 0.92795 0.91433 0.91340 0.92749 0.92720 0.89804 0.92714 0.90693 0.92594 0.90993 0.90785 0.88866 0.88585 0.80186
0.88176 0.88985 0.87531 0.91962 0.90684 0.92170 0.90900 0.92435 0.90436 0.92691 0.89804 0.91042 0.92721 0.92649 0.92599 0.92622 0.92691 0.91360 0.89635 0.90682 0.92679 0.91936 0.89390 0.89061 0.83153
0.87350 0.83897 0.88963 0.90081 0.92144 0.90756 0.92349 0.92474 0.91090 0.91360 0.92714 0.92680 0.92607 0.91142 0.92481 0.91052 0.90436 0.91090 0.92592 0.90565 0.90465 0.89699 0.89735 0.87219 0.83352
0.78835 0.90044 0.92348 0.88895 0.92305 0.90579 0.92418 0.90804 0.92592 0.89635 0.90693 0.89248 0.92519 0.92418 0.92384 0.92398 0.92435 0.92474 0.90804 0.89488 0.92628 0.90870 0.92124 0.88777 0.86759
0.63378 0.86647 0.91880 0.89396 0.92388 0.92419 0.91163 0.89488 0.90565 0.90682 0.92594 0.90997 0.92448 0.90392 0.92313 0.89043 0.90900 0.92349 0.92418 0.91163 0.91176 0.92206 0.91758 0.89566 0.90702
0.84817 0.86788 0.86311 0.90609 0.91112 0.92464 0.91176 0.92628 0.90465 0.92679 0.90993 0.91033 0.92356 0.92255 0.92172 0.89883 0.92170 0.90756 0.90579 0.92419 0.92464 0.91970 0.89994 0.88395 0.86730
0.84719 0.88247 0.89579 0.91923 0.90941 0.91970 0.92206 0.90870 0.89699 0.91936 0.90785 0.91080 0.90776 0.92200 0.90601 0.90427 0.90687 0.92146 0.92309 0.92388 0.91112 0.90453 0.89805 0.84560 0.86095
0.84041 0.82320 0.85416 0.88988 0.90100 0.89994 0.91758 0.92124 0.89735 0.89390 0.88866 0.89776 0.88759 0.92202 0.90198 0.89540 0.91967 0.90094 0.88910 0.88747 0.89648 0.90785 0.88304 0.85794 0.80792
0.77654 0.76217 0.83717 0.86175 0.85724 0.88395 0.89566 0.88777 0.87219 0.89061 0.88585 0.87144 0.86038 0.89898 0.89958 0.85270 0.87574 0.88987 0.92361 0.90856 0.84489 0.87734 0.84090 0.82864 0.71881
0.25413 0.53480 0.72016 0.80869 0.86095 0.86730 0.90702 0.86759 0.83352 0.83153 0.80186 0.84823 0.79705 0.80609 0.88815 0.85121 0.89060 0.83930 0.89386 0.85199 0.84282 0.85576 0.80337 0.74985 0.44342
