# name=organic_walks field=200x200 stride=8
25 25
0.00000 0.00000 0.00000 0.00000 0.00000 0.00000 0.19380 0.04104 0.00000 0.13274 0.12882 0.00000 0.00000 0.00000 0.00000 0.00000 0.00000 0.00000 0.00000 0.00000 0.00000 0.00000 0.00000 0.00000 0.00000
0.00000 0.00000 0.00000 0.00000 0.00000 0.18463 0.18642 0.19953 0.20468 0.20173 0.12825 0.13100 0.00000 0.00000 0.00000 0.00000 0.00000 0.00000 0.00000 0.00000 0.00000 0.00000 0.00000 0.00000 0.00000
0.00000 0.00000 0.00000 0.00000 0.22627 0.19461 0.19063 0.36565 0.18612 0.18676 0.20743 0.13391 0.00000 0.00000 0.00000 0.00000 0.00000 0.00000 0.00000 0.04092 0.03622 0.00000 0.00000 0.00000 0.00000
0.00000 0.00000 0.00000 0.20572 0.21309 0.20076 0.20374 0.34976 0.17222 0.23709 0.28022 0.32073 0.26765 0.37447 0.10514 0.02044 0.05917 0.06899 0.00000 0.03705 0.03390 0.09375 0.04651 0.04580 0.04511
0.00000 0.00000 0.00000 0.19647 0.20431 0.21103 0.22021 0.53455 0.36080 0.37066 0.26418 0.11506 0.36760 0.31978 0.29600 0.05896 0.05756 0.06545 0.07495 0.03271 0.06213 0.07593 0.04363 0.04324 0.04300
0.00000 0.00000 0.03515 0.02916 0.16896 0.03575 0.20587 0.49871 0.31958 0.54369 0.56952 0.09799 0.50567 0.54227 0.33562 0.06129 0.05937 0.07256 0.03353 0.00000 0.13533 0.15489 0.18578 0.03561 0.03697
0.00000 0.00000 0.03195 0.02712 0.13165 0.16136 0.17499 0.03035 0.50373 0.50166 0.19112 0.29850 0.49604 0.50502 0.59328 0.24995 0.20765 0.03104 0.03576 0.00000 0.15858 0.18825 0.03470 0.03567 0.03723
0.00000 0.03261 0.03668 0.04077 0.04576 0.36558 0.36060 0.23628 0.30727 0.06508 0.18446 0.29317 0.30504 0.32030 0.35206 0.09228 0.07787 0.02716 0.02217 0.20644 0.32327 0.57238 0.21042 0.10050 0.09848
0.04172 0.04162 0.04269 0.11130 0.11107 0.21188 0.23596 0.27034 0.10026 0.08778 0.07752 0.08025 0.33123 0.36754 0.20082 0.09242 0.07294 0.05539 0.27198 0.19507 0.57264 0.22325 0.21869 0.20938 0.09307
0.04335 0.04196 0.04153 0.09920 0.10049 0.38516 0.23297 0.70070 0.21627 0.30564 0.49795 0.45894 0.14547 0.56981 0.54716 0.17907 0.30807 0.38284 0.11015 0.19181 0.18009 0.27382 0.21232 0.20716 0.22110
0.04567 0.04384 0.04228 0.42508 0.31188 0.36910 0.67162 0.71202 0.69138 0.66811 0.43062 0.21641 0.19525 0.29137 0.27390 0.13879 0.20084 0.08404 0.08202 0.03114 0.46910 0.57223 0.58842 0.57559 0.56931
0.00000 0.03801 0.03502 0.42151 0.50174 0.60567 0.26160 0.24651 0.73447 0.72100 0.25564 0.26654 0.26627 0.48205 0.22251 0.21338 0.19298 0.08101 0.30198 0.27694 0.45568 0.53391 0.55540 0.51934 0.08264
0.00000 0.00000 0.00000 0.40636 0.50086 0.26888 0.43095 0.25062 0.20742 0.40864 0.27272 0.24552 0.22671 0.12636 0.22991 0.15037 0.18836 0.51054 0.50732 0.49851 0.46000 0.45097 0.47256 0.18823 0.03066
0.00000 0.00000 0.00000 0.32832 0.58276 0.61685 0.58269 0.31262 0.52149 0.36062 0.36471 0.21257 0.20384 0.38529 0.23352 0.51164 0.52601 0.53183 0.51769 0.44188 0.28155 0.50902 0.26003 0.19319 0.03636
0.00000 0.00000 0.27350 0.36965 0.36997 0.33264 0.31027 0.24602 0.24911 0.32354 0.34568 0.20023 0.18831 0.39265 0.49257 0.54213 0.54328 0.50683 0.51931 0.31059 0.25924 0.29217 0.03424 0.03753 0.04651
0.00000 0.00000 0.07618 0.07759 0.34688 0.45047 0.29360 0.17973 0.46125 0.04270 0.33727 0.08551 0.19788 0.18672 0.57669 0.57426 0.56274 0.52643 0.57138 0.62104 0.55115 0.43412 0.03368 0.03815 0.04512
0.00000 0.00000 0.06405 0.07035 0.30265 0.29855 0.18090 0.21634 0.21152 0.10582 0.10684 0.08721 0.07046 0.07569 0.34364 0.09347 0.34258 0.12045 0.45636 0.31578 0.28192 0.54375 0.13123 0.13345 0.03851
0.00000 0.00000 0.12569 0.25852 0.29477 0.17248 0.17991 0.22560 0.22291 0.13140 0.09132 0.06892 0.06035 0.05770 0.03077 0.52472 0.46960 0.10494 0.37877 0.47157 0.51721 0.51188 0.24583 0.04216 0.04197
0.00000 0.00000 0.03129 0.24110 0.24410 0.48243 0.19112 0.20725 0.36393 0.12209 0.09120 0.02896 0.06606 0.02229 0.17203 0.18507 0.38657 0.39383 0.46734 0.52108 0.30609 0.34444 0.39206 0.04216 0.04243
0.00000 0.00000 0.00000 0.25414 0.24853 0.27630 0.66783 0.60259 0.29654 0.30305 0.20883 0.08087 0.07245 0.03887 0.46870 0.46967 0.49016 0.56238 0.27262 0.31561 0.50242 0.33404 0.38469 0.09681 0.04499
0.00000 0.00000 0.00000 0.00000 0.07609 0.27414 0.19446 0.07065 0.25852 0.28369 0.18757 0.08226 0.19385 0.20798 0.20142 0.32677 0.55213 0.50286 0.49965 0.33076 0.36847 0.09102 0.10040 0.04802 0.00000
0.00000 0.00000 0.00000 0.00000 0.09901 0.20683 0.21503 0.27664 0.26641 0.27938 0.19750 0.20265 0.17394 0.18115 0.63536 0.28490 0.29512 0.49186 0.49187 0.28515 0.37708 0.09295 0.04596 0.04714 0.00000
0.00000 0.00000 0.00000 0.00000 0.04295 0.03792 0.24776 0.31070 0.09096 0.07825 0.08757 0.21949 0.18595 0.18503 0.04220 0.29208 0.09320 0.32057 0.30432 0.09226 0.04670 0.08540 0.04602 0.04640 0.00000
0.00000 0.00000 0.00000 0.00000 0.04015 0.03942 0.00000 0.12335 0.09682 0.08585 0.09254 0.10407 0.09635 0.04519 0.04744 0.04321 0.09761 0.08868 0.30628 0.04720 0.04659 0.04684 0.00000 0.00000 0.00000
0.00000 0.00000 0.00000 0.00000 0.00000 0.00000 0.00000 0.00000 0.10845 0.09900 0.10503 0.00000 0.00000 0.04520 0.00000 0.04325 0.04079 0.04093 0.04365 0.00000 0.00000 0.00000 0.00000 0.00000 0.00000
