# name=grid_sheared field=200x200 stride=8
25 25
0.75781 0.84120 0.85427 0.88795 0.88811 0.87909 0.91051 0.87909 0.91051 0.87909 0.91051 0.87909 0.91051 0.87909 0.91051 0.87909 0.91051 0.87909 0.91051 0.91057 0.91053 0.91051 0.91049 0.91044 0.91040
0.81847 0.83858 0.88115 0.88283 0.89488 0.87706 0.89282 0.87706 0.89282 0.87706 0.89282 0.87706 0.89282 0.87706 0.89282 0.87706 0.89282 0.87706 0.89282 0.91028 0.91014 0.91019 0.91008 0.91010 0.90997
0.80560 0.88700 0.88920 0.89973 0.89161 0.90983 0.89041 0.90983 0.89041 0.90983 0.89041 0.90983 0.89041 0.90983 0.89041 0.90983 0.89041 0.90983 0.89041 0.90982 0.90981 0.90979 0.90974 0.90971 0.90966
0.88446 0.89008 0.88273 0.90680 0.90028 0.90315 0.89918 0.90315 0.89918 0.90315 0.89918 0.90315 0.89918 0.90315 0.89918 0.90315 0.89918 0.90315 0.90183 0.90943 0.90947 0.90946 0.90943 0.90940 0.90935
0.88157 0.90364 0.90618 0.91115 0.90272 0.90924 0.90212 0.90924 0.90212 0.90924 0.90212 0.90924 0.90212 0.90924 0.90212 0.90924 0.90212 0.90924 0.90243 0.90922 0.90379 0.90923 0.90919 0.90920 0.90909
0.84049 0.89093 0.89286 0.91089 0.90993 0.90110 0.90909 0.89736 0.90993 0.90110 0.90909 0.89736 0.90993 0.90110 0.90909 0.89736 0.90993 0.90110 0.90909 0.89889 0.90972 0.90955 0.90909 0.91010 0.91070
0.86393 0.87472 0.89282 0.88081 0.91085 0.91075 0.91107 0.89490 0.91085 0.91075 0.91107 0.89490 0.91085 0.91075 0.91107 0.89490 0.91085 0.91075 0.91096 0.89669 0.91042 0.91017 0.91101 0.91136 0.91239
0.78224 0.84372 0.87433 0.87401 0.91215 0.89865 0.90687 0.89865 0.91215 0.89865 0.90687 0.89865 0.91215 0.89865 0.90687 0.89865 0.91215 0.89865 0.91241 0.91205 0.91150 0.91200 0.91244 0.91352 0.91510
0.75965 0.85735 0.87816 0.89114 0.90122 0.89998 0.91336 0.90022 0.91295 0.89998 0.91336 0.90022 0.91295 0.89998 0.91336 0.90022 0.91295 0.89998 0.91336 0.90089 0.91225 0.91292 0.91373 0.91518 0.91707
0.79464 0.85595 0.89673 0.89492 0.90327 0.89970 0.90268 0.90760 0.90529 0.89970 0.90268 0.90760 0.90529 0.89970 0.90268 0.90760 0.90529 0.89970 0.90268 0.91309 0.90593 0.91321 0.90585 0.91570 0.91759
0.80112 0.87799 0.88289 0.90397 0.91315 0.91227 0.91247 0.91227 0.91212 0.91227 0.91247 0.91227 0.91212 0.91227 0.91247 0.91227 0.91212 0.91227 0.91247 0.91201 0.89924 0.91232 0.90750 0.91457 0.91688
0.88343 0.88706 0.89029 0.90735 0.89558 0.91064 0.90372 0.91064 0.89455 0.91064 0.90372 0.91064 0.89455 0.91064 0.90372 0.91064 0.89455 0.91064 0.91095 0.91050 0.89853 0.90489 0.90530 0.91259 0.91432
0.88372 0.90372 0.91268 0.90482 0.90310 0.90297 0.90201 0.90294 0.90228 0.90297 0.90201 0.90294 0.90228 0.90297 0.90201 0.90294 0.90228 0.90297 0.90233 0.90365 0.90388 0.90510 0.90407 0.91097 0.91204
0.84049 0.89093 0.89286 0.91089 0.90993 0.90110 0.90909 0.89736 0.90993 0.90110 0.90909 0.89736 0.90993 0.90110 0.90909 0.89736 0.90993 0.90110 0.90909 0.89889 0.90972 0.90955 0.90446 0.90170 0.90455
0.86393 0.87472 0.89282 0.88081 0.91085 0.91075 0.91107 0.89490 0.91085 0.91075 0.91107 0.89490 0.91085 0.91075 0.91107 0.89490 0.91085 0.91075 0.91096 0.89669 0.91042 0.91017 0.91101 0.91136 0.90678
0.78224 0.84372 0.87433 0.87401 0.91215 0.89865 0.90687 0.89865 0.91215 0.89865 0.90687 0.89865 0.91215 0.89865 0.90687 0.89865 0.91215 0.89865 0.91241 0.91205 0.91150 0.91200 0.91244 0.91352 0.91510
0.75965 0.85735 0.87816 0.89114 0.90122 0.89998 0.91336 0.90022 0.91295 0.89998 0.91336 0.90022 0.91295 0.89998 0.91336 0.90022 0.91295 0.89998 0.91336 0.90089 0.91225 0.91292 0.91373 0.91518 0.91707
0.79464 0.85595 0.89673 0.89492 0.90327 0.89970 0.90268 0.90760 0.90529 0.89970 0.90268 0.90760 0.90529 0.89970 0.90268 0.90760 0.90529 0.89970 0.90268 0.91309 0.90593 0.91321 0.90585 0.91570 0.91759
0.80112 0.87799 0.88289 0.90397 0.91315 0.91227 0.91247 0.91227 0.91212 0.91227 0.91247 0.91227 0.91212 0.91227 0.91247 0.91227 0.91212 0.91227 0.91247 0.91201 0.89924 0.91232 0.90750 0.91457 0.91688
0.88343 0.91693 0.91504 0.91309 0.90462 0.91055 0.91095 0.91056 0.90362 0.91055 0.91095 0.91056 0.90362 0.91055 0.91095 0.91056 0.90362 0.91055 0.91089 0.91043 0.91043 0.90514 0.90546 0.91233 0.91404
0.87106 0.90444 0.89597 0.90546 0.91043 0.90398 0.90308 0.90967 0.90973 0.90398 0.90308 0.90967 0.90973 0.90398 0.90308 0.90967 0.90973 0.90398 0.90331 0.90960 0.90958 0.90946 0.90951 0.91067 0.91154
0.91315 0.91180 0.91078 0.90997 0.90909 0.90909 0.90909 0.90909 0.90909 0.90909 0.90909 0.90909 0.90909 0.90909 0.90909 0.90909 0.90909 0.90909 0.90909 0.90909 0.90909 0.90909 0.90553 0.90249 0.88630
0.88013 0.88877 0.90981 0.89527 0.90909 0.90909 0.90909 0.90909 0.90909 0.90909 0.90909 0.90909 0.90909 0.90909 0.90909 0.90909 0.90909 0.90909 0.90909 0.90909 0.90909 0.90909 0.90909 0.90909 0.89983
0.86798 0.90909 0.90909 0.90909 0.90909 0.90909 0.90909 0.90909 0.90909 0.90909 0.90909 0.90909 0.90909 0.90909 0.90909 0.90909 0.90909 0.90909 0.90909 0.90909 0.90909 0.90909 0.90909 0.90909 0.90909
0.56566 0.88958 0.90909 0.89659 0.90909 0.90909 0.90909 0.90909 0.90909 0.90909 0.90909 0.90909 0.90909 0.90909 0.90909 0.90909 0.90909 0.90909 0.90909 0.90909 0.90909 0.90909 0.90909 0.90909 0.90909
