# name=grid_nonrect_buildings field=200x200 stride=8
25 25
0.00000 0.00000 0.28226 0.28615 0.27205 0.25182 0.00000 0.28906 0.33333 0.70710 0.69364 0.50385 0.43368 0.40672 0.33609 0.25472 0.25602 0.46495 0.27415 0.74265 0.50232 0.50409 0.54373 0.59524 0.59524
0.00000 0.46008 0.45822 0.83096 0.42587 0.43229 0.45165 0.47907 0.97610 0.64802 0.64404 0.74432 0.69311 0.64867 0.32250 0.34407 0.41421 0.42776 0.78574 0.78340 0.79014 0.76967 0.82403 0.85612 0.59524
0.26249 0.44417 0.80344 0.81137 0.78929 0.84144 0.89688 0.94449 0.92500 0.86380 0.83684 0.81794 0.82076 0.78651 0.74916 0.70094 0.78436 0.82596 0.79772 0.84115 0.81221 0.86361 0.87576 0.85950 0.72901
0.25649 0.77631 0.78078 0.78635 0.82543 0.86279 0.90851 0.92611 0.93599 0.89844 0.87797 0.83996 0.84723 0.82275 0.82593 0.82773 0.83323 0.84148 0.81250 0.83936 0.84534 0.85761 0.87215 0.86553 0.72901
0.44927 0.55687 0.78045 0.78303 0.81510 0.85561 0.86867 0.87052 0.89052 0.90110 0.88490 0.86250 0.87147 0.84332 0.85601 0.82981 0.82515 0.85625 0.82657 0.84170 0.83344 0.83689 0.84578 0.85365 0.86089
0.45521 0.54124 0.73740 0.79035 0.82034 0.86010 0.86985 0.87660 0.89195 0.91088 0.89348 0.87254 0.88885 0.85866 0.87450 0.84287 0.83235 0.83377 0.83074 0.83020 0.82290 0.81821 0.82293 0.82354 0.81870
0.27106 0.59554 0.77348 0.78120 0.81839 0.84693 0.86640 0.89846 0.93901 0.89140 0.88510 0.89621 0.89430 0.87945 0.85984 0.85229 0.82423 0.83885 0.81492 0.80948 0.80417 0.80554 0.80053 0.79805 0.78468
0.47736 0.57802 0.81736 0.82131 0.80035 0.84777 0.88300 0.91956 0.90696 0.87318 0.88608 0.87200 0.88710 0.87022 0.85067 0.81578 0.83558 0.86043 0.83319 0.83516 0.81954 0.80844 0.80002 0.79399 0.78797
0.26889 0.43204 0.76932 0.80127 0.82148 0.83887 0.86839 0.88701 0.89934 0.88954 0.88201 0.89240 0.88906 0.87081 0.84201 0.83216 0.86741 0.84187 0.84016 0.84505 0.80844 0.82240 0.82357 0.79362 0.64699
0.46077 0.57436 0.77645 0.81327 0.82312 0.78810 0.81119 0.82477 0.85939 0.87736 0.88089 0.86620 0.88103 0.87146 0.88803 0.83267 0.84588 0.83279 0.84486 0.84262 0.86623 0.86214 0.85366 0.84960 0.69159
0.47022 0.55101 0.78138 0.80784 0.77212 0.79547 0.78015 0.78740 0.83449 0.85758 0.86545 0.86324 0.87908 0.87355 0.88960 0.88571 0.85236 0.83412 0.84783 0.87867 0.88027 0.88293 0.88011 0.87733 0.71564
0.44681 0.80110 0.79541 0.81027 0.78194 0.77078 0.76859 0.78165 0.80731 0.83673 0.85645 0.86421 0.86963 0.86845 0.87316 0.86893 0.86429 0.85420 0.84926 0.87444 0.87229 0.90330 0.90435 0.90656 0.73368
0.46114 0.77773 0.82729 0.81864 0.80188 0.79489 0.78817 0.80513 0.82473 0.85096 0.85966 0.86197 0.86005 0.86224 0.86681 0.87827 0.87784 0.86861 0.86416 0.87137 0.88808 0.90038 0.90640 0.91306 0.74665
0.43105 0.80635 0.80778 0.82494 0.80763 0.78941 0.80678 0.79998 0.82355 0.84022 0.85027 0.85512 0.84675 0.83797 0.84358 0.85449 0.85679 0.85114 0.84414 0.86972 0.88019 0.90268 0.91299 0.92956 0.75954
0.67290 0.72455 0.80854 0.84610 0.84617 0.83986 0.82139 0.81955 0.84558 0.86150 0.86753 0.84970 0.84760 0.84022 0.85852 0.87218 0.86656 0.87743 0.85879 0.88026 0.89833 0.91714 0.93108 0.94364 0.77904
0.45900 0.68132 0.77244 0.86612 0.85241 0.87865 0.85595 0.83135 0.85492 0.85722 0.88003 0.85127 0.86099 0.85062 0.87739 0.86202 0.87716 0.83997 0.86200 0.89860 0.89990 0.93462 0.95390 0.96297 0.80005
0.27106 0.39512 0.83587 0.87158 0.88901 0.91001 0.88631 0.87279 0.84715 0.86941 0.87427 0.88171 0.88154 0.86907 0.88246 0.88983 0.91024 0.89558 0.86812 0.89922 0.92369 0.94283 0.95422 0.97058 1.00000
0.24824 0.42191 0.87881 0.90181 0.90609 0.89370 0.87857 0.89538 0.86255 0.86793 0.87916 0.87564 0.89413 0.88065 0.87136 0.88560 0.91278 0.92936 0.89969 0.92870 0.91429 0.92116 0.92524 0.93420 0.93072
0.28719 0.82849 0.84554 0.86899 0.88978 0.88942 0.87090 0.85785 0.83571 0.87087 0.87411 0.88173 0.88367 0.87568 0.89034 0.89968 0.92040 0.91701 0.89209 0.87943 0.87547 0.88724 0.88221 0.88120 0.86284
0.56910 0.69736 0.87784 0.86463 0.86367 0.83167 0.84869 0.88813 0.87133 0.88628 0.87374 0.84739 0.86009 0.83903 0.86396 0.83901 0.85506 0.89682 0.87095 0.87249 0.85700 0.83626 0.82366 0.81479 0.81444
0.68872 0.77011 0.81391 0.84071 0.80842 0.83681 0.83915 0.86664 0.87779 0.85020 0.86837 0.83911 0.83167 0.81179 0.81472 0.81655 0.81929 0.83705 0.84558 0.84003 0.83311 0.81864 0.80453 0.78749 0.79429
0.53884 0.85368 0.83911 0.81970 0.81207 0.81313 0.82886 0.86040 0.88295 0.88013 0.86491 0.83990 0.82112 0.79731 0.78804 0.78116 0.78666 0.80387 0.82166 0.82877 0.82283 0.81259 0.80195 0.78807 0.78807
0.56101 0.82196 0.83745 0.81264 0.80248 0.80413 0.82446 0.85568 0.87938 0.88591 0.86704 0.84214 0.82468 0.80423 0.77599 0.76513 0.75977 0.77806 0.80631 0.83254 0.82550 0.82489 0.81543 0.80943 0.80332
0.59524 0.83831 0.81870 0.79225 0.79560 0.79754 0.81900 0.85045 0.86053 0.87409 0.86454 0.84032 0.82399 0.79456 0.77556 0.74811 0.73923 0.76371 0.79621 0.82412 0.82680 0.83207 0.82345 0.81262 0.54830
0.59524 0.59524 0.83441 0.80176 0.78967 0.77686 0.80834 0.85136 0.89286 0.87781 0.86428 0.85645 0.82965 0.80422 0.77263 0.73002 0.70612 0.75040 0.79240 0.82338 0.00000 0.00000 0.00000 0.00000 0.00000
