# name=mixed_regions field=200x200 stride=8
25 25
0.00000 0.00000 0.50295 0.00000 0.87825 0.87575 0.87825 0.87575 0.45557 0.00000 0.52806 0.00000 0.00000 0.00000 0.00000 0.00000 0.00000 0.00000 0.00000 0.00000 0.00000 0.00000 0.00000 0.00000 0.00000
0.00000 0.52211 1.00000 0.93222 1.00000 0.98200 1.00000 0.98200 1.00000 0.95852 1.00000 0.53470 0.11780 0.00000 0.00000 0.00000 0.00000 0.00000 0.00000 0.00000 0.00000 0.00000 0.00000 0.00000 0.00000
0.50295 1.00000 0.95276 1.00000 0.97174 1.00000 0.97174 1.00000 0.98026 1.00000 0.97159 1.00000 0.11065 0.05248 0.00000 0.00000 0.00000 0.00000 0.00000 0.00000 0.00000 0.00000 0.00000 0.00000 0.00000
0.00000 0.93222 1.00000 1.00000 1.00000 1.00000 1.00000 1.00000 1.00000 1.00000 1.00000 0.88362 0.47053 0.04819 0.00000 0.00000 0.00000 0.00000 0.00000 0.00000 0.00000 0.00000 0.00000 0.00000 0.00000
0.87825 1.00000 0.97174 1.00000 0.98851 1.00000 0.98851 1.00000 0.98451 1.00000 0.97764 0.90428 0.00000 0.00000 0.00000 0.00000 0.00000 0.00000 0.00000 0.00000 0.57597 0.64436 0.69089 0.71255 0.72871
0.87575 0.98200 1.00000 1.00000 1.00000 1.00000 1.00000 1.00000 1.00000 1.00000 0.96735 0.92648 0.00000 0.00000 0.00000 0.00000 0.00000 0.00000 0.00000 0.00000 0.59900 0.66951 0.69726 0.71772 0.71285
0.87825 1.00000 0.97174 1.00000 0.98851 1.00000 0.98851 1.00000 0.98451 1.00000 0.97764 0.90428 0.00000 0.00000 0.00000 0.00000 0.00000 0.00000 0.00000 0.00000 0.62984 0.68019 0.71490 0.71295 0.70958
0.87575 0.98200 1.00000 1.00000 1.00000 1.00000 1.00000 1.00000 1.00000 1.00000 0.96735 0.87060 0.00000 0.00000 0.00000 0.00000 0.00000 0.00000 0.00000 0.00000 0.64997 0.69232 0.70957 0.71393 0.70881
0.87825 1.00000 0.97174 1.00000 0.98851 1.00000 0.98851 1.00000 0.98451 1.00000 0.97764 0.78125 0.37270 0.26786 0.18026 0.15957 0.40070 0.54181 0.59243 0.67052 0.65203 0.71443 0.73111 0.71807 0.73161
0.87575 0.98200 1.00000 1.00000 1.00000 1.00000 1.00000 1.00000 1.00000 1.00000 0.96735 0.79895 0.36409 0.25598 0.29783 0.27575 0.54198 0.58926 0.57623 0.64625 0.67435 0.74166 0.71158 0.72822 0.50513
0.87825 1.00000 0.97174 1.00000 0.98851 1.00000 0.98851 1.00000 0.98451 1.00000 0.94425 0.80928 0.36269 0.38240 0.26596 0.25185 0.51154 0.60501 0.59433 0.68417 0.70092 0.78354 0.77824 0.76059 0.68365
0.87575 0.98200 1.00000 1.00000 1.00000 1.00000 1.00000 1.00000 1.00000 1.00000 0.93474 0.80453 0.34535 0.38151 0.23282 0.22548 0.48922 0.64534 0.60944 0.70293 0.75261 0.78098 0.77515 0.76740 0.68761
0.87825 1.00000 0.97174 1.00000 0.98851 1.00000 0.98851 1.00000 0.98451 1.00000 0.97764 0.86872 0.14365 0.06908 0.00000 0.11126 0.44279 0.62826 0.65149 0.70647 0.72883 0.74456 0.74047 0.73854 0.49412
0.87575 0.98200 1.00000 1.00000 1.00000 1.00000 1.00000 1.00000 1.00000 1.00000 0.96735 0.86953 0.42850 0.35215 0.33205 0.48164 0.68087 0.62368 0.70602 0.69489 0.71590 0.73205 0.72147 0.70321 0.45415
0.87825 1.00000 0.97174 1.00000 0.98851 1.00000 0.98851 1.00000 0.98451 1.00000 0.97764 0.89142 0.47642 0.58549 0.64323 0.67198 0.72180 0.72643 0.72722 0.64937 0.67098 0.67854 0.65500 0.67768 0.43222
0.87575 0.98200 1.00000 1.00000 1.00000 1.00000 1.00000 1.00000 1.00000 1.00000 0.96735 0.90408 0.52741 0.71508 0.73267 0.70888 0.76087 0.75408 0.69731 0.62692 0.69938 0.68012 0.69462 0.66365 0.66156
0.87825 1.00000 0.97174 1.00000 0.98851 1.00000 0.98851 1.00000 0.98451 1.00000 0.97764 0.88364 0.83101 0.71925 0.76748 0.74951 0.75587 0.72696 0.36693 0.63031 0.47765 0.56518 0.65460 0.67808 0.00000
0.87575 0.98200 1.00000 1.00000 1.00000 1.00000 1.00000 1.00000 1.00000 1.00000 0.96735 0.90462 0.65063 0.65335 0.70457 0.71056 0.73203 0.70250 0.61218 0.62145 0.59242 0.65837 0.71357 0.72949 0.00000
0.87825 1.00000 1.00000 1.00000 1.00000 1.00000 1.00000 1.00000 1.00000 1.00000 1.00000 0.82448 0.51490 0.29598 0.60137 0.57285 0.67500 0.60776 0.56674 0.66923 0.70569 0.77310 0.78110 0.81430 0.00000
0.96028 1.00000 1.00000 1.00000 1.00000 1.00000 1.00000 1.00000 1.00000 1.00000 0.97195 0.88665 0.53810 0.22393 0.26879 0.40943 0.57952 0.56362 0.52553 0.72797 0.75045 0.81820 0.82151 0.82584 0.00000
0.72302 1.00000 0.98488 1.00000 0.98815 1.00000 0.98815 1.00000 1.00000 1.00000 1.00000 0.84040 0.00000 0.00000 0.00000 0.00000 0.16080 0.40861 0.49596 0.67553 0.00000 0.00000 0.00000 0.00000 0.00000
0.53881 0.97255 1.00000 1.00000 1.00000 1.00000 1.00000 1.00000 1.00000 1.00000 0.97418 0.87898 0.00000 0.00000 0.00000 0.00000 0.38509 0.43554 0.52127 0.67802 0.00000 0.00000 0.00000 0.00000 0.00000
0.74699 1.00000 1.00000 1.00000 1.00000 1.00000 1.00000 1.00000 1.00000 1.00000 1.00000 0.68669 0.00000 0.00000 0.00000 0.00000 0.40506 0.28606 0.37909 0.69239 0.00000 0.00000 0.00000 0.00000 0.00000
0.62600 0.77956 1.00000 1.00000 1.00000 1.00000 1.00000 1.00000 1.00000 1.00000 0.78170 0.77646 0.00000 0.00000 0.00000 0.00000 0.21797 0.36293 0.41262 0.44756 0.00000 0.00000 0.00000 0.00000 0.00000
0.66667 0.81650 0.81650 0.81650 1.00000 1.00000 1.00000 1.00000 0.81650 0.81650 0.81650 0.66667 0.00000 0.00000 0.00000 0.00000 0.00000 0.00000 0.00000 0.00000 0.00000 0.00000 0.00000 0.00000 0.00000
