# name=organic_walks field=200x200 stride=8
25 25
0.00000 0.00000 0.50061 0.50139 0.50217 0.74198 0.64791 0.42602 0.24229 0.22646 0.21248 0.00000 0.00000 0.00000 0.00000 0.00000 0.00000 0.00000 0.00000 0.00000 0.00000 0.57560 0.57560 0.57560 0.57560
0.24804 0.37004 0.62890 0.43045 0.50212 0.66649 0.63311 0.61659 0.47761 0.44454 0.20105 0.17415 0.00000 0.00000 0.00000 0.00000 0.00000 0.00000 0.00000 0.00000 0.42955 0.51525 0.57560 0.57560 0.57560
0.24843 0.55420 0.60808 0.66289 0.64177 0.65852 0.61998 0.61883 0.46312 0.42197 0.35859 0.15615 0.00000 0.00000 0.00000 0.00000 0.00000 0.00000 0.00000 0.00000 0.56511 0.51681 0.57560 0.57560 0.57560
0.24883 0.53527 0.58624 0.63072 0.60714 0.64763 0.60240 0.60958 0.44674 0.55823 0.49795 0.33085 0.00000 0.00000 0.00000 0.00000 0.00000 0.00000 0.00000 0.00000 0.53033 0.76998 0.83561 0.83160 0.82723
0.00000 0.19807 0.23864 0.23628 0.38175 0.41423 0.39798 0.54035 0.60491 0.60137 0.52417 0.22669 0.30620 0.25114 0.21003 0.06793 0.00000 0.00000 0.00000 0.10554 0.60785 0.72320 0.81451 0.80911 0.80356
0.00000 0.43227 0.47321 0.49146 0.39655 0.30435 0.57557 0.60240 0.64053 0.63708 0.59204 0.21286 0.35304 0.40607 0.07220 0.06803 0.00000 0.00000 0.00000 0.00000 0.62061 0.69727 0.73667 0.75320 0.75291
0.00000 0.26100 0.49591 0.51755 0.33108 0.54555 0.61321 0.42990 0.68149 0.66050 0.54504 0.52726 0.20009 0.23426 0.34882 0.09203 0.12801 0.00000 0.00000 0.10737 0.60281 0.66740 0.70992 0.71410 0.71790
0.27745 0.26340 0.27913 0.29315 0.19539 0.51851 0.60699 0.43980 0.68000 0.52670 0.54086 0.51664 0.10979 0.14506 0.16517 0.25591 0.21224 0.12496 0.09812 0.19968 0.59790 0.64429 0.64828 0.66312 0.66831
0.00000 0.00000 0.00000 0.00000 0.39843 0.65002 0.67068 0.69775 0.66177 0.66042 0.67184 0.59625 0.33215 0.33275 0.39840 0.32262 0.41398 0.42734 0.32576 0.36739 0.60745 0.63615 0.63972 0.64320 0.64654
0.00000 0.00000 0.00000 0.00000 0.36852 0.69951 0.69257 0.77954 0.59820 0.60630 0.66692 0.62001 0.32991 0.39859 0.43763 0.53198 0.60402 0.67770 0.39811 0.51288 0.61859 0.61423 0.62869 0.62983 0.61522
0.00000 0.00000 0.00000 0.00000 0.65013 0.65502 0.73372 0.75725 0.55900 0.66679 0.64378 0.42531 0.56407 0.52492 0.58022 0.63446 0.66430 0.65846 0.64661 0.56908 0.61441 0.63295 0.63134 0.63158 0.63123
0.00000 0.00000 0.00000 0.00000 0.56586 0.61025 0.65839 0.66868 0.50159 0.44568 0.50271 0.47246 0.67659 0.68833 0.68901 0.69817 0.67658 0.65196 0.68300 0.66376 0.69668 0.66206 0.66825 0.65106 0.65552
0.00000 0.00000 0.00000 0.00000 0.25371 0.17859 0.52766 0.42649 0.74380 0.74570 0.75263 0.72015 0.70147 0.66804 0.68541 0.73438 0.65812 0.65705 0.66777 0.66903 0.70616 0.70437 0.69863 0.68058 0.68144
0.00000 0.00000 0.00000 0.00000 0.36646 0.48041 0.61594 0.60364 0.74518 0.74304 0.72424 0.63744 0.58742 0.62336 0.65205 0.68747 0.64034 0.67116 0.61636 0.66725 0.68460 0.74060 0.72870 0.72427 0.70378
0.00000 0.00000 0.00000 0.00000 0.61406 0.57632 0.67821 0.68765 0.76851 0.71462 0.70597 0.51431 0.55517 0.55051 0.57148 0.55659 0.56944 0.57531 0.57620 0.51158 0.68370 0.72322 0.75505 0.74911 0.74068
0.00000 0.00000 0.00000 0.00000 0.70634 0.70963 0.68406 0.70142 0.76165 0.57562 0.67347 0.59543 0.29345 0.30141 0.48627 0.47929 0.37806 0.57728 0.57931 0.63778 0.68419 0.73031 0.75898 0.75455 0.74829
0.00000 0.00000 0.20217 0.21138 0.67615 0.67679 0.67880 0.67180 0.72905 0.48132 0.40002 0.39941 0.08091 0.08372 0.14870 0.00000 0.45379 0.28147 0.46652 0.51892 0.62433 0.71711 0.76112 0.74892 0.75560
0.00000 0.00000 0.25512 0.39681 0.59258 0.62758 0.63249 0.66313 0.75293 0.64961 0.66310 0.42709 0.44106 0.07759 0.08844 0.44633 0.48640 0.23348 0.44626 0.55751 0.64717 0.71832 0.71811 0.76153 0.76114
0.00000 0.00000 0.21183 0.36405 0.43696 0.52828 0.57143 0.54372 0.65043 0.57369 0.60862 0.32117 0.47423 0.41957 0.22726 0.24679 0.28799 0.43756 0.51763 0.58745 0.60481 0.70556 0.73911 0.75911 0.75873
0.00000 0.00000 0.00000 0.35282 0.45001 0.44832 0.58467 0.66937 0.55370 0.65269 0.64711 0.62405 0.59695 0.51603 0.52826 0.53321 0.50113 0.59511 0.57887 0.62525 0.68737 0.72546 0.74743 0.75495 0.75667
0.00000 0.00000 0.00000 0.00000 0.00000 0.28213 0.27453 0.52603 0.70205 0.73968 0.75416 0.72647 0.00000 0.00000 0.00000 0.00000 0.60451 0.56144 0.53940 0.56435 0.00000 0.00000 0.00000 0.00000 0.00000
0.00000 0.00000 0.00000 0.00000 0.00000 0.27185 0.38026 0.66790 0.75106 0.76270 0.76252 0.74526 0.00000 0.00000 0.00000 0.00000 0.67010 0.61128 0.58652 0.54573 0.00000 0.00000 0.00000 0.00000 0.00000
0.00000 0.00000 0.00000 0.00000 0.19651 0.37739 0.45480 0.73464 0.79217 0.78274 0.77499 0.75621 0.00000 0.00000 0.00000 0.00000 0.66121 0.66529 0.65341 0.62719 0.00000 0.00000 0.00000 0.00000 0.00000
0.00000 0.00000 0.00000 0.00000 0.26235 0.42858 0.54167 0.80528 0.79471 0.78488 0.77603 0.77011 0.00000 0.00000 0.00000 0.00000 0.68732 0.69881 0.68425 0.52617 0.00000 0.00000 0.00000 0.00000 0.00000
0.00000 0.00000 0.00000 0.00000 0.00000 0.54167 0.54167 0.54167 0.79861 0.78872 0.77852 0.50868 0.00000 0.00000 0.00000 0.00000 0.71887 0.72944 0.73865 0.44973 0.00000 0.00000 0.00000 0.00000 0.00000
