# name=rect_rotated_scattered field=200x200 stride=8
25 25
0.00000 0.00000 0.00000 0.00000 0.00000 0.00000 0.00000 0.00000 0.32311 0.00000 0.00000 0.00000 0.00000 0.00000 0.00000 0.00000 0.00000 0.00000 0.00000 0.00000 0.00000 0.00000 0.00000 0.00000 0.00000
0.00000 0.00000 0.00000 0.00000 0.00000 0.00000 0.34907 0.81104 0.97592 0.97590 0.97588 0.00000 0.00000 0.00000 0.00000 0.00000 0.00000 0.00000 0.00000 0.00000 0.27901 0.27903 0.27905 0.00000 0.00000
0.00000 0.00000 0.00000 0.00000 0.00000 0.23619 0.67430 0.83221 0.91698 0.97628 0.88887 0.68042 0.00000 0.00000 0.00000 0.00000 0.00000 0.00000 0.00000 0.00000 0.27884 0.27886 0.27888 0.27889 0.00000
0.00000 0.00000 0.00000 0.00000 0.00000 0.50426 0.70647 0.81894 0.89365 0.97668 0.91479 0.74901 0.00000 0.00000 0.00000 0.00000 0.00000 0.00000 0.00000 0.00000 0.27867 0.63042 0.65628 0.68940 0.00000
0.00000 0.00000 0.00000 0.00000 0.00000 0.51069 0.64952 0.79490 0.88307 0.93042 0.93972 0.73108 0.69380 0.28767 0.00000 0.00000 0.00000 0.20844 0.00000 0.00000 0.83069 0.82730 0.82255 0.81706 0.75118
0.00000 0.00000 0.00000 0.00000 0.08064 0.52261 0.65396 0.76284 0.86120 0.87831 0.86718 0.82190 0.42243 0.42802 0.35576 0.16398 0.00000 0.00000 0.00000 0.31144 0.78069 0.81436 0.81170 0.75870 0.77107
0.00000 0.00000 0.00000 0.00000 0.42067 0.33736 0.64599 0.66135 0.77324 0.78537 0.74845 0.73585 0.28244 0.50598 0.41679 0.17376 0.00000 0.00000 0.31712 0.57869 0.76404 0.80589 0.80507 0.80428 0.78884
0.00000 0.00000 0.00000 0.00000 0.44772 0.46465 0.41175 0.55201 0.62217 0.64722 0.56101 0.27677 0.57165 0.30907 0.25575 0.18685 0.07118 0.00000 0.59363 0.67545 0.74208 0.80016 0.80061 0.79911 0.80024
0.00000 0.19410 0.27548 0.35909 0.43069 0.42128 0.47449 0.34721 0.12318 0.31743 0.70049 0.70595 0.67613 0.70590 0.75060 0.59961 0.15879 0.18601 0.63764 0.71699 0.00000 0.00000 0.00000 0.00000 0.79954
0.00000 0.25378 0.33459 0.40870 0.46777 0.59344 0.62879 0.51479 0.47052 0.62699 0.75547 0.75066 0.73601 0.81227 0.78990 0.65518 0.20769 0.22621 0.67264 0.70970 0.00000 0.00000 0.00000 0.00000 0.78806
0.00000 0.25696 0.33343 0.40415 0.70521 0.71362 0.61239 0.51339 0.56771 0.75148 0.77008 0.78778 0.80775 0.82581 0.78062 0.59223 0.25613 0.25047 0.57695 0.69729 0.00000 0.00000 0.00000 0.00000 0.76308
0.00000 0.16352 0.22641 0.29496 0.60157 0.62801 0.46315 0.37134 0.51640 0.72513 0.74610 0.74051 0.82533 0.79911 0.83246 0.68715 0.49405 0.54133 0.48323 0.55783 0.00000 0.00000 0.00000 0.00000 0.62723
0.12281 0.12289 0.39959 0.48189 0.58342 0.68014 0.69176 0.46579 0.40361 0.64748 0.64897 0.52848 0.52637 0.49217 0.63154 0.59025 0.42532 0.62663 0.60816 0.56184 0.63436 0.70104 0.73715 0.75652 0.77130
0.19433 0.19898 0.20391 0.57524 0.51907 0.61962 0.38002 0.40761 0.64143 0.62425 0.61756 0.64315 0.40462 0.55920 0.58982 0.47767 0.62124 0.65524 0.60259 0.51835 0.63095 0.69393 0.73665 0.75774 0.77388
0.18587 0.19268 0.19957 0.35402 0.33985 0.22961 0.29919 0.46114 0.60500 0.59952 0.34986 0.55424 0.38541 0.47398 0.42299 0.49708 0.41106 0.53934 0.46903 0.26396 0.65897 0.74700 0.76862 0.77858 0.78591
0.00000 0.17182 0.18177 0.33505 0.00000 0.15213 0.21134 0.52837 0.56458 0.46296 0.29877 0.28526 0.14195 0.40890 0.32076 0.40344 0.45906 0.42564 0.34731 0.25823 0.61400 0.72464 0.76983 0.80384 0.80225
0.00000 0.00000 0.00000 0.00000 0.24633 0.23496 0.24820 0.55789 0.62664 0.70710 0.69486 0.41317 0.33021 0.51993 0.48037 0.51356 0.19143 0.18585 0.14318 0.14568 0.52233 0.67116 0.77271 0.83107 0.83410
0.00000 0.00000 0.00000 0.00000 0.55278 0.51937 0.28162 0.60924 0.66344 0.73475 0.69148 0.58230 0.56274 0.51642 0.39110 0.45198 0.19945 0.16680 0.12147 0.13702 0.37461 0.53009 0.62528 0.69795 0.85224
0.00000 0.00000 0.00000 0.00000 0.55148 0.58922 0.34058 0.64575 0.71060 0.70512 0.63717 0.55119 0.55698 0.50986 0.12678 0.21253 0.07100 0.08857 0.10346 0.43578 0.48725 0.66660 0.77254 0.71002 0.86768
0.00000 0.00000 0.00000 0.00000 0.64511 0.65306 0.67836 0.74303 0.71761 0.70643 0.73082 0.74649 0.74242 0.65318 0.41076 0.20432 0.27835 0.08117 0.43666 0.34713 0.65132 0.70565 0.78811 0.88136 0.59451
0.26503 0.50053 0.48615 0.46972 0.63274 0.75188 0.76336 0.73458 0.54526 0.74733 0.80038 0.83135 0.72042 0.72720 0.70164 0.62722 0.55495 0.36036 0.16387 0.29652 0.70840 0.77193 0.86718 0.87177 0.00000
0.26501 0.53406 0.55398 0.53258 0.72603 0.76752 0.73517 0.74386 0.56422 0.79648 0.84828 0.87103 0.81754 0.81972 0.78013 0.75009 0.49153 0.46926 0.58291 0.35644 0.61493 0.56917 0.85974 0.86269 0.00000
0.55708 0.57893 0.60108 0.62220 0.76930 0.76526 0.75227 0.74312 0.59249 0.81751 0.87279 0.73677 0.89002 0.87486 0.83473 0.80220 0.56057 0.44600 0.62068 0.40389 0.51472 0.56927 0.56927 0.56928 0.00000
0.57863 0.62503 0.64363 0.65934 0.80646 0.80848 0.76848 0.73709 0.47290 0.67587 0.73618 0.75818 0.91456 0.89910 0.87760 0.84974 0.50470 0.48091 0.66357 0.41812 0.52048 0.56938 0.56938 0.56938 0.00000
0.00000 0.57863 0.57863 0.57863 0.84237 0.81239 0.77248 0.73961 0.47290 0.82555 0.90004 0.78240 0.94057 0.92053 0.89113 0.86215 0.50827 0.48312 0.44692 0.28474 0.56948 0.56948 0.56948 0.56948 0.00000
