# name=two_districts field=200x200 stride=8
25 25
0.00000 0.00000 0.50295 0.00000 0.87825 0.87575 0.87825 0.87575 0.45557 0.00000 0.42173 0.00000 0.31202 0.31300 0.42180 0.60251 0.67549 0.67820 0.73496 0.73126 0.75369 0.77684 0.78766 0.78913 0.78996
0.00000 0.52211 1.00000 0.93222 1.00000 0.98200 1.00000 0.98200 1.00000 0.95852 0.85299 0.34237 0.47660 0.42038 0.56308 0.64203 0.72477 0.72915 0.74922 0.74455 0.77802 0.77592 0.78611 0.78086 0.77756
0.50295 1.00000 0.95276 1.00000 0.97174 1.00000 0.97174 1.00000 0.98026 1.00000 0.87481 0.70238 0.40766 0.46594 0.63907 0.67653 0.72079 0.74800 0.75677 0.74193 0.77556 0.77540 0.77732 0.77487 0.76717
0.00000 0.93222 1.00000 1.00000 1.00000 1.00000 1.00000 1.00000 1.00000 1.00000 0.94243 0.79331 0.68034 0.65827 0.69024 0.71870 0.72940 0.74580 0.76283 0.77010 0.77256 0.76945 0.77963 0.78130 0.78204
0.87825 1.00000 0.97174 1.00000 0.98851 1.00000 0.98851 1.00000 0.98451 1.00000 0.93370 0.76486 0.57115 0.69401 0.73857 0.74185 0.75556 0.76793 0.75110 0.76806 0.76923 0.77425 0.77673 0.77879 0.77944
0.87575 0.98200 1.00000 1.00000 1.00000 1.00000 1.00000 1.00000 1.00000 1.00000 0.90481 0.72202 0.51731 0.69752 0.73950 0.74734 0.74257 0.74964 0.75396 0.76872 0.77069 0.76910 0.77627 0.77856 0.77586
0.87825 1.00000 0.97174 1.00000 0.98851 1.00000 0.98851 1.00000 0.98451 1.00000 0.93501 0.75579 0.64910 0.69124 0.76682 0.75675 0.77095 0.77221 0.77111 0.75788 0.77139 0.77470 0.77268 0.77256 0.78061
0.87575 0.98200 1.00000 1.00000 1.00000 1.00000 1.00000 1.00000 1.00000 1.00000 0.92047 0.78740 0.63410 0.70639 0.74702 0.75216 0.75970 0.77707 0.77443 0.77329 0.77290 0.77565 0.77364 0.77724 0.77909
0.87825 1.00000 0.97174 1.00000 0.98851 1.00000 0.98851 1.00000 0.98451 1.00000 0.97764 0.80333 0.56196 0.71857 0.74054 0.76599 0.78122 0.77975 0.77253 0.77655 0.77412 0.77132 0.77011 0.77503 0.77105
0.87575 0.98200 1.00000 1.00000 1.00000 1.00000 1.00000 1.00000 1.00000 1.00000 0.91735 0.72573 0.56602 0.73811 0.75600 0.78183 0.78312 0.78180 0.78051 0.77713 0.77344 0.76751 0.76724 0.77009 0.76506
0.87825 1.00000 0.97174 1.00000 0.98851 1.00000 0.98851 1.00000 0.98451 1.00000 0.91984 0.71345 0.60794 0.71575 0.73353 0.78017 0.78273 0.78269 0.77943 0.77615 0.77175 0.76937 0.75912 0.76544 0.75968
0.87575 0.98200 1.00000 1.00000 1.00000 1.00000 1.00000 1.00000 1.00000 1.00000 0.91774 0.75231 0.55675 0.66715 0.75800 0.78001 0.78156 0.78296 0.77992 0.76898 0.77034 0.76418 0.76393 0.76235 0.76068
0.87825 1.00000 0.97174 1.00000 0.98851 1.00000 0.98851 1.00000 0.98451 1.00000 0.97764 0.79334 0.53173 0.60843 0.74279 0.74820 0.77923 0.78121 0.77947 0.76658 0.76850 0.75471 0.75594 0.73325 0.73694
0.87575 0.98200 1.00000 1.00000 1.00000 1.00000 1.00000 1.00000 1.00000 1.00000 0.92687 0.75173 0.47723 0.68092 0.74166 0.75279 0.77107 0.78153 0.77959 0.76929 0.77426 0.77182 0.75800 0.74735 0.72496
0.87825 1.00000 0.97174 1.00000 0.98851 1.00000 0.98851 1.00000 0.98451 1.00000 0.92473 0.71304 0.50139 0.69429 0.71827 0.75419 0.77068 0.78062 0.77211 0.78091 0.77837 0.77769 0.77639 0.77422 0.77376
0.87575 0.98200 1.00000 1.00000 1.00000 1.00000 1.00000 1.00000 1.00000 1.00000 0.91613 0.75511 0.51360 0.67132 0.76287 0.77055 0.77574 0.77809 0.77617 0.78117 0.78069 0.78053 0.77936 0.77907 0.78068
0.87825 1.00000 0.97174 1.00000 0.98851 1.00000 0.98851 1.00000 0.98451 1.00000 0.97764 0.74446 0.44563 0.53623 0.73192 0.74868 0.76387 0.77518 0.77639 0.77882 0.77940 0.77619 0.78082 0.78019 0.78160
0.87575 0.98200 1.00000 1.00000 1.00000 1.00000 1.00000 1.00000 1.00000 1.00000 0.96735 0.77952 0.42489 0.64201 0.72081 0.72829 0.77042 0.77197 0.77136 0.77539 0.77635 0.77759 0.77189 0.76969 0.76532
0.87825 1.00000 1.00000 1.00000 1.00000 1.00000 1.00000 1.00000 1.00000 1.00000 0.95952 0.77063 0.18723 0.69507 0.75375 0.77246 0.77108 0.76948 0.76164 0.76984 0.77152 0.76721 0.76968 0.76285 0.77230
0.96028 1.00000 1.00000 1.00000 1.00000 1.00000 1.00000 1.00000 1.00000 1.00000 0.93302 0.84490 0.65797 0.72837 0.77564 0.77436 0.77320 0.77097 0.76674 0.76471 0.76771 0.76686 0.76697 0.76590 0.76216
0.72302 1.00000 0.98488 1.00000 0.98815 1.00000 0.98815 1.00000 1.00000 1.00000 0.96807 0.86508 0.69909 0.75810 0.77522 0.77492 0.77220 0.75017 0.76705 0.76575 0.76325 0.76318 0.76237 0.76200 0.76160
0.53881 0.97255 1.00000 1.00000 1.00000 1.00000 1.00000 1.00000 1.00000 1.00000 0.97418 0.92189 0.77592 0.78071 0.76657 0.76157 0.75942 0.76014 0.77457 0.77226 0.77493 0.77187 0.76388 0.76157 0.76458
0.74699 1.00000 1.00000 1.00000 1.00000 1.00000 1.00000 1.00000 1.00000 1.00000 1.00000 0.88176 0.78530 0.79613 0.76886 0.77549 0.77291 0.77737 0.77709 0.78543 0.78382 0.77928 0.77514 0.77153 0.76826
0.62600 0.77956 1.00000 1.00000 1.00000 1.00000 1.00000 1.00000 1.00000 1.00000 0.93903 0.90075 0.83267 0.79291 0.77617 0.77641 0.77428 0.78276 0.78158 0.79093 0.79456 0.78823 0.78178 0.77547 0.76996
0.66667 0.81650 0.81650 0.81650 1.00000 1.00000 1.00000 1.00000 0.81650 0.81650 0.96118 0.88887 0.80208 0.77554 0.77746 0.77825 0.77781 0.78934 0.79425 0.80344 0.80398 0.79518 0.78896 0.78397 0.77928
