# name=mixed_regions field=200x200 stride=8
25 25
0.00000 0.14810 0.34257 0.35366 0.72295 0.75327 0.72295 0.75327 0.72295 0.34923 0.35204 0.14965 0.00000 0.00000 0.00000 0.00000 0.00000 0.00000 0.00000 0.00000 0.00000 0.00000 0.00000 0.00000 0.00000
0.14406 0.34807 1.00000 0.93222 1.00000 0.89834 1.00000 0.89834 1.00000 0.95852 1.00000 0.35647 0.23969 0.00000 0.00000 0.00000 0.00000 0.06565 0.03645 0.04034 0.00000 0.00000 0.00000 0.00000 0.00000
0.33721 1.00000 0.95276 1.00000 0.96239 1.00000 0.96239 1.00000 0.98026 1.00000 0.97159 1.00000 0.23108 0.19951 0.00000 0.04445 0.06287 0.06951 0.06894 0.03638 0.06906 0.25922 0.32980 0.10181 0.03925
0.34249 0.93222 1.00000 1.00000 1.00000 1.00000 1.00000 1.00000 1.00000 1.00000 1.00000 0.84836 0.41227 0.19562 0.00000 0.04231 0.07055 0.07765 0.07815 0.06685 0.05918 0.37465 0.30562 0.35573 0.21395
0.72917 1.00000 0.96239 1.00000 0.97018 1.00000 0.97018 1.00000 0.98451 1.00000 0.97764 0.90428 0.43270 0.21919 0.00000 0.04015 0.03753 0.08947 0.08288 0.06909 0.30569 0.34867 0.29519 0.33133 0.21022
0.76175 0.89834 1.00000 1.00000 1.00000 1.00000 1.00000 1.00000 1.00000 1.00000 0.96735 0.89061 0.46031 0.42609 0.00000 0.08679 0.10659 0.08469 0.19978 0.17079 0.33493 0.46515 0.48392 0.35969 0.21589
0.72917 1.00000 0.96239 1.00000 0.97018 1.00000 0.97018 1.00000 0.98451 1.00000 0.97764 0.90428 0.28352 0.35792 0.00000 0.18947 0.14200 0.23506 0.02686 0.16298 0.35835 0.44641 0.34321 0.35434 0.37603
0.76175 0.89834 1.00000 1.00000 1.00000 1.00000 1.00000 1.00000 1.00000 1.00000 0.96735 0.85241 0.61746 0.14758 0.00000 0.09417 0.08037 0.08723 0.17012 0.52382 0.45806 0.56939 0.53356 0.21645 0.20819
0.72917 1.00000 0.96239 1.00000 0.97018 1.00000 0.97018 1.00000 0.98451 1.00000 0.97764 0.74245 0.49896 0.23578 0.09551 0.33000 0.31279 0.09757 0.41400 0.56948 0.64994 0.41682 0.48866 0.49442 0.00000
0.76175 0.89834 1.00000 1.00000 1.00000 1.00000 1.00000 1.00000 1.00000 1.00000 0.96735 0.73985 0.33761 0.21371 0.20860 0.54375 0.55332 0.64823 0.41346 0.32369 0.33128 0.24733 0.12187 0.12690 0.00000
0.72917 1.00000 0.96239 1.00000 0.97018 1.00000 0.97018 1.00000 0.98451 1.00000 0.92043 0.74695 0.33722 0.43912 0.18194 0.47048 0.50384 0.62886 0.35221 0.29971 0.32048 0.24792 0.23422 0.25174 0.00000
0.76175 0.89834 1.00000 1.00000 1.00000 1.00000 1.00000 1.00000 1.00000 1.00000 0.91021 0.74235 0.53053 0.44185 0.18393 0.17609 0.45704 0.53963 0.30481 0.14817 0.31129 0.21249 0.20439 0.20247 0.00000
0.72917 1.00000 0.96239 1.00000 0.97018 1.00000 0.97018 1.00000 0.98451 1.00000 0.97764 0.82476 0.54833 0.18101 0.21255 0.07410 0.26442 0.56531 0.42419 0.64010 0.57486 0.55117 0.53477 0.55560 0.00000
0.76175 0.89834 1.00000 1.00000 1.00000 1.00000 1.00000 1.00000 1.00000 1.00000 0.96735 0.84243 0.56308 0.24378 0.18377 0.20811 0.44177 0.33310 0.62333 0.61540 0.50119 0.52470 0.54555 0.03986 0.04878
0.72917 1.00000 0.96239 1.00000 0.97018 1.00000 0.97018 1.00000 0.98451 1.00000 0.97764 0.83978 0.27713 0.52967 0.18386 0.18632 0.18079 0.30019 0.45531 0.07790 0.45304 0.18936 0.03705 0.04106 0.04758
0.76175 0.89834 1.00000 1.00000 1.00000 1.00000 1.00000 1.00000 1.00000 1.00000 0.96735 0.80551 0.62542 0.57208 0.30874 0.29825 0.28211 0.28879 0.07907 0.07997 0.44883 0.35855 0.37189 0.09447 0.09408
0.72917 1.00000 0.96239 1.00000 0.97018 1.00000 0.97018 1.00000 0.98451 1.00000 0.97764 0.80269 0.61856 0.58638 0.07883 0.16096 0.16998 0.18142 0.15496 0.17332 0.22160 0.23981 0.09856 0.09349 0.08853
0.76175 0.89834 1.00000 1.00000 1.00000 1.00000 1.00000 1.00000 1.00000 1.00000 0.96735 0.81344 0.25410 0.61908 0.14564 0.14018 0.28883 0.27678 0.41656 0.46284 0.19793 0.19345 0.09747 0.10025 0.00000
0.72917 1.00000 0.96239 1.00000 0.97018 1.00000 0.97018 1.00000 0.98451 1.00000 0.97764 0.89284 0.59873 0.53865 0.11378 0.44136 0.42540 0.27978 0.23610 0.52875 0.30514 0.09428 0.09569 0.03608 0.03600
0.76175 0.89834 1.00000 1.00000 1.00000 1.00000 1.00000 1.00000 1.00000 1.00000 0.96735 0.84812 0.68478 0.53698 0.33964 0.48230 0.46549 0.19800 0.03226 0.27175 0.15930 0.02897 0.03099 0.03387 0.03387
0.72917 1.00000 0.98026 1.00000 0.98451 1.00000 0.98451 1.00000 1.00000 1.00000 1.00000 0.79652 0.57492 0.35376 0.22221 0.20704 0.20877 0.19977 0.19686 0.18232 0.16914 0.17302 0.03039 0.03629 0.03638
0.33871 0.95852 1.00000 1.00000 1.00000 1.00000 1.00000 1.00000 1.00000 1.00000 0.96094 0.82987 0.24095 0.19628 0.23711 0.21971 0.20105 0.18802 0.19798 0.08370 0.17315 0.02557 0.03056 0.03473 0.00000
0.35204 1.00000 0.97159 1.00000 0.97764 0.96735 0.97764 0.96735 1.00000 0.96094 1.00000 0.43211 0.23936 0.00000 0.00000 0.23359 0.20053 0.09528 0.04182 0.08287 0.07953 0.00000 0.00000 0.00000 0.00000
0.14633 0.35647 1.00000 0.92675 0.90428 0.89061 0.90428 0.89061 0.90428 0.95503 0.34879 0.36684 0.00000 0.00000 0.00000 0.00000 0.08715 0.04173 0.04265 0.04483 0.00000 0.00000 0.00000 0.00000 0.00000
0.00000 0.14810 0.14621 0.35366 0.35514 0.35366 0.35514 0.35366 0.35514 0.14586 0.14727 0.00000 0.00000 0.00000 0.00000 0.00000 0.00000 0.00000 0.00000 0.00000 0.00000 0.00000 0.00000 0.00000 0.00000
