# name=grid_sheared field=200x200 stride=8
25 25
0.78527 0.78196 0.87485 0.87595 0.93003 0.91917 0.95440 0.91917 0.95440 0.91917 0.95440 0.91917 0.95440 0.91917 0.95440 0.91917 0.95440 0.91917 0.95440 0.91917 0.95440 0.95437 0.95435 0.95430 0.00000
0.84257 0.83226 0.91549 0.86388 0.93671 0.90551 0.93576 0.90551 0.93576 0.90551 0.93576 0.90551 0.93576 0.90551 0.93576 0.90551 0.93576 0.90551 0.93576 0.90551 0.93576 0.93144 0.93149 0.91928 0.27857
0.83622 0.91313 0.92762 0.94073 0.93229 0.95373 0.93222 0.95373 0.93222 0.95373 0.93222 0.95373 0.93222 0.95373 0.93222 0.95373 0.93222 0.95373 0.93222 0.95373 0.93222 0.95371 0.92799 0.95370 0.29024
0.91996 0.89231 0.92194 0.93287 0.93740 0.93984 0.93683 0.93984 0.93683 0.93984 0.93683 0.93984 0.93683 0.93984 0.93683 0.93984 0.93683 0.93984 0.93683 0.93984 0.93683 0.95337 0.93386 0.95323 0.85407
0.84219 0.94350 0.94764 0.95421 0.93456 0.95324 0.93412 0.95324 0.93412 0.95324 0.93412 0.95324 0.93412 0.95324 0.93412 0.95324 0.93412 0.95324 0.93412 0.95324 0.93412 0.95324 0.93197 0.92838 0.95340
0.77280 0.93216 0.93398 0.95373 0.93574 0.93819 0.93574 0.93819 0.93574 0.93819 0.93574 0.93819 0.93574 0.93819 0.93574 0.93819 0.93574 0.93819 0.93574 0.93819 0.93574 0.93819 0.93421 0.93462 0.86300
0.83951 0.87176 0.92255 0.91917 0.95319 0.91466 0.95319 0.91466 0.95319 0.91466 0.95319 0.91466 0.95319 0.91466 0.95319 0.91466 0.95319 0.91466 0.95319 0.91466 0.95319 0.91466 0.95378 0.90880 0.93373
0.73914 0.87285 0.90241 0.90802 0.93912 0.93639 0.93912 0.93639 0.93912 0.93639 0.93912 0.93639 0.93912 0.93639 0.93912 0.93639 0.93912 0.93639 0.93912 0.93639 0.93912 0.93688 0.95434 0.94774 0.88800
0.71891 0.84691 0.90019 0.90875 0.93782 0.93623 0.95318 0.93623 0.95318 0.93623 0.95318 0.93623 0.95318 0.93623 0.95318 0.93623 0.95318 0.93623 0.95318 0.93623 0.95318 0.93688 0.94571 0.92067 0.90796
0.80548 0.87731 0.91968 0.90161 0.93874 0.93574 0.93819 0.93574 0.93819 0.93574 0.93819 0.93574 0.93819 0.93574 0.93819 0.93574 0.93819 0.93574 0.93819 0.93574 0.93819 0.93043 0.92436 0.90825 0.87123
0.83438 0.89523 0.91013 0.94096 0.91475 0.95319 0.91466 0.95319 0.91466 0.95319 0.91466 0.95319 0.91466 0.95319 0.91466 0.95319 0.91466 0.95319 0.91466 0.95319 0.91466 0.93694 0.87571 0.91747 0.79608
0.92077 0.89232 0.92194 0.93279 0.93697 0.93912 0.93639 0.93912 0.93639 0.93912 0.93639 0.93912 0.93639 0.93912 0.93639 0.93912 0.93639 0.93912 0.93639 0.93912 0.93639 0.93537 0.90628 0.89507 0.84274
0.84708 0.94428 0.93539 0.95416 0.93667 0.95318 0.93623 0.95318 0.93623 0.95318 0.93623 0.95318 0.93623 0.95318 0.93623 0.95318 0.93623 0.95318 0.93623 0.95318 0.93623 0.95318 0.90500 0.91501 0.86913
0.77280 0.93216 0.93398 0.95373 0.93574 0.93819 0.93574 0.93819 0.93574 0.93819 0.93574 0.93819 0.93574 0.93819 0.93574 0.93819 0.93574 0.93819 0.93574 0.93819 0.93574 0.93819 0.91739 0.90094 0.86795
0.83951 0.87176 0.92255 0.91917 0.95319 0.91466 0.95319 0.91466 0.95319 0.91466 0.95319 0.91466 0.95319 0.91466 0.95319 0.91466 0.95319 0.91466 0.95319 0.91466 0.95319 0.91466 0.95378 0.90880 0.93107
0.73914 0.87285 0.90241 0.90802 0.93912 0.93639 0.93912 0.93639 0.93912 0.93639 0.93912 0.93639 0.93912 0.93639 0.93912 0.93639 0.93912 0.93639 0.93912 0.93639 0.93912 0.93688 0.95434 0.94774 0.88800
0.71891 0.84691 0.90019 0.90875 0.93782 0.93623 0.95318 0.93623 0.95318 0.93623 0.95318 0.93623 0.95318 0.93623 0.95318 0.93623 0.95318 0.93623 0.95318 0.93623 0.95318 0.93688 0.94571 0.92067 0.90796
0.80548 0.87731 0.91968 0.90161 0.93874 0.93574 0.93819 0.93574 0.93819 0.93574 0.93819 0.93574 0.93819 0.93574 0.93819 0.93574 0.93819 0.93574 0.93819 0.93574 0.93819 0.93043 0.92436 0.90825 0.87123
0.83438 0.89523 0.91013 0.94096 0.91475 0.95319 0.91466 0.95319 0.91466 0.95319 0.91466 0.95319 0.91466 0.95319 0.91466 0.95319 0.91466 0.95319 0.91466 0.95319 0.91466 0.93694 0.87571 0.91747 0.79608
0.92077 0.89232 0.92194 0.93279 0.93697 0.93912 0.93639 0.93912 0.93639 0.93912 0.93639 0.93912 0.93639 0.93912 0.93639 0.93912 0.93639 0.93912 0.93639 0.93912 0.93639 0.93537 0.90628 0.89507 0.84274
0.84708 0.94428 0.93539 0.95416 0.93667 0.95318 0.93623 0.95318 0.93623 0.95318 0.93623 0.95318 0.93623 0.95318 0.93623 0.95318 0.93623 0.95318 0.93623 0.95318 0.93623 0.95318 0.90500 0.91501 0.86913
0.83454 0.95519 0.95450 0.95397 0.95341 0.93738 0.95341 0.93738 0.95341 0.93738 0.95341 0.93738 0.95341 0.93738 0.95341 0.93738 0.95341 0.93738 0.95341 0.93738 0.95341 0.93738 0.93478 0.89641 0.88932
0.90737 0.92029 0.95389 0.93105 0.95339 0.90783 0.95339 0.90783 0.95339 0.90783 0.95339 0.90783 0.95339 0.90783 0.95339 0.90783 0.95339 0.90783 0.95339 0.90783 0.95339 0.90783 0.95338 0.89768 0.92334
0.33166 0.95364 0.92607 0.95368 0.85091 0.92178 0.85091 0.92178 0.85091 0.92178 0.85091 0.92178 0.85091 0.92178 0.85091 0.92178 0.85091 0.92178 0.85091 0.92178 0.85091 0.92178 0.87218 0.91466 0.32531
0.00000 0.34087 0.95389 0.28591 0.86157 0.27508 0.86157 0.27508 0.86157 0.27508 0.86157 0.27508 0.86157 0.27508 0.86157 0.27508 0.86157 0.27508 0.86157 0.27508 0.86157 0.27508 0.86157 0.29434 0.33547
