# name=grid_rotated_30 field=200x200 stride=8
25 25
0.21318 0.23872 0.72960 0.78927 0.79414 0.79341 0.42063 0.73553 0.81412 0.82088 0.42223 0.42146 0.75192 0.75305 0.83305 0.76038 0.76548 0.73344 0.72778 0.79056 0.83417 0.82086 0.43275 0.23531 0.23005
0.23097 0.24296 0.71530 0.77217 0.82598 0.81080 0.80815 0.83901 0.78078 0.82720 0.78957 0.82448 0.75115 0.74555 0.83637 0.76033 0.77393 0.76863 0.81016 0.86575 0.83635 0.83119 0.77311 0.68064 0.24147
0.23599 0.68381 0.78470 0.79992 0.83741 0.80542 0.85585 0.85889 0.82660 0.81252 0.79072 0.83462 0.83613 0.80296 0.84191 0.83012 0.82588 0.80749 0.83013 0.84858 0.84303 0.80765 0.81287 0.77601 0.70274
0.43275 0.77493 0.81821 0.83802 0.85805 0.84459 0.83217 0.82609 0.83604 0.85283 0.82988 0.83554 0.85492 0.82636 0.85038 0.82856 0.82991 0.83384 0.86388 0.86349 0.85041 0.85873 0.83011 0.78669 0.75227
0.82086 0.83119 0.81936 0.86239 0.84832 0.84860 0.85932 0.85754 0.85489 0.84074 0.83757 0.83962 0.85513 0.84291 0.85988 0.85525 0.86375 0.83651 0.84744 0.86339 0.86280 0.84360 0.84701 0.81938 0.79967
0.83417 0.83635 0.84303 0.85041 0.86280 0.86140 0.85998 0.84157 0.84239 0.85474 0.83307 0.85471 0.85625 0.85841 0.84716 0.84764 0.86408 0.84378 0.86360 0.84984 0.86140 0.84860 0.83538 0.78788 0.78651
0.79056 0.86575 0.84858 0.86349 0.86339 0.84984 0.84895 0.85953 0.85827 0.84399 0.82667 0.85728 0.83995 0.86002 0.84743 0.86290 0.84578 0.84440 0.83383 0.84895 0.85998 0.85932 0.82603 0.84608 0.79425
0.72778 0.81016 0.83013 0.86388 0.84744 0.86360 0.83383 0.84556 0.86041 0.85952 0.85931 0.85945 0.86013 0.86180 0.83168 0.84561 0.83584 0.86283 0.84556 0.85953 0.84157 0.85761 0.82632 0.85916 0.83284
0.73344 0.76863 0.80749 0.83384 0.83651 0.84378 0.84440 0.86283 0.84851 0.84228 0.84816 0.86193 0.84977 0.86378 0.86458 0.86506 0.85195 0.84851 0.86041 0.85827 0.84239 0.85496 0.83626 0.82698 0.78129
0.76548 0.77393 0.82588 0.82991 0.86375 0.86408 0.84578 0.83584 0.85195 0.86441 0.86389 0.86420 0.86519 0.86610 0.84998 0.83816 0.86441 0.84228 0.85952 0.84399 0.85474 0.84081 0.85296 0.81326 0.82837
0.76038 0.76033 0.83012 0.82856 0.85525 0.84764 0.86290 0.84561 0.86506 0.83816 0.86600 0.86676 0.85411 0.85506 0.86745 0.86600 0.86389 0.84816 0.85931 0.82667 0.83307 0.83757 0.83019 0.79169 0.79140
0.83305 0.83637 0.84191 0.85038 0.85988 0.84716 0.84743 0.83168 0.86458 0.84998 0.86745 0.85188 0.87026 0.84272 0.85188 0.86676 0.86420 0.86193 0.85945 0.85728 0.85471 0.83998 0.83638 0.83548 0.82602
0.75305 0.74555 0.80296 0.82636 0.84291 0.85841 0.86002 0.86180 0.86378 0.86610 0.85506 0.84272 0.85216 0.85216 0.87026 0.85411 0.86519 0.84977 0.86013 0.83995 0.85625 0.85557 0.85593 0.83578 0.75081
0.75192 0.75115 0.83613 0.85492 0.85513 0.85625 0.83995 0.86013 0.84977 0.86519 0.85411 0.87026 0.85216 0.85216 0.84272 0.85506 0.86610 0.86378 0.86180 0.86002 0.85841 0.84337 0.82542 0.80120 0.74367
0.42146 0.82448 0.83462 0.83554 0.83962 0.85471 0.85728 0.85945 0.86193 0.86420 0.86676 0.85188 0.84272 0.87026 0.85188 0.86745 0.84998 0.86458 0.83168 0.84743 0.84716 0.84756 0.83612 0.81275 0.79215
0.42223 0.78957 0.79072 0.82988 0.83757 0.83307 0.82667 0.85931 0.84816 0.86389 0.86600 0.86745 0.85506 0.85411 0.86676 0.86600 0.83816 0.86506 0.84561 0.86290 0.84764 0.84577 0.82850 0.82659 0.74921
0.82088 0.82720 0.81252 0.85283 0.84074 0.85474 0.84399 0.85952 0.84228 0.86441 0.83816 0.84998 0.86610 0.86519 0.86420 0.86389 0.86441 0.85195 0.83584 0.84578 0.86408 0.85722 0.83366 0.83109 0.77746
0.81412 0.78078 0.82660 0.83604 0.85489 0.84239 0.85827 0.86041 0.84851 0.85195 0.86506 0.86458 0.86378 0.84977 0.86193 0.84816 0.84228 0.84851 0.86283 0.84440 0.84378 0.83651 0.83758 0.81473 0.77960
0.73553 0.83901 0.85889 0.82609 0.85754 0.84157 0.85953 0.84556 0.86283 0.83584 0.84561 0.83168 0.86180 0.86013 0.85945 0.85931 0.85952 0.86041 0.84556 0.83383 0.86360 0.84744 0.86022 0.83015 0.81242
0.42063 0.80815 0.85585 0.83217 0.85932 0.85998 0.84895 0.83383 0.84440 0.84578 0.86290 0.84743 0.86002 0.83995 0.85728 0.82667 0.84399 0.85827 0.85953 0.84895 0.84984 0.86043 0.85729 0.83814 0.85046
0.79341 0.81080 0.80542 0.84459 0.84860 0.86140 0.84984 0.86360 0.84378 0.86408 0.84764 0.84716 0.85841 0.85625 0.85471 0.83307 0.85474 0.84239 0.84157 0.85998 0.86140 0.85834 0.84113 0.82762 0.81387
0.79397 0.82583 0.83730 0.85805 0.84832 0.85834 0.86043 0.84744 0.83651 0.85722 0.84577 0.84756 0.84337 0.85557 0.83998 0.83757 0.84081 0.85496 0.85761 0.85932 0.84860 0.84360 0.83966 0.79228 0.80832
0.78924 0.77221 0.79990 0.83267 0.84259 0.84113 0.85729 0.86022 0.83758 0.83366 0.82850 0.83612 0.82542 0.85593 0.83638 0.83019 0.85296 0.83626 0.82632 0.82603 0.83538 0.84701 0.82585 0.80391 0.75847
0.73022 0.71589 0.78511 0.80783 0.80314 0.82762 0.83814 0.83015 0.81473 0.83109 0.82659 0.81275 0.80120 0.83578 0.83548 0.79169 0.81326 0.82698 0.85916 0.84608 0.78788 0.81928 0.78670 0.77642 0.67512
0.23948 0.24358 0.67681 0.75943 0.80832 0.81387 0.85046 0.81242 0.77960 0.77746 0.74921 0.79215 0.74367 0.75081 0.82602 0.79140 0.82837 0.78129 0.83284 0.79425 0.78651 0.79955 0.75235 0.70335 0.24208
