# name=grid_variable_rows field=200x200 stride=8
25 25
0.00000 0.00000 0.00000 0.00000 0.00000 0.00000 0.00000 0.00000 0.00000 0.00000 0.00000 0.00000 0.00000 0.00000 0.00000 0.00000 0.00000 0.00000 0.00000 0.00000 0.00000 0.00000 0.00000 0.00000 0.00000
0.00000 0.38253 0.36122 0.32673 0.31613 0.31664 0.30435 0.31171 0.28647 0.30720 0.88706 0.29327 0.87295 0.28649 0.27931 0.28047 0.28268 0.87705 0.29416 0.29571 0.31808 0.31410 0.33183 0.36454 0.00000
0.00000 0.36122 1.00000 1.00000 0.93207 0.94010 0.94195 1.00000 0.91200 1.00000 0.90096 0.97389 0.95882 0.96807 0.96032 0.96066 0.96480 0.96763 0.97007 1.00000 0.90753 0.93877 1.00000 1.00000 0.36248
0.00000 0.32673 1.00000 1.00000 1.00000 1.00000 1.00000 1.00000 0.97503 1.00000 1.00000 0.97962 1.00000 1.00000 1.00000 1.00000 1.00000 1.00000 0.97661 1.00000 1.00000 1.00000 1.00000 1.00000 0.00000
0.00000 0.31613 0.93207 1.00000 1.00000 1.00000 1.00000 1.00000 0.97632 1.00000 1.00000 0.98116 1.00000 0.97690 1.00000 1.00000 1.00000 0.97659 0.97837 1.00000 0.98048 1.00000 1.00000 0.93056 0.31637
0.00000 0.31664 0.94010 1.00000 1.00000 1.00000 1.00000 1.00000 0.97630 1.00000 1.00000 0.98109 1.00000 0.97682 1.00000 1.00000 1.00000 0.97580 0.97829 1.00000 0.98047 1.00000 1.00000 0.93876 0.31689
0.00000 0.30991 0.95737 1.00000 0.96903 0.96891 1.00000 0.97002 1.00000 0.97101 1.00000 0.95452 1.00000 1.00000 1.00000 1.00000 1.00000 1.00000 1.00000 1.00000 0.96858 0.96949 1.00000 0.95639 0.00000
0.00000 0.31960 1.00000 1.00000 1.00000 1.00000 1.00000 1.00000 0.97552 1.00000 0.97119 0.98067 0.96933 0.97630 0.97046 0.97072 0.97385 0.97598 0.97781 1.00000 0.98054 1.00000 1.00000 1.00000 0.31990
0.00000 0.00000 0.96069 0.96918 0.97148 0.97137 1.00000 0.97240 1.00000 0.97332 1.00000 0.97426 1.00000 0.97725 1.00000 1.00000 1.00000 1.00000 0.97584 1.00000 0.97107 0.97191 0.96803 0.95978 0.00000
0.00000 0.32822 0.94210 1.00000 1.00000 1.00000 1.00000 1.00000 0.97421 1.00000 0.96861 0.97939 0.96647 0.97475 0.96758 0.96779 0.97214 0.97367 0.97558 1.00000 0.97873 1.00000 1.00000 0.94080 0.32869
0.00000 0.32417 0.94735 1.00000 1.00000 1.00000 1.00000 1.00000 0.97501 1.00000 0.96958 0.97931 1.00000 0.97467 1.00000 1.00000 0.97207 0.97450 0.97636 1.00000 1.00000 1.00000 1.00000 0.94616 0.00000
0.00000 0.31459 0.96326 0.97122 0.97337 0.97327 0.97562 0.97424 0.95441 0.97509 1.00000 0.95775 1.00000 0.97877 0.97995 0.97977 0.97941 1.00000 0.95468 0.97718 0.97299 0.97377 0.97014 0.96241 0.00000
0.00000 0.33040 1.00000 1.00000 0.94483 0.95147 0.95300 1.00000 0.92811 1.00000 0.91882 0.97906 0.96683 0.97435 0.96805 0.96832 0.97170 0.97400 0.97597 1.00000 0.92435 0.95038 1.00000 0.91706 0.33091
0.00000 0.32673 0.96887 1.00000 0.97749 0.97740 1.00000 0.97822 0.97503 0.97895 1.00000 0.96129 1.00000 0.98208 0.98308 0.98292 0.98261 1.00000 0.95825 1.00000 0.97716 1.00000 1.00000 0.96814 0.00000
0.00000 0.31613 0.93207 1.00000 1.00000 1.00000 1.00000 1.00000 0.97632 1.00000 1.00000 0.98116 1.00000 0.97690 1.00000 1.00000 1.00000 0.97659 0.97837 1.00000 0.98048 1.00000 1.00000 0.93056 0.31637
0.00000 0.31664 0.94010 1.00000 1.00000 1.00000 1.00000 1.00000 0.97630 1.00000 1.00000 0.98109 1.00000 0.97682 1.00000 1.00000 1.00000 0.97580 0.97829 1.00000 0.98047 1.00000 1.00000 0.93876 0.31689
0.00000 0.30630 0.94737 1.00000 1.00000 1.00000 1.00000 1.00000 1.00000 1.00000 1.00000 0.98251 1.00000 1.00000 1.00000 1.00000 1.00000 1.00000 1.00000 1.00000 1.00000 1.00000 1.00000 0.94617 0.00000
0.00000 0.31431 1.00000 1.00000 1.00000 1.00000 1.00000 1.00000 0.97649 1.00000 0.97229 0.98142 1.00000 0.97721 1.00000 1.00000 0.97485 0.97690 0.97866 1.00000 0.98130 1.00000 1.00000 1.00000 0.31452
0.00000 0.29145 0.93220 0.94633 0.95021 0.95003 0.97963 0.95177 0.98215 0.95332 1.00000 0.94008 1.00000 0.96002 0.98303 0.98284 0.98252 1.00000 0.95762 0.98089 0.94951 0.95093 0.94440 0.93070 0.00000
0.00000 0.31971 1.00000 1.00000 1.00000 1.00000 1.00000 1.00000 0.97557 1.00000 0.97023 0.98065 0.96930 0.97628 0.97044 0.97069 0.97382 0.97596 0.97779 1.00000 0.97983 1.00000 1.00000 1.00000 0.32001
0.00000 0.30876 0.95067 1.00000 1.00000 1.00000 1.00000 1.00000 0.97774 1.00000 1.00000 0.98160 1.00000 1.00000 1.00000 1.00000 1.00000 1.00000 0.97896 1.00000 1.00000 1.00000 1.00000 0.94954 0.00000
0.00000 0.34135 1.00000 1.00000 1.00000 1.00000 1.00000 1.00000 0.97225 1.00000 1.00000 0.97733 1.00000 0.97224 1.00000 1.00000 1.00000 0.97186 0.97400 1.00000 0.97719 1.00000 1.00000 1.00000 0.34210
0.00000 0.37059 0.35316 1.00000 0.92777 0.93626 0.93821 0.90956 0.90662 1.00000 0.89502 0.97212 0.88171 0.96592 0.95769 0.95805 0.96245 0.88558 0.96805 0.92639 0.90192 0.93485 1.00000 0.35593 0.37212
0.00000 0.00000 0.00000 0.00000 0.00000 0.00000 0.00000 0.00000 0.00000 0.00000 0.00000 0.00000 0.00000 0.00000 0.00000 0.00000 0.00000 0.00000 0.00000 0.00000 0.00000 0.00000 0.00000 0.00000 0.00000
0.00000 0.00000 0.00000 0.00000 0.00000 0.00000 0.00000 0.00000 0.00000 0.00000 0.00000 0.00000 0.00000 0.00000 0.00000 0.00000 0.00000 0.00000 0.00000 0.00000 0.00000 0.00000 0.00000 0.00000 0.00000
