# name=grid_streets_w7 field=200x200 stride=8
25 25
0.00000 0.00000 0.00000 0.00000 0.00000 0.00000 0.00000 0.00000 0.00000 0.00000 0.00000 0.00000 0.00000 0.00000 0.00000 0.00000 0.00000 0.00000 0.00000 0.00000 0.00000 0.00000 0.00000 0.00000 0.00000
0.00000 0.35551 1.00000 0.94945 0.91428 0.93221 0.91428 0.94945 0.93705 0.93004 0.95488 1.00000 0.93178 0.92246 0.94352 0.94352 0.92246 0.93178 1.00000 0.95488 0.93004 0.93705 1.00000 0.35069 0.36653
0.00000 1.00000 1.00000 1.00000 1.00000 0.94432 1.00000 1.00000 1.00000 1.00000 0.96318 1.00000 0.94395 1.00000 1.00000 1.00000 1.00000 0.94395 1.00000 0.96318 1.00000 1.00000 1.00000 1.00000 0.33756
0.00000 0.94945 1.00000 1.00000 0.96378 0.95400 0.96378 1.00000 1.00000 1.00000 1.00000 0.96366 0.97312 0.96401 1.00000 1.00000 0.96401 0.97312 0.96366 1.00000 1.00000 1.00000 1.00000 0.95151 0.31073
0.00000 0.91428 1.00000 0.96378 1.00000 0.95106 1.00000 0.96378 1.00000 1.00000 0.96775 1.00000 0.95073 1.00000 0.95942 0.95942 1.00000 0.95073 1.00000 0.96775 1.00000 1.00000 1.00000 1.00000 0.31929
0.00000 0.93221 0.94432 0.95400 0.95106 1.00000 0.95106 0.95400 0.95241 0.95181 0.95498 0.95090 0.95606 0.95136 0.95314 0.95314 0.95136 0.95606 0.95090 0.95498 0.95181 0.95241 0.94781 0.93491 0.00000
0.00000 0.91428 1.00000 0.96378 1.00000 0.95106 1.00000 0.96378 1.00000 1.00000 0.96775 1.00000 0.95073 1.00000 0.95942 0.95942 1.00000 0.95073 1.00000 0.96775 1.00000 1.00000 1.00000 1.00000 0.31929
0.00000 0.94945 1.00000 1.00000 0.96378 0.95400 0.96378 1.00000 1.00000 1.00000 1.00000 0.96366 0.97312 0.96401 1.00000 1.00000 0.96401 0.97312 0.96366 1.00000 1.00000 1.00000 1.00000 0.95151 0.31073
0.00000 0.93705 1.00000 1.00000 1.00000 0.95241 1.00000 1.00000 1.00000 1.00000 0.96866 1.00000 0.95209 1.00000 1.00000 1.00000 1.00000 0.95209 1.00000 0.96866 1.00000 1.00000 1.00000 0.93958 0.31540
0.00000 0.93004 1.00000 1.00000 1.00000 0.95181 1.00000 1.00000 1.00000 1.00000 0.96826 1.00000 0.95149 1.00000 1.00000 1.00000 1.00000 0.95149 1.00000 0.96826 1.00000 1.00000 1.00000 0.93282 0.31712
0.00000 0.95488 0.96318 1.00000 0.96775 0.95498 0.96775 1.00000 0.96866 0.96826 1.00000 0.96764 1.00000 0.96795 1.00000 1.00000 0.96795 1.00000 0.96764 1.00000 0.96826 0.96866 1.00000 0.95674 0.30780
0.00000 1.00000 1.00000 0.96366 1.00000 0.95090 1.00000 0.96366 1.00000 1.00000 0.96764 1.00000 0.95058 1.00000 0.95929 0.95929 1.00000 0.95058 1.00000 0.96764 1.00000 1.00000 1.00000 1.00000 0.31972
0.00000 0.93178 0.94395 0.97312 0.95073 0.95606 0.95073 0.97312 0.95209 0.95149 1.00000 0.95058 1.00000 0.95104 0.97261 0.97261 0.95104 1.00000 0.95058 1.00000 0.95149 0.95209 0.96938 0.93449 0.30450
0.00000 0.92246 1.00000 0.96401 1.00000 0.95136 1.00000 0.96401 1.00000 1.00000 0.96795 1.00000 0.95104 1.00000 1.00000 1.00000 1.00000 0.95104 1.00000 0.96795 1.00000 1.00000 1.00000 1.00000 0.31842
0.00000 0.94352 1.00000 1.00000 0.95942 0.95314 0.95942 1.00000 1.00000 1.00000 1.00000 0.95929 0.97261 1.00000 1.00000 1.00000 1.00000 0.97261 0.95929 1.00000 1.00000 1.00000 1.00000 0.94580 0.31327
0.00000 0.94352 1.00000 1.00000 0.95942 0.95314 0.95942 1.00000 1.00000 1.00000 1.00000 0.95929 0.97261 1.00000 1.00000 1.00000 1.00000 0.97261 0.95929 1.00000 1.00000 1.00000 1.00000 0.94580 0.31327
0.00000 0.92246 1.00000 0.96401 1.00000 0.95136 1.00000 0.96401 1.00000 1.00000 0.96795 1.00000 0.95104 1.00000 1.00000 1.00000 1.00000 0.95104 1.00000 0.96795 1.00000 1.00000 1.00000 1.00000 0.31842
0.00000 0.93178 0.94395 0.97312 0.95073 0.95606 0.95073 0.97312 0.95209 0.95149 1.00000 0.95058 1.00000 0.95104 0.97261 0.97261 0.95104 1.00000 0.95058 1.00000 0.95149 0.95209 0.96938 0.93449 0.30450
0.00000 1.00000 1.00000 0.96366 1.00000 0.95090 1.00000 0.96366 1.00000 1.00000 0.96764 1.00000 0.95058 1.00000 0.95929 0.95929 1.00000 0.95058 1.00000 0.96764 1.00000 1.00000 1.00000 1.00000 0.31972
0.00000 0.95488 0.96318 1.00000 0.96775 0.95498 0.96775 1.00000 0.96866 0.96826 1.00000 0.96764 1.00000 0.96795 1.00000 1.00000 0.96795 1.00000 0.96764 1.00000 0.96826 0.96866 1.00000 0.95674 0.30780
0.00000 0.93004 1.00000 1.00000 1.00000 0.95181 1.00000 1.00000 1.00000 1.00000 0.96826 1.00000 0.95149 1.00000 1.00000 1.00000 1.00000 0.95149 1.00000 0.96826 1.00000 1.00000 1.00000 0.93282 0.31712
0.00000 0.93705 1.00000 1.00000 1.00000 0.95241 1.00000 1.00000 1.00000 1.00000 0.96866 1.00000 0.95209 1.00000 1.00000 1.00000 1.00000 0.95209 1.00000 0.96866 1.00000 1.00000 1.00000 0.93958 0.31540
0.00000 1.00000 1.00000 1.00000 1.00000 0.94781 1.00000 1.00000 1.00000 1.00000 1.00000 1.00000 0.96938 1.00000 1.00000 1.00000 1.00000 0.96938 1.00000 1.00000 1.00000 1.00000 1.00000 1.00000 0.32831
0.00000 0.35069 1.00000 0.95151 1.00000 0.93491 1.00000 0.95151 0.93958 0.93282 0.95674 1.00000 0.93449 1.00000 0.94580 0.94580 1.00000 0.93449 1.00000 0.95674 0.93282 0.93958 1.00000 1.00000 0.36045
0.00000 0.36653 0.33756 0.31073 0.31929 0.00000 0.31929 0.31073 0.31540 0.31712 0.30780 0.31972 0.30450 0.31842 0.31327 0.31327 0.31842 0.30450 0.31972 0.30780 0.31712 0.31540 0.32831 0.36045 0.00000
