# name=organic_walks field=200x200 stride=8
25 25
0.00000 0.00000 0.00000 0.00000 0.00000 0.00000 0.10361 0.02163 0.00000 0.07139 0.07136 0.00000 0.00000 0.00000 0.00000 0.00000 0.00000 0.00000 0.00000 0.00000 0.00000 0.00000 0.00000 0.00000 0.00000
0.00000 0.00000 0.00000 0.00000 0.00000 0.10069 0.10068 0.10668 0.11077 0.11101 0.07239 0.07631 0.00000 0.00000 0.00000 0.00000 0.00000 0.00000 0.00000 0.00000 0.00000 0.00000 0.00000 0.00000 0.00000
0.00000 0.00000 0.00000 0.00000 0.12560 0.10692 0.10403 0.19977 0.10227 0.10451 0.11924 0.07912 0.00000 0.00000 0.00000 0.00000 0.00000 0.00000 0.00000 0.02832 0.02607 0.00000 0.00000 0.00000 0.00000
0.00000 0.00000 0.00000 0.11605 0.11959 0.11102 0.11227 0.19349 0.09609 0.13524 0.16359 0.19090 0.16263 0.22764 0.06410 0.01277 0.03713 0.04396 0.00000 0.02489 0.02378 0.06801 0.03522 0.03439 0.03357
0.00000 0.00000 0.00000 0.11129 0.11502 0.11736 0.12239 0.30296 0.20764 0.21652 0.15560 0.06939 0.22194 0.19343 0.17943 0.03607 0.03543 0.04053 0.04658 0.02107 0.04140 0.05279 0.03161 0.03096 0.03041
0.00000 0.00000 0.02064 0.01708 0.09815 0.02060 0.11830 0.29117 0.18934 0.32260 0.34048 0.05788 0.29957 0.31830 0.19849 0.03648 0.03576 0.04355 0.02003 0.00000 0.08223 0.09559 0.11529 0.02234 0.02318
0.00000 0.00000 0.01948 0.01668 0.08036 0.09883 0.10713 0.01879 0.30792 0.30312 0.11397 0.17374 0.28366 0.28771 0.34112 0.14448 0.12146 0.01814 0.02069 0.00000 0.08824 0.10290 0.01932 0.02011 0.02122
0.00000 0.02005 0.02308 0.02622 0.03049 0.23634 0.23000 0.14940 0.19021 0.03956 0.10954 0.16806 0.16972 0.17760 0.19647 0.05351 0.04580 0.01614 0.01280 0.11076 0.17101 0.28962 0.10401 0.04813 0.04802
0.02491 0.02554 0.02687 0.07124 0.07168 0.13800 0.15202 0.17363 0.06255 0.05347 0.04524 0.04528 0.18117 0.19960 0.11307 0.05455 0.04437 0.03425 0.16765 0.11252 0.31039 0.11431 0.10692 0.09938 0.04195
0.02504 0.02486 0.02528 0.06190 0.06361 0.24452 0.14828 0.44380 0.13614 0.18859 0.29640 0.26460 0.08031 0.31878 0.31413 0.10764 0.18859 0.23830 0.06900 0.11461 0.09955 0.14445 0.10561 0.09723 0.09972
0.02569 0.02516 0.02486 0.25766 0.19344 0.23068 0.42439 0.44890 0.43967 0.41932 0.26694 0.12784 0.11242 0.16748 0.16113 0.08524 0.12209 0.05150 0.04933 0.01900 0.26948 0.31159 0.30417 0.27725 0.26008
0.00000 0.02143 0.02006 0.24994 0.30475 0.37346 0.16339 0.15492 0.46671 0.46088 0.16120 0.16362 0.16015 0.28538 0.13344 0.12785 0.11441 0.04749 0.17392 0.16067 0.26191 0.29966 0.29961 0.26393 0.04101
0.00000 0.00000 0.00000 0.23825 0.30076 0.16354 0.26833 0.16156 0.13505 0.26180 0.17541 0.15555 0.14193 0.07454 0.13738 0.08906 0.10823 0.28521 0.28209 0.27958 0.26064 0.25927 0.26753 0.10384 0.01563
0.00000 0.00000 0.00000 0.19272 0.35065 0.39114 0.37953 0.20894 0.35152 0.24125 0.23842 0.13417 0.12658 0.23153 0.13931 0.29753 0.29815 0.29486 0.28013 0.24298 0.16110 0.29654 0.15370 0.10976 0.01988
0.00000 0.00000 0.16520 0.22822 0.23024 0.21706 0.21082 0.17278 0.17556 0.22385 0.22996 0.12607 0.11589 0.23609 0.28917 0.31373 0.30474 0.27927 0.28424 0.17090 0.14889 0.17211 0.02072 0.02261 0.02784
0.00000 0.00000 0.04884 0.04982 0.22785 0.30098 0.20222 0.12839 0.33031 0.03084 0.22851 0.05529 0.12182 0.11330 0.34006 0.33764 0.32765 0.29948 0.32300 0.35496 0.32301 0.26215 0.02050 0.02315 0.02726
0.00000 0.00000 0.04328 0.04724 0.20263 0.20149 0.12573 0.15311 0.15180 0.07585 0.07389 0.05613 0.04273 0.04530 0.20333 0.05595 0.20010 0.06919 0.26171 0.18489 0.16815 0.33007 0.08068 0.08198 0.02364
0.00000 0.00000 0.08752 0.17606 0.19926 0.11571 0.12062 0.15287 0.15409 0.08980 0.05994 0.04146 0.03569 0.03388 0.01805 0.30361 0.26866 0.05931 0.21636 0.27537 0.31154 0.31784 0.15199 0.02623 0.02612
0.00000 0.00000 0.02201 0.16533 0.16204 0.31446 0.12290 0.13281 0.23370 0.07814 0.05613 0.01676 0.03776 0.01253 0.09636 0.10324 0.21321 0.22069 0.26781 0.30726 0.18728 0.21707 0.24672 0.02631 0.02649
0.00000 0.00000 0.00000 0.17037 0.16216 0.17266 0.41406 0.36555 0.17945 0.18364 0.11990 0.04603 0.04052 0.02133 0.25246 0.25150 0.26463 0.31510 0.15750 0.18965 0.31205 0.21443 0.24525 0.06142 0.02815
0.00000 0.00000 0.00000 0.00000 0.04862 0.16946 0.11455 0.04142 0.15367 0.16943 0.11120 0.04777 0.11006 0.11530 0.10591 0.17315 0.30134 0.28338 0.29219 0.20226 0.23268 0.05959 0.06532 0.03088 0.00000
0.00000 0.00000 0.00000 0.00000 0.06232 0.12614 0.13112 0.16870 0.16284 0.17064 0.11965 0.12123 0.10088 0.10190 0.34195 0.15329 0.16047 0.28173 0.29225 0.17712 0.24116 0.06198 0.03037 0.03054 0.00000
0.00000 0.00000 0.00000 0.00000 0.02690 0.02399 0.15507 0.19423 0.05717 0.04884 0.05442 0.13442 0.11021 0.10570 0.02319 0.15918 0.05175 0.18609 0.18318 0.05819 0.03119 0.05697 0.03071 0.03033 0.00000
0.00000 0.00000 0.00000 0.00000 0.02522 0.02503 0.00000 0.07916 0.06137 0.05417 0.05821 0.06540 0.05882 0.02649 0.02636 0.02405 0.05489 0.05105 0.18552 0.03070 0.03075 0.03138 0.00000 0.00000 0.00000
0.00000 0.00000 0.00000 0.00000 0.00000 0.00000 0.00000 0.00000 0.06962 0.06359 0.06749 0.00000 0.00000 0.02666 0.00000 0.02406 0.02331 0.02411 0.02636 0.00000 0.00000 0.00000 0.00000 0.00000 0.00000
