# name=grid_with_holes field=200x200 stride=8
25 25
0.00000 0.33333 0.33333 0.33333 0.55526 0.33333 0.00000 0.00000 0.00000 0.33333 0.33333 0.56773 0.87825 0.87575 0.87825 0.87575 0.87825 0.87575 0.87825 0.87575 0.57059 0.55897 0.33333 0.33333 0.00000
0.00000 0.33333 0.56365 0.53381 0.52096 0.54665 0.49178 0.45912 0.00000 0.56592 0.96893 0.88174 0.93749 0.98200 1.00000 0.98200 1.00000 0.98200 0.95536 0.91023 0.70831 0.55897 0.33333 0.33333 0.00000
0.33333 0.57506 0.88359 0.51013 0.67648 0.96508 0.82780 0.93213 0.57735 0.97024 0.98657 0.98023 0.95902 0.97544 0.97174 1.00000 0.97174 0.98526 0.96798 0.95679 0.87611 0.67776 0.33333 0.33333 0.00000
0.00000 0.88453 0.90864 0.91260 0.90396 0.98314 0.84999 0.91474 0.93487 1.00000 1.00000 1.00000 1.00000 0.99050 1.00000 1.00000 1.00000 0.98321 1.00000 0.97875 0.86547 0.85110 0.55526 0.33333 0.00000
0.49428 0.90240 0.95661 0.91293 0.97305 0.90894 0.98095 0.93077 1.00000 0.98148 1.00000 1.00000 0.98728 0.98446 0.98851 1.00000 0.98816 1.00000 0.98619 0.97595 0.93439 0.85986 0.83688 0.00000 0.00000
0.30917 0.95768 0.96221 0.95584 0.97452 0.97079 1.00000 1.00000 0.98353 1.00000 1.00000 1.00000 1.00000 1.00000 1.00000 1.00000 1.00000 1.00000 1.00000 1.00000 0.97869 0.95944 0.87148 0.47877 0.00000
0.54838 0.97376 0.98924 0.98445 0.99158 1.00000 0.98728 0.99166 0.99158 1.00000 0.98684 1.00000 1.00000 1.00000 0.98851 1.00000 0.98851 1.00000 1.00000 0.97500 0.93891 0.98442 1.00000 0.55791 0.00000
0.56773 0.93792 0.98314 1.00000 0.99088 1.00000 0.98446 1.00000 1.00000 0.98384 0.98314 0.99074 1.00000 1.00000 1.00000 1.00000 1.00000 1.00000 1.00000 0.97933 1.00000 0.98301 1.00000 1.00000 0.33333
0.87825 1.00000 0.98026 1.00000 0.98851 1.00000 0.98851 1.00000 0.98733 1.00000 0.98619 1.00000 0.97980 0.99088 0.98851 1.00000 0.98816 1.00000 0.98733 1.00000 1.00000 0.98838 0.98536 0.53858 0.33333
0.55897 0.95852 0.98972 1.00000 1.00000 1.00000 1.00000 1.00000 1.00000 1.00000 1.00000 1.00000 0.98549 1.00000 1.00000 1.00000 1.00000 0.96899 1.00000 1.00000 0.98859 1.00000 0.92773 0.72814 0.56773
0.55526 0.98005 0.95449 1.00000 0.97980 0.99088 0.98816 0.98134 0.97772 0.98119 0.98252 0.98257 0.97748 1.00000 0.98733 1.00000 0.98619 1.00000 0.97631 0.98859 0.98499 1.00000 0.96679 0.72690 0.57059
0.28577 0.97351 0.96018 1.00000 1.00000 1.00000 1.00000 1.00000 1.00000 1.00000 1.00000 1.00000 0.98033 0.98321 1.00000 1.00000 1.00000 1.00000 1.00000 1.00000 1.00000 1.00000 0.96670 0.92264 0.56773
0.49428 0.90240 0.96197 1.00000 0.98728 0.98359 0.98286 0.96631 0.97137 0.97896 0.97026 0.98787 0.96231 0.98314 0.98667 1.00000 0.98556 1.00000 0.97748 0.98279 0.98684 0.95936 0.98807 0.93486 0.57059
0.30917 0.95768 0.96221 1.00000 1.00000 1.00000 1.00000 1.00000 0.98096 1.00000 0.97876 0.97168 1.00000 0.99074 1.00000 1.00000 1.00000 1.00000 0.99009 0.97550 0.98446 0.98802 0.97224 0.98070 0.56773
0.54838 0.97376 0.97738 1.00000 1.00000 1.00000 0.98667 1.00000 0.97418 1.00000 0.98063 0.98560 1.00000 1.00000 0.97980 1.00000 0.98728 1.00000 1.00000 1.00000 0.98816 1.00000 0.97764 0.93486 0.57059
0.33333 1.00000 0.98906 1.00000 1.00000 1.00000 1.00000 1.00000 1.00000 0.98118 0.98426 0.98850 1.00000 1.00000 0.99088 1.00000 0.98359 1.00000 1.00000 1.00000 1.00000 1.00000 0.97224 0.98070 0.56773
0.55526 0.98005 0.95449 1.00000 0.97980 1.00000 0.97980 1.00000 0.98581 1.00000 1.00000 1.00000 0.97980 0.99088 0.98851 1.00000 0.98733 1.00000 0.98667 1.00000 1.00000 0.97273 0.97764 0.93486 0.57059
0.28577 0.97351 0.96018 1.00000 1.00000 1.00000 0.99088 0.96516 0.98196 1.00000 1.00000 1.00000 1.00000 1.00000 1.00000 1.00000 1.00000 1.00000 1.00000 1.00000 1.00000 0.96551 0.98292 0.98070 0.56773
0.49428 0.90240 0.96197 1.00000 0.98684 0.98446 0.98816 1.00000 0.98619 1.00000 0.98556 1.00000 0.98728 0.98446 0.98816 1.00000 0.98619 1.00000 0.98363 1.00000 1.00000 0.97828 0.96852 0.88085 0.57059
0.30917 0.95768 0.98111 0.98031 1.00000 0.97976 1.00000 0.96899 1.00000 1.00000 1.00000 1.00000 1.00000 1.00000 1.00000 0.96899 1.00000 0.96260 0.98805 1.00000 1.00000 0.93687 0.91265 0.90700 0.56773
0.54838 1.00000 0.96092 1.00000 1.00000 1.00000 0.98147 1.00000 0.98501 1.00000 1.00000 0.99009 1.00000 1.00000 0.98286 1.00000 1.00000 0.97349 0.96679 0.98437 0.95708 0.94497 0.69937 0.57059 0.57059
0.33333 0.55228 1.00000 0.97059 1.00000 1.00000 0.98797 1.00000 0.96398 0.97522 0.96854 0.97884 1.00000 1.00000 1.00000 1.00000 0.96398 0.98195 0.51030 0.95675 0.95382 0.96404 0.55897 0.55897 0.33333
0.33333 0.58230 0.86163 0.91019 0.90382 1.00000 1.00000 0.91019 0.95909 0.96334 1.00000 1.00000 1.00000 1.00000 0.95406 0.96090 0.90382 0.87257 0.97994 1.00000 1.00000 0.52731 0.33333 0.33333 0.33333
0.33333 0.33333 0.59400 0.86928 0.88807 0.84196 0.59400 0.86928 0.88807 0.95334 1.00000 0.94236 0.93486 0.95503 1.00000 0.97059 0.88807 0.84196 0.33333 0.52522 0.49725 0.55652 0.33333 0.33333 0.00000
0.00000 0.00000 0.00000 0.00000 0.00000 0.00000 0.00000 0.00000 0.00000 0.33333 0.33333 0.56773 0.57059 0.33333 0.33333 0.00000 0.00000 0.00000 0.00000 0.00000 0.00000 0.00000 0.00000 0.00000 0.00000
