# name=rect_scattered field=200x200 stride=8
25 25
0.00000 0.00000 0.16667 0.16667 0.16667 0.47852 0.45070 0.16667 0.44793 0.16667 0.16667 0.12124 0.00000 0.16667 0.16667 0.16667 0.13630 0.16667 0.16667 0.16667 0.00000 0.00000 0.00000 0.00000 0.00000
0.00000 0.00000 0.27212 0.26458 0.16667 0.47657 0.49564 0.26271 0.83959 0.90780 0.16667 0.12297 0.00000 0.41473 0.49964 0.44280 0.13265 0.15184 0.16667 0.16667 0.00000 0.16667 0.00000 0.00000 0.00000
0.00000 0.23896 0.57735 0.57735 0.72196 0.62928 0.63832 0.82127 0.81948 0.88590 0.43922 0.12538 0.10098 0.40986 0.49991 0.44275 0.37558 0.15033 0.16667 0.23331 0.23228 0.24685 0.00000 0.16667 0.16667
0.27731 0.25938 0.24047 0.72352 0.74702 0.68500 0.63265 0.83384 0.91093 0.45421 0.43253 0.47610 0.10339 0.41141 0.46537 0.44649 0.37739 0.36144 0.23217 0.22559 0.23204 0.56316 0.46126 0.47982 0.16667
0.00000 0.26072 0.37231 0.73089 0.74616 0.49663 0.53147 0.82639 0.82553 0.43281 0.45199 0.62845 0.10972 0.13209 0.47974 0.45348 0.38862 0.38972 0.36502 0.38534 0.22402 0.57484 0.45580 0.47911 0.16667
0.10108 0.11166 0.37148 0.39757 0.25947 0.29103 0.34808 0.35189 0.79617 0.81757 0.48847 0.23920 0.11146 0.12663 0.14722 0.45607 0.38285 0.43590 0.14384 0.15012 0.49068 0.41076 0.44920 0.47545 0.16667
0.11106 0.11528 0.32573 0.50681 0.54087 0.49240 0.48860 0.33333 0.33333 0.37821 0.18795 0.11461 0.12031 0.00000 0.00000 0.12875 0.33333 0.13106 0.16667 0.16667 0.14861 0.37912 0.42154 0.46989 0.16667
0.13305 0.12902 0.19618 0.30250 0.46782 0.65924 0.46767 0.52290 0.38678 0.60039 0.62094 0.20752 0.17041 0.20929 0.12489 0.11308 0.46105 0.20880 0.22450 0.15120 0.14217 0.28571 0.28195 0.52967 0.23226
0.16667 0.55693 0.54859 0.50614 0.72675 0.68141 0.77474 0.72168 0.57218 0.57781 0.49563 0.21896 0.20243 0.52531 0.22540 0.12905 0.31520 0.11521 0.21819 0.13634 0.21411 0.25787 0.23033 0.00000 0.00000
0.16667 0.39532 0.42146 0.44414 0.71968 0.68491 0.21792 0.75984 0.73738 0.55961 0.55194 0.22776 0.51950 0.49836 0.40442 0.58223 0.20560 0.19229 0.19974 0.21519 0.22771 0.20493 0.14306 0.00000 0.00000
0.14307 0.40354 0.58169 0.66275 0.73354 0.74204 0.38463 0.76256 0.51568 0.77140 0.74901 0.31533 0.60326 0.33333 0.37234 0.53818 0.21180 0.19203 0.19289 0.21180 0.36685 0.44773 0.00000 0.00000 0.00000
0.12955 0.55042 0.56288 0.63939 0.62537 0.76827 0.44189 0.69395 0.81289 0.86305 0.68768 0.33897 0.15004 0.52338 0.33333 0.47097 0.21471 0.13051 0.32228 0.50155 0.35724 0.25518 0.46580 0.00000 0.00000
0.16667 0.22742 0.39835 0.51729 0.46829 0.62631 0.66400 0.66123 0.80432 0.87055 0.55370 0.51418 0.63429 0.77171 0.72700 0.33333 0.43662 0.73464 0.70949 0.48546 0.25246 0.45265 0.45119 0.43071 0.00000
0.16667 0.19305 0.19811 0.52580 0.45175 0.69744 0.44088 0.50359 0.82034 0.87026 0.56610 0.60954 0.69749 0.81514 0.84166 0.60554 0.45248 0.61248 0.62124 0.31452 0.42476 0.46951 0.46768 0.46373 0.00000
0.00000 0.20548 0.18571 0.58771 0.72251 0.73921 0.75259 0.51098 0.82992 0.57950 0.74300 0.68166 0.76043 0.78810 0.77835 0.73267 0.58191 0.70368 0.68521 0.21502 0.27355 0.16667 0.14980 0.14723 0.00000
0.00000 0.00000 0.36006 0.74116 0.75625 0.75720 0.80864 0.82226 0.63758 0.57915 0.67402 0.23133 0.40947 0.40694 0.71599 0.83286 0.81913 0.76240 0.74456 0.54137 0.54580 0.19614 0.12666 0.13018 0.00000
0.24279 0.35630 0.31028 0.81307 0.86408 0.87615 0.82130 0.80490 0.80110 0.40115 0.17746 0.39803 0.54135 0.40954 0.79319 0.76582 0.77765 0.71357 0.71843 0.71199 0.69247 0.17436 0.19426 0.12235 0.00000
0.16667 0.31777 0.28396 0.15410 0.67865 0.60568 0.59257 0.81473 0.71756 0.46396 0.13500 0.21324 0.36870 0.36287 0.77321 0.77008 0.79992 0.74944 0.67718 0.77615 0.78965 0.44616 0.16397 0.00000 0.00000
0.00000 0.14842 0.39682 0.59391 0.59684 0.55438 0.54075 0.57775 0.22833 0.24309 0.24882 0.38217 0.33331 0.35581 0.36680 0.76347 0.70483 0.82870 0.70501 0.70443 0.74106 0.36998 0.19680 0.15872 0.00000
0.00000 0.38033 0.40071 0.54389 0.54838 0.52310 0.71402 0.69421 0.23952 0.25566 0.60245 0.69592 0.57173 0.61713 0.62710 0.62728 0.63645 0.78745 0.71554 0.71378 0.70720 0.39249 0.19131 0.07128 0.00000
0.00000 0.26944 0.52827 0.52293 0.52695 0.52022 0.32940 0.20665 0.44117 0.44939 0.57531 0.72499 0.65605 0.60412 0.61970 0.60798 0.60832 0.80288 0.72797 0.77245 0.62332 0.68156 0.17854 0.11020 0.00000
0.00000 0.22371 0.22618 0.49068 0.51226 0.33559 0.00000 0.51216 0.46210 0.49613 0.58933 0.68073 0.72249 0.69517 0.71063 0.66108 0.54650 0.68407 0.65155 0.62021 0.60692 0.61541 0.13107 0.14128 0.00000
0.00000 0.22724 0.22986 0.23244 0.23430 0.14657 0.23238 0.30352 0.24899 0.31954 0.29656 0.50599 0.51709 0.65213 0.63805 0.60430 0.37814 0.17496 0.40209 0.45425 0.34284 0.12217 0.13443 0.16667 0.00000
0.00000 0.00000 0.23422 0.00000 0.00000 0.00000 0.11027 0.12092 0.00000 0.10629 0.10768 0.40404 0.44476 0.66143 0.65171 0.61973 0.13909 0.17394 0.00000 0.19930 0.12671 0.12157 0.13544 0.00000 0.00000
0.00000 0.00000 0.00000 0.00000 0.00000 0.00000 0.00000 0.00000 0.00000 0.09304 0.10284 0.39433 0.25823 0.16667 0.49694 0.49264 0.13117 0.00000 0.00000 0.00000 0.00000 0.00000 0.00000 0.00000 0.00000
