# name=grid_rotated_30 field=200x200 stride=8
25 25
0.34302 0.38467 0.80305 0.87160 0.88526 0.89634 0.77554 0.81784 0.88909 0.89847 0.77259 0.90966 0.83890 0.81956 0.84382 0.78024 0.91345 0.91871 0.84316 0.87113 0.91380 0.94478 0.90007 0.92591 0.93268
0.42953 0.65290 0.79342 0.85842 0.91881 0.92429 0.89856 0.92207 0.87594 0.90626 0.88221 0.91775 0.85794 0.84856 0.86566 0.88748 0.86929 0.88721 0.89443 0.94309 0.92116 0.94401 0.93037 0.93785 0.94514
0.46447 0.75384 0.86459 0.90517 0.92714 0.92245 0.94089 0.93931 0.90728 0.91534 0.88865 0.92422 0.92410 0.89831 0.88847 0.91988 0.90849 0.90696 0.91206 0.94243 0.92728 0.92809 0.94341 0.94342 0.94384
0.57562 0.84931 0.89810 0.92163 0.94273 0.93126 0.92395 0.91050 0.91720 0.93413 0.92268 0.93358 0.93487 0.90550 0.91432 0.92195 0.91044 0.92246 0.94089 0.94174 0.93323 0.94270 0.94294 0.94298 0.94309
0.89780 0.90844 0.93204 0.94308 0.93173 0.93144 0.94021 0.93818 0.93535 0.92440 0.91857 0.92109 0.93540 0.92675 0.93766 0.92293 0.93970 0.93022 0.93986 0.94136 0.94202 0.94184 0.94188 0.94202 0.94176
0.90863 0.91542 0.92888 0.94265 0.94206 0.94095 0.93976 0.93773 0.92520 0.93460 0.91393 0.93626 0.93769 0.93841 0.92908 0.91100 0.93896 0.92860 0.93961 0.94067 0.94104 0.94104 0.94112 0.92903 0.94095
0.86661 0.94409 0.94258 0.94169 0.94102 0.94038 0.93928 0.93732 0.93595 0.92153 0.92905 0.93795 0.92430 0.93971 0.92645 0.93915 0.92872 0.93875 0.93069 0.93974 0.93975 0.93980 0.93518 0.93955 0.93959
0.89845 0.92897 0.93028 0.94037 0.93959 0.93913 0.92982 0.92710 0.93650 0.93605 0.93803 0.93988 0.94063 0.94140 0.92085 0.93949 0.93834 0.93784 0.93851 0.93795 0.93832 0.93810 0.93360 0.93790 0.93821
0.91900 0.88955 0.91030 0.92361 0.91452 0.92948 0.92661 0.93745 0.92508 0.92784 0.92985 0.94078 0.94190 0.94240 0.94145 0.94014 0.92558 0.92631 0.93736 0.93732 0.93656 0.93567 0.93527 0.93546 0.93611
0.91357 0.90230 0.94003 0.92640 0.93901 0.93865 0.92855 0.92575 0.93870 0.93883 0.93972 0.94096 0.94233 0.94254 0.92950 0.93149 0.93901 0.92896 0.93750 0.92612 0.93595 0.92854 0.93395 0.92383 0.92021
0.88131 0.89914 0.93957 0.92443 0.92896 0.92563 0.93895 0.92879 0.94002 0.93075 0.94096 0.94125 0.93081 0.94259 0.94210 0.94097 0.92526 0.92859 0.93844 0.92307 0.93586 0.93435 0.92683 0.93292 0.91514
0.93948 0.93912 0.93898 0.93868 0.93795 0.92620 0.92866 0.92622 0.94071 0.93202 0.94130 0.94203 0.94207 0.93351 0.94221 0.94122 0.94011 0.94012 0.93920 0.93802 0.93663 0.93523 0.93376 0.92783 0.92375
0.82869 0.85904 0.90335 0.90959 0.92565 0.93801 0.93908 0.94041 0.94136 0.94175 0.94168 0.91938 0.93231 0.93029 0.94238 0.92892 0.94194 0.92912 0.94011 0.92886 0.93751 0.93576 0.93517 0.92765 0.92219
0.85831 0.86679 0.91722 0.93600 0.93600 0.93721 0.92744 0.93962 0.92930 0.94205 0.92941 0.94241 0.94233 0.94250 0.92157 0.94289 0.94232 0.94216 0.94091 0.93942 0.93811 0.93726 0.93665 0.93109 0.91312
0.90777 0.91892 0.91559 0.93445 0.92156 0.93557 0.93709 0.93871 0.94088 0.94202 0.94229 0.94266 0.92958 0.94270 0.93298 0.94310 0.93380 0.94203 0.94047 0.93980 0.93847 0.93395 0.93839 0.93835 0.90704
0.76738 0.88013 0.91130 0.92239 0.91794 0.91442 0.92748 0.93829 0.94027 0.94195 0.94251 0.94234 0.92964 0.93108 0.94230 0.94258 0.93411 0.94149 0.94042 0.93943 0.92943 0.93958 0.93952 0.93992 0.91611
0.89556 0.90407 0.91394 0.93367 0.93379 0.93449 0.92280 0.93725 0.92104 0.94105 0.93344 0.93063 0.94152 0.94146 0.94131 0.94142 0.94121 0.94044 0.93927 0.93938 0.93906 0.93565 0.93075 0.94080 0.93074
0.88517 0.87324 0.90556 0.91649 0.93556 0.92637 0.93699 0.93810 0.92814 0.92863 0.94138 0.94107 0.94062 0.92667 0.93982 0.92562 0.93192 0.92913 0.93912 0.93898 0.93962 0.94018 0.94084 0.94106 0.94157
0.84566 0.93912 0.93791 0.90840 0.93785 0.92925 0.93812 0.92240 0.93884 0.93961 0.92990 0.94005 0.93965 0.93863 0.93693 0.93824 0.93836 0.93876 0.93906 0.93178 0.93953 0.93969 0.94038 0.93011 0.92369
0.88803 0.94102 0.94004 0.92898 0.93939 0.93916 0.93914 0.93109 0.93801 0.93873 0.93919 0.93934 0.93903 0.92201 0.93703 0.92046 0.92669 0.93817 0.93859 0.93916 0.93910 0.93968 0.93997 0.94063 0.94151
0.92164 0.92669 0.93123 0.94062 0.93999 0.93959 0.93937 0.93874 0.93822 0.93845 0.93860 0.93872 0.93843 0.93780 0.93639 0.93565 0.93567 0.93723 0.93804 0.93852 0.93902 0.93920 0.93950 0.94019 0.94116
0.93223 0.92297 0.93511 0.94105 0.94030 0.94002 0.93976 0.93910 0.93863 0.93510 0.93469 0.93147 0.93250 0.93740 0.93603 0.93465 0.93026 0.93581 0.93754 0.93848 0.93890 0.93916 0.94004 0.93617 0.94178
0.90548 0.92249 0.92783 0.93322 0.93711 0.94056 0.94025 0.93979 0.92823 0.92269 0.93513 0.93100 0.92798 0.93712 0.93533 0.92733 0.93368 0.93534 0.92318 0.93125 0.93917 0.93937 0.94043 0.94114 0.94211
0.88777 0.90641 0.91597 0.92662 0.93366 0.94125 0.94107 0.93519 0.92109 0.93123 0.93991 0.93961 0.92698 0.92484 0.92374 0.92070 0.92183 0.93521 0.93709 0.93870 0.93311 0.94029 0.94096 0.94161 0.94276
0.86205 0.93558 0.90117 0.91571 0.93367 0.94278 0.94244 0.94207 0.94164 0.93029 0.91545 0.93983 0.91748 0.92588 0.92538 0.90045 0.91523 0.93549 0.93770 0.93953 0.93066 0.94105 0.94185 0.94253 0.94365
