# name=grid_mixed_sizes field=200x200 stride=8
25 25
0.00000 0.00000 0.00000 0.00000 0.00000 0.00000 0.00000 0.00000 0.47842 0.26430 0.28969 0.54750 0.58087 0.33333 0.55613 0.53080 0.00000 0.00000 0.00000 0.37157 0.93541 0.55974 0.59942 0.62600 0.66667
0.00000 0.00000 0.00000 0.00000 0.00000 0.00000 0.51255 0.57149 0.84948 0.79543 0.88565 0.79392 0.95998 0.94961 0.89809 0.83338 0.35866 0.00000 0.39997 0.83106 0.95143 0.98001 1.00000 0.77910 0.81650
0.00000 0.00000 0.47335 0.00000 0.43629 0.30330 0.50185 0.77590 0.85070 0.89617 0.92803 0.96725 0.98412 1.00000 0.95509 0.91657 0.80170 0.71338 0.68141 0.86327 0.94629 0.98064 1.00000 1.00000 0.81650
0.00000 0.52625 0.93732 0.89073 0.83002 0.72211 0.74295 0.79779 0.86179 0.93793 0.96318 0.97906 0.97515 1.00000 0.97059 0.93452 0.84794 0.89823 0.81633 0.92506 0.94266 0.97178 0.99241 1.00000 0.81650
0.33333 1.00000 0.95283 0.91617 0.83934 0.83913 0.90377 0.90374 0.85795 0.93954 0.94944 0.95365 1.00000 0.98844 0.97728 0.93834 0.91825 0.95980 0.90089 0.96586 0.97665 0.96582 0.98675 0.99128 0.81650
0.58429 0.92715 0.97580 0.95571 0.87800 0.86175 0.85469 0.91273 0.92780 0.96104 0.89071 0.95033 1.00000 0.98903 0.95708 0.95032 0.89165 0.95031 0.93430 0.96802 0.98986 0.96315 0.97983 0.98785 0.81650
0.73480 0.95216 1.00000 0.98124 0.97497 0.91190 0.87766 0.95609 0.91753 0.93720 0.96847 1.00000 0.97368 0.93445 0.95241 0.89830 0.92851 0.92304 0.91193 0.93211 0.95202 0.94870 0.96836 0.77820 0.81650
0.33333 1.00000 1.00000 1.00000 1.00000 0.92560 0.87796 0.88160 0.91960 0.92754 0.95606 0.96242 0.89864 0.95558 0.92306 0.90303 0.90595 0.87091 0.89419 0.88329 0.92697 0.93429 0.94439 0.78045 0.81650
0.43716 1.00000 1.00000 0.98283 0.95708 0.92887 0.88261 0.83780 0.85384 0.83919 0.92992 0.93847 0.91029 0.92211 0.92576 0.93819 0.95004 0.93123 0.92659 0.91894 0.89908 0.93162 0.95832 1.00000 0.81650
0.46792 0.91969 0.95518 0.93460 0.87825 0.92844 0.78836 0.78161 0.78325 0.84640 0.80653 0.85239 0.90410 0.93740 0.91132 0.90804 0.94189 0.97174 0.90845 0.93628 0.88103 0.92583 0.96709 1.00000 0.81650
0.00000 0.85347 0.84251 0.83893 0.82419 0.85752 0.78479 0.64613 0.84647 0.87184 0.50147 0.85028 0.84413 0.87321 0.82103 0.86195 0.96362 0.96108 0.98692 0.91940 0.83040 0.91736 0.93874 1.00000 0.81650
0.00000 0.47527 0.76675 0.73549 0.72384 0.76351 0.79867 0.51557 0.69348 0.72572 0.63668 0.73763 0.82244 0.81222 0.82931 0.75643 0.84232 0.93971 0.84996 0.74538 0.85370 0.89938 0.95782 0.97298 0.66667
0.00000 0.00000 0.27600 0.46091 0.55446 0.74128 0.93352 0.94795 0.91191 0.83776 0.85084 0.75794 0.75345 0.73300 0.72862 0.82511 0.68702 0.84666 0.78304 0.79708 0.82543 0.85594 0.89819 0.94107 0.90476
0.00000 0.00000 0.00000 0.45148 0.77156 0.83711 0.89770 0.94138 0.90688 0.83177 0.82831 0.82899 0.89446 0.75388 0.74915 0.51960 0.85423 0.80984 0.93145 0.92198 0.95303 0.97426 0.97935 0.97886 0.84497
0.00000 0.00000 0.00000 0.20254 0.76744 0.76191 0.89221 0.88046 0.76614 0.80922 0.78725 0.77076 0.91716 0.85444 0.84321 0.82714 0.93395 0.89599 0.92273 0.93475 0.96779 0.98328 1.00000 1.00000 1.00000
0.00000 0.00000 0.24564 0.23442 0.38501 0.41117 0.25314 0.41209 0.28744 0.77296 0.74548 0.88259 0.93854 0.92357 0.93233 0.89783 0.95642 0.93000 0.96024 0.95502 0.98193 0.98426 1.00000 1.00000 1.00000
0.00000 0.00000 0.00000 0.25258 0.23934 0.80118 0.43770 0.70911 0.67224 0.91031 1.00000 0.95973 0.90748 0.94790 0.97433 0.94088 0.96469 0.95022 0.95246 0.97869 0.98868 0.99487 1.00000 1.00000 0.93301
0.00000 0.00000 0.00000 0.24187 0.77923 0.85939 0.82556 0.70780 0.82614 0.83597 0.93903 0.92721 0.93594 0.95094 1.00000 0.97215 0.97223 0.97792 0.94751 0.96183 0.98439 0.97807 1.00000 0.97676 1.00000
0.00000 0.00000 0.34510 0.00000 0.86811 0.85231 0.65380 0.87308 0.79478 0.88802 0.90917 0.98705 0.97604 0.99020 0.97848 0.96786 0.98427 0.96513 0.96234 0.96309 0.98417 0.99281 1.00000 1.00000 0.91390
0.44858 0.55151 0.58373 0.94122 0.91251 0.79429 0.88254 0.85023 0.83215 0.96380 0.96481 0.97126 0.98410 0.99259 1.00000 0.94476 0.97899 0.95439 0.97621 0.95145 0.98901 0.99481 1.00000 0.96233 0.92225
0.54545 0.71428 0.72098 0.73022 0.96465 0.96719 0.90750 0.90233 0.89915 0.96195 0.97396 0.97626 0.98032 1.00000 0.98796 0.99326 0.95566 0.97366 0.98471 0.98891 0.99391 1.00000 1.00000 0.97824 1.00000
0.60720 0.76788 0.77139 0.77617 0.98291 0.98415 0.94266 0.91431 0.94885 0.98104 0.98247 0.98692 1.00000 1.00000 1.00000 1.00000 0.96743 0.98425 0.98565 0.99004 1.00000 1.00000 1.00000 1.00000 1.00000
0.66667 0.79468 0.79634 0.79857 0.80322 0.79863 0.96073 0.94848 0.91202 1.00000 0.98567 1.00000 1.00000 1.00000 1.00000 1.00000 0.98065 1.00000 1.00000 1.00000 1.00000 1.00000 1.00000 1.00000 0.96410
0.66667 0.81650 0.81650 0.81650 0.81650 0.81650 0.81650 0.78709 0.95585 0.98251 1.00000 1.00000 1.00000 0.97699 1.00000 0.94977 0.98229 0.96754 1.00000 1.00000 1.00000 1.00000 1.00000 0.95698 0.56854
0.66667 0.81650 0.81650 0.81650 0.81650 0.81650 0.81650 0.81650 0.91890 0.88207 1.00000 1.00000 0.92455 1.00000 0.89437 0.75542 0.92319 1.00000 0.94095 1.00000 1.00000 1.00000 0.96410 0.56854 0.00000
