# name=grid_uniform field=200x200 stride=8
25 25
0.00000 0.00000 0.50295 0.00000 0.87825 0.87575 0.87825 0.87575 0.87825 0.87575 0.87825 0.87575 0.87825 0.87575 0.87825 0.87575 0.87825 0.87575 0.87825 0.96028 0.72302 0.53881 0.74699 0.62600 0.66667
0.00000 0.52211 1.00000 0.93222 1.00000 0.98200 1.00000 0.98200 1.00000 0.98200 1.00000 0.98200 1.00000 0.98200 1.00000 0.98200 1.00000 0.98200 1.00000 1.00000 1.00000 0.97255 1.00000 0.77956 0.81650
0.50295 1.00000 0.95276 1.00000 0.97174 1.00000 0.97174 1.00000 0.97174 1.00000 0.97174 1.00000 0.97174 1.00000 0.97174 1.00000 0.97174 1.00000 1.00000 1.00000 0.98488 1.00000 1.00000 1.00000 0.81650
0.00000 0.93222 1.00000 1.00000 1.00000 1.00000 1.00000 1.00000 1.00000 1.00000 1.00000 1.00000 1.00000 1.00000 1.00000 1.00000 1.00000 1.00000 1.00000 1.00000 1.00000 1.00000 1.00000 1.00000 0.81650
0.87825 1.00000 0.97174 1.00000 0.98851 1.00000 0.98851 1.00000 0.98851 1.00000 0.98851 1.00000 0.98851 1.00000 0.98851 1.00000 0.98851 1.00000 1.00000 1.00000 0.98815 1.00000 1.00000 1.00000 1.00000
0.87575 0.98200 1.00000 1.00000 1.00000 1.00000 1.00000 1.00000 1.00000 1.00000 1.00000 1.00000 1.00000 1.00000 1.00000 1.00000 1.00000 1.00000 1.00000 1.00000 1.00000 1.00000 1.00000 1.00000 1.00000
0.87825 1.00000 0.97174 1.00000 0.98851 1.00000 0.98851 1.00000 0.98851 1.00000 0.98851 1.00000 0.98851 1.00000 0.98851 1.00000 0.98851 1.00000 1.00000 1.00000 0.98815 1.00000 1.00000 1.00000 1.00000
0.87575 0.98200 1.00000 1.00000 1.00000 1.00000 1.00000 1.00000 1.00000 1.00000 1.00000 1.00000 1.00000 1.00000 1.00000 1.00000 1.00000 1.00000 1.00000 1.00000 1.00000 1.00000 1.00000 1.00000 1.00000
0.87825 1.00000 0.97174 1.00000 0.98851 1.00000 0.98851 1.00000 0.98851 1.00000 0.98851 1.00000 0.98851 1.00000 0.98851 1.00000 0.98851 1.00000 1.00000 1.00000 0.98815 1.00000 1.00000 1.00000 1.00000
0.87575 0.98200 1.00000 1.00000 1.00000 1.00000 1.00000 1.00000 1.00000 1.00000 1.00000 1.00000 1.00000 1.00000 1.00000 1.00000 1.00000 1.00000 1.00000 1.00000 1.00000 1.00000 1.00000 1.00000 1.00000
0.87825 1.00000 0.97174 1.00000 0.98851 1.00000 0.98851 1.00000 0.98851 1.00000 0.98851 1.00000 0.98851 1.00000 0.98851 1.00000 0.98851 1.00000 1.00000 1.00000 0.98815 1.00000 1.00000 1.00000 1.00000
0.87575 0.98200 1.00000 1.00000 1.00000 1.00000 1.00000 1.00000 1.00000 1.00000 1.00000 1.00000 1.00000 1.00000 1.00000 1.00000 1.00000 1.00000 1.00000 1.00000 1.00000 1.00000 1.00000 1.00000 1.00000
0.87825 1.00000 0.97174 1.00000 0.98851 1.00000 0.98851 1.00000 0.98851 1.00000 0.98851 1.00000 0.98851 1.00000 0.98851 1.00000 0.98851 1.00000 1.00000 1.00000 0.98815 1.00000 1.00000 1.00000 1.00000
0.87575 0.98200 1.00000 1.00000 1.00000 1.00000 1.00000 1.00000 1.00000 1.00000 1.00000 1.00000 1.00000 1.00000 1.00000 1.00000 1.00000 1.00000 1.00000 1.00000 1.00000 1.00000 1.00000 1.00000 1.00000
0.87825 1.00000 0.97174 1.00000 0.98851 1.00000 0.98851 1.00000 0.98851 1.00000 0.98851 1.00000 0.98851 1.00000 0.98851 1.00000 0.98851 1.00000 1.00000 1.00000 0.98815 1.00000 1.00000 1.00000 1.00000
0.87575 0.98200 1.00000 1.00000 1.00000 1.00000 1.00000 1.00000 1.00000 1.00000 1.00000 1.00000 1.00000 1.00000 1.00000 1.00000 1.00000 1.00000 1.00000 1.00000 1.00000 1.00000 1.00000 1.00000 1.00000
0.87825 1.00000 0.97174 1.00000 0.98851 1.00000 0.98851 1.00000 0.98851 1.00000 0.98851 1.00000 0.98851 1.00000 0.98851 1.00000 0.98851 1.00000 1.00000 1.00000 0.98815 1.00000 1.00000 1.00000 1.00000
0.87575 0.98200 1.00000 1.00000 1.00000 1.00000 1.00000 1.00000 1.00000 1.00000 1.00000 1.00000 1.00000 1.00000 1.00000 1.00000 1.00000 1.00000 1.00000 1.00000 1.00000 1.00000 1.00000 1.00000 1.00000
0.87825 1.00000 1.00000 1.00000 1.00000 1.00000 1.00000 1.00000 1.00000 1.00000 1.00000 1.00000 1.00000 1.00000 1.00000 1.00000 1.00000 1.00000 1.00000 1.00000 1.00000 1.00000 1.00000 1.00000 1.00000
0.96028 1.00000 1.00000 1.00000 1.00000 1.00000 1.00000 1.00000 1.00000 1.00000 1.00000 1.00000 1.00000 1.00000 1.00000 1.00000 1.00000 1.00000 1.00000 1.00000 1.00000 1.00000 1.00000 1.00000 1.00000
0.72302 1.00000 0.98488 1.00000 0.98815 1.00000 0.98815 1.00000 0.98815 1.00000 0.98815 1.00000 0.98815 1.00000 0.98815 1.00000 0.98815 1.00000 1.00000 1.00000 1.00000 1.00000 1.00000 1.00000 0.81650
0.53881 0.97255 1.00000 1.00000 1.00000 1.00000 1.00000 1.00000 1.00000 1.00000 1.00000 1.00000 1.00000 1.00000 1.00000 1.00000 1.00000 1.00000 1.00000 1.00000 1.00000 1.00000 1.00000 1.00000 0.81650
0.74699 1.00000 1.00000 1.00000 1.00000 1.00000 1.00000 1.00000 1.00000 1.00000 1.00000 1.00000 1.00000 1.00000 1.00000 1.00000 1.00000 1.00000 1.00000 1.00000 1.00000 1.00000 1.00000 1.00000 0.81650
0.62600 0.77956 1.00000 1.00000 1.00000 1.00000 1.00000 1.00000 1.00000 1.00000 1.00000 1.00000 1.00000 1.00000 1.00000 1.00000 1.00000 1.00000 1.00000 1.00000 1.00000 1.00000 1.00000 1.00000 0.66667
0.66667 0.81650 0.81650 0.81650 1.00000 1.00000 1.00000 1.00000 1.00000 1.00000 1.00000 1.00000 1.00000 1.00000 1.00000 1.00000 1.00000 1.00000 1.00000 1.00000 0.81650 0.81650 0.81650 0.66667 0.66667
