# name=hexagonal field=200x200 stride=8
25 25
0.30468 0.94424 0.91114 0.89553 0.89402 0.93339 0.96763 0.91907 0.92804 0.88915 0.96418 0.92813 0.89553 0.89402 0.89216 0.89667 0.88745 0.89783 0.58868 0.95237 0.97901 0.96048 0.98138 1.00000 1.00000
0.97377 0.95368 0.98760 0.97036 0.95742 0.98502 0.96200 0.97485 0.93529 0.97492 0.96819 0.98933 0.95608 0.95742 0.95846 0.95444 0.96768 0.91187 0.98413 0.95792 0.98437 0.99148 0.98430 0.99002 1.00000
0.93603 0.94714 0.97714 0.97900 0.96223 0.98136 0.96731 0.98173 0.98295 0.98180 0.98130 0.97937 0.96192 0.96223 0.96227 0.96133 0.97695 0.94336 0.98847 0.98876 0.98810 0.98967 0.98883 0.98808 1.00000
0.56497 0.98840 0.97518 0.97535 0.98133 0.98023 0.97963 0.97133 0.98200 0.94935 0.97986 0.97806 0.95694 0.95742 0.95760 0.97638 0.96390 0.97713 0.93606 0.98825 0.98581 0.98896 0.98665 0.98691 0.99379
0.93832 0.99054 0.97944 0.98271 0.98401 0.98278 0.97153 0.98446 0.98483 0.98488 0.98311 0.98094 0.96726 0.96733 0.96716 0.96696 0.98084 0.98095 0.99060 0.99010 0.98992 0.99046 0.99073 0.98915 1.00000
0.92692 0.92598 0.96705 0.96600 0.95742 0.97652 0.96277 0.98079 0.94935 0.98088 0.96209 0.99217 0.95760 0.95742 0.95694 0.95747 0.97688 0.93605 0.98844 0.98495 0.98842 0.98645 0.97981 0.96858 0.97458
0.94265 0.95067 0.97944 0.98212 0.98404 0.98285 0.97098 0.98393 0.98483 0.98436 0.98268 0.98100 0.96669 0.96681 0.96669 0.96632 0.98019 0.98095 0.99029 0.98960 0.98956 0.99049 0.99040 0.98915 1.00000
0.49120 0.98840 0.97518 0.97536 0.98133 0.98023 0.97962 0.96569 0.98200 0.94935 0.97986 0.97805 0.95694 0.95742 0.95760 0.97638 0.95705 0.97713 0.93605 0.98825 0.98581 0.98896 0.98665 0.98691 0.99379
0.94268 0.95095 0.98011 0.98208 0.96733 0.98342 0.97135 0.98762 0.98533 0.98644 0.98326 0.98163 0.96716 0.96733 0.96726 0.96675 0.98074 0.98157 0.99030 0.98993 0.98952 0.99080 0.99039 0.98952 1.00000
0.93085 0.92896 0.96875 0.96690 0.95742 0.97652 0.96277 0.98079 0.94935 0.98088 0.96824 0.99217 0.95760 0.95742 0.95694 0.95747 0.97688 0.93606 0.98844 0.99176 0.98842 0.98645 0.98041 0.96968 0.97635
0.88435 0.99024 0.97882 0.98274 0.98354 0.98226 0.97118 0.98449 0.98437 0.95968 0.98260 0.98036 0.96682 0.96685 0.96663 0.96656 0.98088 0.98038 0.96079 0.98981 0.98995 0.99017 0.99074 0.98881 1.00000
0.49080 0.98842 0.97524 0.97530 0.98137 0.98028 0.97968 0.97137 0.98205 0.94949 0.97991 0.97811 0.95693 0.95742 0.95761 0.97644 0.96395 0.97718 0.93620 0.98828 0.98578 0.98899 0.98662 0.98694 0.99380
0.94578 0.93521 0.98056 0.98125 0.96699 0.98389 0.97091 0.98362 0.98505 0.98630 0.96998 0.98214 1.00000 1.00000 1.00000 1.00000 0.97987 0.95037 0.98988 0.98966 0.98904 0.99106 1.00000 0.98978 1.00000
0.93321 0.94916 0.96980 0.95258 0.94323 0.97687 0.95536 0.98054 0.95169 0.98063 0.95381 0.99205 0.96623 0.96008 0.97788 0.96283 0.97651 0.92040 0.98826 0.97613 0.98825 0.99296 0.98143 0.97072 1.00000
0.88335 0.99012 0.97859 0.98321 0.98333 0.98201 0.96524 0.94952 0.98424 0.96260 0.98244 0.98010 1.00000 1.00000 1.00000 1.00000 0.93699 0.98018 0.96391 0.98972 0.99026 0.99004 0.99100 1.00000 1.00000
0.74356 0.97037 0.95915 0.97530 0.96680 0.96610 0.97969 0.95836 0.98205 0.95694 0.97992 0.96269 0.97131 0.96530 0.96141 1.00000 0.94810 0.97719 0.94668 0.98828 0.97897 0.98899 0.98889 1.00000 0.98225
0.95044 0.93952 0.97319 0.98100 0.96695 0.98411 0.96995 0.98337 0.98525 0.98506 0.94387 0.97533 0.96664 0.96695 0.96703 0.96608 0.97964 0.95444 0.98976 0.96414 0.98938 0.99118 0.98999 0.98989 1.00000
0.93465 0.94778 0.97455 0.95150 0.94155 0.96085 0.95366 0.98192 0.97155 0.98198 0.95218 0.97671 0.94145 0.94155 0.94141 0.94729 0.96188 0.94465 0.97394 0.97386 0.97602 0.98701 0.98185 0.98510 1.00000
0.87932 0.98997 0.97826 0.97673 0.98303 0.98163 0.96524 0.94979 0.98395 0.96349 0.98213 0.97968 0.96060 0.96754 0.96717 0.95980 0.93745 0.97986 0.96454 0.98955 0.99076 0.99024 0.99146 0.98851 1.00000
0.78930 0.98941 0.97724 0.97687 0.98273 0.98119 0.98095 0.97243 0.98303 0.97129 1.00000 0.97861 0.95991 0.96044 0.96069 0.97809 0.96582 0.97869 0.96462 0.98899 0.99174 0.98954 0.98766 0.98814 0.99416
0.96159 0.95163 0.99347 0.96417 0.97138 0.98729 0.95428 0.98504 0.98739 0.98512 0.95316 0.99387 0.94975 0.97138 0.97303 0.94903 0.98218 0.96368 0.99100 0.97152 0.99100 0.99243 0.99113 1.00000 1.00000
0.96726 0.95802 0.99409 0.96887 0.96319 0.99320 0.96866 0.98615 0.98294 0.98623 0.96679 0.99439 0.96205 0.96319 0.98060 0.96546 0.98376 0.96173 0.99177 0.98345 0.99420 1.00000 0.99492 0.99561 1.00000
0.91943 1.00000 1.00000 0.98352 1.00000 0.97885 1.00000 0.97933 1.00000 0.97546 1.00000 0.98352 0.98311 0.98472 0.97437 1.00000 0.97578 1.00000 0.97747 1.00000 0.98053 1.00000 0.99306 1.00000 1.00000
0.94565 1.00000 1.00000 0.98279 1.00000 1.00000 1.00000 0.99360 1.00000 0.98936 1.00000 1.00000 0.98234 0.98403 0.99061 1.00000 0.99247 1.00000 0.99359 1.00000 0.99341 1.00000 0.99306 1.00000 1.00000
0.96297 0.95240 0.99310 0.96508 0.96622 1.00000 0.96688 0.98493 1.00000 0.98533 0.96392 0.99356 0.96422 0.96812 0.96815 0.96215 0.98122 0.98194 0.99053 0.98260 0.99054 1.00000 1.00000 1.00000 1.00000
