# name=organic_walks field=200x200 stride=8
25 25
0.00000 0.00000 0.62515 0.62535 0.62554 0.93549 0.82210 0.54498 0.31057 0.28951 0.27105 0.00000 0.00000 0.00000 0.00000 0.00000 0.00000 0.00000 0.00000 0.00000 0.00000 0.64390 0.64390 0.64390 0.64390
0.31201 0.46855 0.78792 0.53907 0.62553 0.83870 0.80161 0.78470 0.60984 0.56705 0.25606 0.22105 0.00000 0.00000 0.00000 0.00000 0.00000 0.00000 0.00000 0.00000 0.49183 0.58219 0.64390 0.64390 0.64390
0.31211 0.69526 0.76172 0.82874 0.80287 0.82735 0.78336 0.78565 0.59043 0.53734 0.45557 0.19781 0.00000 0.00000 0.00000 0.00000 0.00000 0.00000 0.00000 0.00000 0.65461 0.58380 0.64390 0.64390 0.64390
0.31221 0.67103 0.73411 0.78881 0.75848 0.81265 0.75971 0.77233 0.56850 0.70986 0.63210 0.41930 0.00000 0.00000 0.00000 0.00000 0.00000 0.00000 0.00000 0.00000 0.62000 0.89262 0.95890 0.95790 0.95681
0.00000 0.24809 0.29867 0.29546 0.47698 0.51934 0.50113 0.67644 0.75891 0.75520 0.66523 0.28649 0.38748 0.31757 0.26536 0.08550 0.00000 0.00000 0.00000 0.12869 0.72889 0.85429 0.95363 0.95228 0.95089
0.00000 0.54056 0.58781 0.60891 0.49139 0.38010 0.71069 0.74052 0.78835 0.78713 0.73508 0.26840 0.44519 0.51565 0.09212 0.08659 0.00000 0.00000 0.00000 0.00000 0.78056 0.87225 0.91988 0.93830 0.93823
0.00000 0.32157 0.60885 0.63273 0.40469 0.65959 0.73625 0.50955 0.81722 0.79977 0.66753 0.65673 0.25404 0.29916 0.44670 0.11850 0.16406 0.00000 0.00000 0.14312 0.79050 0.87740 0.92748 0.92852 0.92948
0.33926 0.32267 0.33925 0.35380 0.23344 0.61863 0.72109 0.51887 0.80753 0.62875 0.65638 0.64128 0.13984 0.18639 0.21286 0.32676 0.26897 0.15744 0.12521 0.26999 0.81082 0.88490 0.89289 0.91578 0.91708
0.00000 0.00000 0.00000 0.00000 0.48016 0.77604 0.79782 0.82204 0.78356 0.78653 0.81411 0.73680 0.42188 0.42914 0.50868 0.40675 0.51493 0.52701 0.40147 0.47736 0.82455 0.87874 0.89169 0.90027 0.91164
0.00000 0.00000 0.00000 0.00000 0.44733 0.84716 0.83464 0.93414 0.71067 0.72290 0.80302 0.75782 0.41355 0.50171 0.55055 0.65856 0.73925 0.82939 0.49058 0.65391 0.82411 0.84171 0.87833 0.89076 0.87615
0.00000 0.00000 0.00000 0.00000 0.79885 0.80646 0.89307 0.91796 0.67137 0.79629 0.76562 0.51467 0.68994 0.64875 0.71328 0.77543 0.81263 0.80615 0.80107 0.71140 0.80129 0.85135 0.87211 0.88744 0.89666
0.00000 0.00000 0.00000 0.00000 0.70587 0.75957 0.81469 0.82026 0.60521 0.53444 0.59923 0.56609 0.81481 0.83759 0.83857 0.85115 0.82915 0.80514 0.85307 0.83415 0.88993 0.86783 0.89321 0.89392 0.90271
0.00000 0.00000 0.00000 0.00000 0.32014 0.22532 0.64828 0.51789 0.89457 0.89618 0.89829 0.86151 0.84235 0.81258 0.83213 0.89433 0.81042 0.81901 0.84065 0.84550 0.90219 0.90213 0.90587 0.89520 0.92036
0.00000 0.00000 0.00000 0.00000 0.45558 0.58444 0.73502 0.71268 0.88059 0.87924 0.86590 0.76777 0.71065 0.76053 0.79592 0.84717 0.79645 0.84119 0.77976 0.84349 0.86419 0.93515 0.92484 0.93107 0.92594
0.00000 0.00000 0.00000 0.00000 0.73990 0.67923 0.78685 0.79071 0.88609 0.83372 0.83745 0.62517 0.68152 0.67982 0.70982 0.69475 0.71824 0.72796 0.73135 0.64693 0.85758 0.90266 0.93876 0.93728 0.93517
0.00000 0.00000 0.00000 0.00000 0.83286 0.82696 0.78479 0.79733 0.86702 0.65672 0.79248 0.71834 0.36406 0.37693 0.61348 0.60288 0.47604 0.73186 0.73481 0.80374 0.85184 0.90319 0.93974 0.93864 0.93707
0.00000 0.00000 0.24030 0.25007 0.79238 0.78504 0.77530 0.76133 0.82340 0.54611 0.46433 0.48385 0.10220 0.10632 0.18970 0.00000 0.57857 0.36334 0.59563 0.65040 0.77405 0.88764 0.94028 0.92843 0.93890
0.00000 0.00000 0.30037 0.46889 0.69737 0.73139 0.73270 0.76251 0.86108 0.75019 0.78335 0.52450 0.55707 0.09928 0.11320 0.57449 0.62886 0.30330 0.57398 0.69752 0.80035 0.88135 0.88535 0.94038 0.94029
0.00000 0.00000 0.24855 0.43031 0.52073 0.62597 0.67510 0.63806 0.76722 0.67830 0.73365 0.40014 0.60010 0.53869 0.29625 0.32221 0.37765 0.56219 0.65493 0.73065 0.74261 0.86228 0.90752 0.93978 0.93968
0.00000 0.00000 0.00000 0.42155 0.54232 0.54843 0.70851 0.80930 0.66634 0.79153 0.80126 0.77639 0.75239 0.66613 0.69938 0.70726 0.65953 0.76129 0.72489 0.77016 0.83813 0.87939 0.91360 0.92847 0.93917
0.00000 0.00000 0.00000 0.00000 0.00000 0.34628 0.33902 0.64485 0.85776 0.90310 0.92476 0.90094 0.00000 0.00000 0.00000 0.00000 0.78569 0.71624 0.67453 0.69086 0.00000 0.00000 0.00000 0.00000 0.00000
0.00000 0.00000 0.00000 0.00000 0.00000 0.33026 0.45821 0.80491 0.90767 0.92627 0.93253 0.91838 0.00000 0.00000 0.00000 0.00000 0.87212 0.77802 0.73226 0.66558 0.00000 0.00000 0.00000 0.00000 0.00000
0.00000 0.00000 0.00000 0.00000 0.23693 0.44836 0.54005 0.87744 0.94804 0.94569 0.94375 0.92922 0.00000 0.00000 0.00000 0.00000 0.86030 0.84616 0.81607 0.76476 0.00000 0.00000 0.00000 0.00000 0.00000
0.00000 0.00000 0.00000 0.00000 0.31460 0.50713 0.63542 0.95132 0.94868 0.94622 0.94401 0.94253 0.00000 0.00000 0.00000 0.00000 0.89185 0.89237 0.85673 0.63997 0.00000 0.00000 0.00000 0.00000 0.00000
0.00000 0.00000 0.00000 0.00000 0.00000 0.63542 0.63542 0.63542 0.94965 0.94718 0.94463 0.62717 0.00000 0.00000 0.00000 0.00000 0.92972 0.93236 0.93466 0.55376 0.00000 0.00000 0.00000 0.00000 0.00000
