# name=grid_variable_rows field=200x200 stride=8
25 25
0.00000 0.00000 0.00000 0.00000 0.00000 0.00000 0.00000 0.00000 0.00000 0.00000 0.00000 0.00000 0.00000 0.00000 0.00000 0.00000 0.00000 0.00000 0.20753 0.25221 0.58298 0.65539 0.73033 0.76618 0.66667
0.00000 0.57379 0.54183 0.49010 0.47419 0.47496 0.45652 0.46756 0.42971 0.46080 0.88706 0.43990 0.87295 0.42974 0.41897 0.42071 0.42402 0.88171 0.58888 0.87860 0.91484 0.95926 0.90601 0.94650 0.66667
0.00000 0.54183 1.00000 1.00000 0.93207 0.94010 0.94195 1.00000 0.91200 1.00000 0.90096 0.97389 0.95882 0.96807 0.96032 0.96066 0.96480 0.96412 0.97630 1.00000 0.98330 0.96704 1.00000 0.98226 0.79020
0.00000 0.49010 1.00000 1.00000 1.00000 1.00000 1.00000 1.00000 0.97503 1.00000 1.00000 0.97962 1.00000 1.00000 1.00000 1.00000 1.00000 1.00000 0.98152 1.00000 1.00000 1.00000 1.00000 1.00000 0.79593
0.00000 0.47419 0.93207 1.00000 1.00000 1.00000 1.00000 1.00000 0.97632 1.00000 1.00000 0.98116 1.00000 0.97690 1.00000 1.00000 1.00000 0.99010 0.98292 1.00000 0.98827 1.00000 1.00000 1.00000 0.79747
0.00000 0.47496 0.94010 1.00000 1.00000 1.00000 1.00000 1.00000 0.97630 1.00000 1.00000 0.98109 1.00000 0.97682 1.00000 1.00000 1.00000 0.98982 0.98242 1.00000 0.98827 1.00000 1.00000 1.00000 0.79740
0.00000 0.46486 0.95737 1.00000 0.96903 0.96891 1.00000 0.97002 1.00000 0.97101 1.00000 0.95452 1.00000 1.00000 1.00000 1.00000 1.00000 1.00000 1.00000 1.00000 1.00000 1.00000 1.00000 1.00000 0.79834
0.00000 0.47940 1.00000 1.00000 1.00000 1.00000 1.00000 1.00000 0.97552 1.00000 0.97119 0.98067 0.96933 0.97630 0.97046 0.97072 0.97385 0.98978 0.98247 1.00000 0.98838 1.00000 1.00000 0.98678 0.79698
0.00000 0.00000 0.96069 0.96918 0.97148 0.97137 1.00000 0.97240 1.00000 0.97332 1.00000 0.97426 1.00000 0.97725 1.00000 1.00000 1.00000 1.00000 0.98058 1.00000 1.00000 1.00000 1.00000 1.00000 0.81650
0.00000 0.46155 0.88697 1.00000 0.96934 1.00000 1.00000 0.97125 0.97744 0.97220 0.97248 0.98184 0.97050 0.97775 0.97236 0.97255 0.97545 0.99042 0.98329 1.00000 0.98853 1.00000 1.00000 0.98737 0.79864
0.00000 0.43014 0.96145 1.00000 1.00000 1.00000 1.00000 1.00000 0.98130 1.00000 1.00000 0.98460 1.00000 1.00000 1.00000 1.00000 1.00000 0.99203 0.98617 1.00000 1.00000 1.00000 1.00000 1.00000 0.80131
0.00000 0.40914 0.97619 0.98143 0.98284 0.98277 0.98431 0.98340 0.98603 0.98396 1.00000 0.97130 1.00000 0.98636 0.98713 0.98700 0.98677 1.00000 0.98817 1.00000 1.00000 1.00000 1.00000 1.00000 0.80203
0.00000 0.87120 1.00000 1.00000 1.00000 1.00000 1.00000 1.00000 1.00000 1.00000 1.00000 1.00000 1.00000 1.00000 1.00000 1.00000 1.00000 1.00000 1.00000 1.00000 1.00000 1.00000 1.00000 1.00000 1.00000
0.00000 0.41811 0.97931 1.00000 0.98511 0.98505 1.00000 0.98560 1.00000 0.98609 1.00000 0.97343 1.00000 0.98817 0.98884 0.98873 0.98853 1.00000 0.98974 1.00000 1.00000 0.99165 1.00000 1.00000 0.80226
0.00000 0.42568 0.94851 1.00000 1.00000 1.00000 1.00000 1.00000 0.98165 1.00000 1.00000 0.98534 1.00000 1.00000 1.00000 1.00000 1.00000 0.99232 0.98672 1.00000 0.99097 1.00000 1.00000 1.00000 0.80167
0.00000 0.44934 0.89339 1.00000 0.97102 1.00000 1.00000 0.97278 0.97884 0.97368 1.00000 0.98297 1.00000 0.97912 1.00000 1.00000 1.00000 0.99102 0.98434 1.00000 0.98928 1.00000 1.00000 1.00000 0.79972
0.00000 0.45945 0.94737 1.00000 1.00000 1.00000 1.00000 1.00000 1.00000 1.00000 1.00000 0.98251 1.00000 1.00000 1.00000 1.00000 1.00000 1.00000 1.00000 1.00000 1.00000 1.00000 1.00000 1.00000 0.79883
0.00000 0.47147 1.00000 1.00000 1.00000 1.00000 1.00000 1.00000 0.97649 1.00000 0.97229 0.98142 1.00000 0.97721 1.00000 1.00000 0.97485 0.99018 0.98315 1.00000 0.98883 1.00000 1.00000 1.00000 0.79773
0.00000 0.59576 0.96667 0.97320 0.97503 0.97494 1.00000 0.97576 1.00000 0.97650 1.00000 0.96190 1.00000 0.97972 1.00000 1.00000 1.00000 1.00000 0.98251 1.00000 1.00000 1.00000 1.00000 1.00000 0.81650
0.39043 0.69971 1.00000 1.00000 1.00000 1.00000 1.00000 1.00000 0.97921 1.00000 0.97461 0.98389 0.97437 0.98023 0.97532 0.97553 0.97817 0.99135 0.98540 1.00000 0.98962 1.00000 1.00000 0.98895 0.80021
0.52307 0.75506 0.96507 1.00000 1.00000 1.00000 1.00000 1.00000 0.98389 1.00000 1.00000 0.98675 1.00000 1.00000 1.00000 1.00000 1.00000 1.00000 0.98810 1.00000 1.00000 1.00000 1.00000 1.00000 0.80340
0.58321 0.72826 1.00000 1.00000 1.00000 1.00000 1.00000 1.00000 1.00000 1.00000 1.00000 1.00000 1.00000 1.00000 1.00000 1.00000 1.00000 1.00000 1.00000 1.00000 1.00000 1.00000 1.00000 1.00000 1.00000
0.62151 0.76938 0.77565 1.00000 1.00000 1.00000 1.00000 1.00000 1.00000 1.00000 1.00000 1.00000 1.00000 1.00000 1.00000 1.00000 1.00000 1.00000 1.00000 1.00000 1.00000 1.00000 1.00000 1.00000 1.00000
0.66667 0.66667 0.81650 0.81650 0.81650 0.81650 0.81650 0.81650 0.81650 0.81650 0.81650 0.81650 0.81650 0.81650 0.81650 0.81650 0.81650 0.81650 0.81650 0.81650 0.81650 0.81650 0.81650 0.81650 0.66667
0.66667 0.66667 0.81650 0.81650 0.81650 0.81650 0.81650 0.81650 0.81650 0.81650 0.81650 0.81650 0.81650 0.81650 0.81650 0.81650 0.81650 0.81650 0.81650 0.81650 0.81650 0.81650 0.81650 0.81650 0.66667
