# name=grid_rotated_30 field=200x200 stride=8
25 25
0.28215 0.31615 0.65916 0.71460 0.72248 0.72342 0.61405 0.65495 0.71997 0.72244 0.45327 0.44762 0.64916 0.65481 0.75588 0.71377 0.74111 0.70715 0.71084 0.71606 0.75317 0.77910 0.72224 0.74964 0.76218
0.30675 0.42793 0.65153 0.70409 0.75064 0.73945 0.73057 0.74693 0.70446 0.72214 0.68413 0.71051 0.64662 0.64800 0.75366 0.72466 0.73397 0.72494 0.74338 0.77235 0.75496 0.77602 0.76523 0.74583 0.74599
0.31610 0.62074 0.70887 0.74227 0.75824 0.73668 0.76355 0.75724 0.72401 0.72436 0.68099 0.72045 0.72114 0.69928 0.75149 0.75836 0.76251 0.74061 0.75100 0.76971 0.75759 0.75520 0.77365 0.77369 0.77537
0.47643 0.69996 0.73743 0.75563 0.77091 0.75913 0.74554 0.73236 0.72858 0.73651 0.71567 0.72068 0.73946 0.72016 0.75206 0.75692 0.75066 0.75138 0.76356 0.76695 0.76133 0.76450 0.77177 0.77193 0.77237
0.74081 0.74952 0.73739 0.77232 0.76030 0.75779 0.76084 0.75270 0.74140 0.72718 0.72132 0.72738 0.74159 0.73565 0.75063 0.75686 0.75881 0.73662 0.75944 0.76544 0.76807 0.76735 0.76752 0.76809 0.76703
0.75531 0.75463 0.75599 0.77062 0.76823 0.76378 0.75904 0.75091 0.73065 0.73838 0.72134 0.74503 0.75076 0.75362 0.74512 0.73349 0.75585 0.73971 0.75843 0.75421 0.76414 0.75869 0.75892 0.74485 0.74621
0.71428 0.77635 0.77032 0.76677 0.76408 0.75170 0.74758 0.74928 0.74382 0.73016 0.73606 0.75182 0.74498 0.75884 0.74822 0.75660 0.73687 0.75500 0.73304 0.75896 0.75901 0.75920 0.74793 0.75822 0.73720
0.68229 0.74390 0.74999 0.76149 0.75834 0.75652 0.73043 0.73775 0.74599 0.74421 0.75210 0.75953 0.76253 0.76560 0.73978 0.75797 0.73026 0.75136 0.74170 0.75181 0.75327 0.75239 0.73756 0.75159 0.74370
0.70981 0.72498 0.73790 0.74663 0.73184 0.73662 0.73564 0.74981 0.73590 0.73040 0.74569 0.76312 0.75871 0.76962 0.76580 0.76055 0.74359 0.73875 0.74946 0.74928 0.73816 0.74270 0.74107 0.74184 0.74442
0.74232 0.73221 0.76013 0.74794 0.75604 0.75459 0.73623 0.73167 0.74440 0.75530 0.74842 0.76386 0.76933 0.77014 0.75561 0.74089 0.75602 0.73398 0.75002 0.73988 0.74380 0.73384 0.73580 0.72777 0.72436
0.71348 0.72712 0.75828 0.74514 0.75544 0.73229 0.75580 0.74209 0.76007 0.73906 0.76383 0.76501 0.75786 0.76011 0.76842 0.76388 0.74488 0.74248 0.75376 0.73841 0.73122 0.73742 0.72393 0.71016 0.70250
0.75794 0.75649 0.75592 0.75471 0.75178 0.74436 0.74586 0.73719 0.76282 0.75314 0.76521 0.76811 0.76828 0.74736 0.75420 0.76490 0.76044 0.76048 0.75678 0.75209 0.74651 0.73343 0.72635 0.72570 0.71960
0.66533 0.66254 0.70867 0.72724 0.73854 0.75203 0.75631 0.76165 0.76544 0.76701 0.75653 0.74424 0.74962 0.75027 0.76952 0.75710 0.76777 0.75483 0.76046 0.74246 0.75005 0.74306 0.74068 0.72722 0.73382
0.65829 0.66169 0.72951 0.74399 0.74401 0.74885 0.73992 0.75847 0.75417 0.76819 0.75913 0.76962 0.76933 0.76999 0.74946 0.76143 0.76927 0.76863 0.76365 0.75769 0.75243 0.74127 0.73592 0.72538 0.74782
0.44421 0.71389 0.72332 0.72444 0.72734 0.74227 0.74838 0.75485 0.76353 0.76808 0.76914 0.77063 0.74642 0.77080 0.75766 0.77239 0.75938 0.76813 0.73977 0.75919 0.75389 0.74588 0.74570 0.73703 0.75135
0.44709 0.67890 0.69985 0.71524 0.72059 0.71844 0.73195 0.75317 0.75054 0.76781 0.77004 0.76938 0.75789 0.75844 0.76920 0.77030 0.74987 0.76597 0.76169 0.75773 0.74659 0.75413 0.74916 0.74252 0.73556
0.71008 0.71311 0.71868 0.73468 0.72465 0.73798 0.73011 0.74901 0.74179 0.76421 0.74820 0.75702 0.76606 0.76583 0.76524 0.76566 0.76485 0.75204 0.74741 0.75751 0.75625 0.75621 0.74758 0.74825 0.75762
0.70752 0.69647 0.71932 0.72712 0.74225 0.73426 0.74796 0.75240 0.74563 0.75280 0.76551 0.76429 0.76246 0.74769 0.75928 0.74669 0.74463 0.74776 0.75649 0.75592 0.75848 0.75276 0.75006 0.74012 0.76628
0.68221 0.75647 0.75163 0.72766 0.75140 0.73944 0.75246 0.74089 0.75534 0.74876 0.74524 0.73779 0.75861 0.75451 0.74773 0.75297 0.75344 0.75503 0.74438 0.74532 0.75814 0.75876 0.76151 0.75073 0.75134
0.53071 0.76407 0.76016 0.74161 0.75757 0.75663 0.74774 0.74387 0.73746 0.75491 0.75678 0.75738 0.75612 0.73812 0.74811 0.73244 0.73907 0.75266 0.75435 0.75665 0.74905 0.75872 0.75989 0.76252 0.76602
0.73633 0.74340 0.74869 0.75447 0.75997 0.75837 0.74939 0.75497 0.75290 0.75379 0.74571 0.75488 0.75370 0.75121 0.74558 0.73008 0.74268 0.74081 0.75217 0.75406 0.75607 0.75681 0.75800 0.76076 0.76463
0.73991 0.75473 0.75624 0.76418 0.75417 0.76007 0.75905 0.75640 0.74664 0.75304 0.75348 0.74973 0.74807 0.74960 0.73694 0.73861 0.73161 0.74326 0.75015 0.75391 0.75560 0.75664 0.76016 0.75539 0.76710
0.73508 0.73882 0.74530 0.75272 0.75778 0.75543 0.76101 0.75917 0.74473 0.74482 0.74286 0.75079 0.74492 0.74849 0.73323 0.72580 0.73472 0.74135 0.73347 0.74237 0.75134 0.75747 0.76174 0.76454 0.76845
0.69818 0.71208 0.72607 0.74296 0.74115 0.76501 0.75658 0.74979 0.73726 0.74664 0.74414 0.74438 0.73498 0.73815 0.73144 0.71392 0.72446 0.74082 0.74836 0.75480 0.74799 0.76115 0.76383 0.76646 0.76364
0.51842 0.53566 0.69263 0.73340 0.75245 0.77112 0.76975 0.74521 0.72485 0.72073 0.71587 0.73551 0.71962 0.72092 0.72500 0.69927 0.71900 0.74198 0.75081 0.75810 0.74613 0.76420 0.76739 0.77014 0.77459
