# name=grid_sheared field=200x200 stride=8
25 25
0.75781 0.75250 0.83944 0.83831 0.88811 0.87692 0.91051 0.87692 0.91051 0.87692 0.91051 0.87692 0.91051 0.87692 0.91051 0.87692 0.91051 0.87692 0.91051 0.91057 0.91053 0.91051 0.91049 0.91044 0.74334
0.81251 0.80061 0.87813 0.82677 0.89488 0.86395 0.89282 0.86395 0.89282 0.86395 0.89282 0.86395 0.89282 0.86395 0.89282 0.86395 0.89282 0.86395 0.89282 0.89113 0.89599 0.91019 0.89677 0.91010 0.72281
0.80560 0.87728 0.88920 0.89973 0.88997 0.90983 0.88928 0.90983 0.88928 0.90983 0.88928 0.90983 0.88928 0.90983 0.88928 0.90983 0.88928 0.90983 0.88928 0.90982 0.89322 0.90979 0.89472 0.90971 0.72044
0.88446 0.85612 0.88273 0.89172 0.89472 0.89657 0.89361 0.89657 0.89361 0.89657 0.89361 0.89657 0.89361 0.89657 0.89361 0.89657 0.89361 0.89657 0.89413 0.90943 0.89697 0.90946 0.90943 0.90940 0.90935
0.80779 0.90364 0.90618 0.91115 0.89172 0.90924 0.89087 0.90924 0.89087 0.90924 0.89087 0.90924 0.89087 0.90924 0.89087 0.90924 0.89087 0.90924 0.89168 0.90922 0.89526 0.90923 0.90919 0.90920 0.90909
0.73920 0.89093 0.89177 0.91089 0.90993 0.89595 0.89235 0.89595 0.90993 0.89595 0.89235 0.89595 0.90993 0.89595 0.89235 0.89595 0.90993 0.89595 0.89312 0.89766 0.90972 0.90067 0.90909 0.90068 0.91070
0.80258 0.83283 0.88343 0.88081 0.91085 0.87656 0.91107 0.87658 0.91085 0.87656 0.91107 0.87658 0.91085 0.87656 0.91107 0.87658 0.91085 0.87656 0.91096 0.88064 0.91042 0.88791 0.91101 0.89925 0.91239
0.70696 0.83949 0.86794 0.87401 0.90047 0.89865 0.90101 0.89865 0.90047 0.89865 0.90101 0.89865 0.90047 0.89865 0.90101 0.89865 0.90047 0.89865 0.91241 0.89983 0.91150 0.90237 0.91244 0.91352 0.91510
0.69314 0.83329 0.87816 0.87708 0.90075 0.89998 0.91336 0.89998 0.91295 0.89998 0.91336 0.89998 0.91295 0.89998 0.91336 0.89998 0.91295 0.89998 0.91336 0.90067 0.91225 0.91292 0.91373 0.91518 0.91707
0.77269 0.85449 0.88514 0.87149 0.90164 0.89970 0.90149 0.89970 0.90084 0.89970 0.90149 0.89970 0.90084 0.89970 0.90149 0.89970 0.90084 0.89970 0.90149 0.90027 0.90223 0.91321 0.90585 0.91570 0.91231
0.80112 0.86140 0.87586 0.90257 0.88070 0.91227 0.88100 0.91227 0.88011 0.91227 0.88100 0.91227 0.88011 0.91227 0.88100 0.91227 0.88011 0.91227 0.88100 0.91201 0.88488 0.91232 0.90168 0.91457 0.90923
0.88343 0.85487 0.88419 0.89375 0.89692 0.89806 0.89623 0.89807 0.89588 0.89806 0.89623 0.89807 0.89588 0.89806 0.89623 0.89807 0.89588 0.89806 0.89663 0.91050 0.89853 0.89927 0.91174 0.91259 0.91432
0.81167 0.90372 0.89385 0.91165 0.91066 0.90977 0.89283 0.90977 0.90984 0.90977 0.89283 0.90977 0.90984 0.90977 0.89283 0.90977 0.90984 0.90977 0.89356 0.90969 0.90967 0.90953 0.89176 0.91097 0.91204
0.73920 0.89093 0.89177 0.91089 0.90993 0.89595 0.89235 0.89595 0.90993 0.89595 0.89235 0.89595 0.90993 0.89595 0.89235 0.89595 0.90993 0.89595 0.89312 0.89766 0.90972 0.90067 0.89952 0.88351 0.88084
0.80258 0.83283 0.88343 0.88081 0.91085 0.87656 0.91107 0.87658 0.91085 0.87656 0.91107 0.87658 0.91085 0.87656 0.91107 0.87658 0.91085 0.87656 0.91096 0.88064 0.91042 0.88791 0.91101 0.89925 0.90088
0.70696 0.83949 0.86794 0.87401 0.90047 0.89865 0.90101 0.89865 0.90047 0.89865 0.90101 0.89865 0.90047 0.89865 0.90101 0.89865 0.90047 0.89865 0.91241 0.89983 0.91150 0.90237 0.91244 0.91352 0.91510
0.69314 0.83329 0.87816 0.87708 0.90075 0.89998 0.91336 0.89998 0.91295 0.89998 0.91336 0.89998 0.91295 0.89998 0.91336 0.89998 0.91295 0.89998 0.91336 0.90067 0.91225 0.91292 0.91373 0.91518 0.91707
0.77269 0.85449 0.88514 0.87149 0.90164 0.89970 0.90149 0.89970 0.90084 0.89970 0.90149 0.89970 0.90084 0.89970 0.90149 0.89970 0.90084 0.89970 0.90149 0.90027 0.90223 0.91321 0.90585 0.91570 0.91231
0.80112 0.86140 0.87586 0.90257 0.88070 0.91227 0.88100 0.91227 0.88011 0.91227 0.88100 0.91227 0.88011 0.91227 0.88100 0.91227 0.88011 0.91227 0.88100 0.91201 0.88488 0.91232 0.90168 0.91457 0.90923
0.88343 0.87577 0.90099 0.89460 0.91175 0.89869 0.91095 0.89870 0.91075 0.89869 0.91095 0.89870 0.91075 0.89869 0.91095 0.89870 0.91075 0.89869 0.91089 0.91043 0.91043 0.89986 0.91163 0.91233 0.91404
0.87106 0.90444 0.89597 0.91127 0.91043 0.90967 0.89530 0.90967 0.90973 0.90967 0.89530 0.90967 0.90973 0.90967 0.89530 0.90967 0.90973 0.90967 0.89582 0.90960 0.90958 0.90946 0.89462 0.91067 0.91154
0.91315 0.91180 0.91078 0.90997 0.90909 0.90909 0.90909 0.90909 0.90909 0.90909 0.90909 0.90909 0.90909 0.90909 0.90909 0.90909 0.90909 0.90909 0.90909 0.90909 0.90909 0.90909 0.90173 0.89543 0.88630
0.88013 0.88877 0.90981 0.89527 0.90909 0.89619 0.90909 0.89619 0.90909 0.89619 0.90909 0.89619 0.90909 0.89619 0.90909 0.89619 0.90909 0.89619 0.90909 0.89810 0.90909 0.90097 0.90909 0.90909 0.89983
0.67347 0.90909 0.90909 0.90909 0.90909 0.90909 0.90909 0.90909 0.90909 0.90909 0.90909 0.90909 0.90909 0.90909 0.90909 0.90909 0.90909 0.90909 0.90909 0.90909 0.90909 0.90909 0.90909 0.90909 0.90909
0.00000 0.00000 0.00000 0.00000 0.90909 0.72352 0.90909 0.72352 0.90909 0.72352 0.90909 0.72352 0.90909 0.72352 0.90909 0.72352 0.90909 0.72352 0.90909 0.72598 0.90909 0.90909 0.90909 0.90909 0.90909
