# name=grid_streets_w2 field=200x200 stride=8
25 25
0.53751 0.51350 0.94260 1.00000 0.87097 0.97050 0.87016 0.86290 0.86611 0.92850 0.97208 0.90785 0.97917 0.90639 0.96677 0.92121 0.86854 0.96686 0.87097 1.00000 0.95298 0.92549 0.96523 0.74983 0.77398
0.51350 1.00000 1.00000 0.97984 1.00000 0.95320 1.00000 0.96760 0.96377 1.00000 0.96174 1.00000 0.96670 1.00000 0.97363 1.00000 1.00000 0.95262 1.00000 0.97935 1.00000 1.00000 0.96969 1.00000 0.77930
0.94260 1.00000 1.00000 0.98570 1.00000 0.98485 1.00000 1.00000 1.00000 1.00000 0.98923 1.00000 0.98916 1.00000 1.00000 1.00000 1.00000 0.98673 1.00000 0.98576 1.00000 1.00000 1.00000 1.00000 1.00000
1.00000 0.97984 0.98570 0.97395 1.00000 0.95685 1.00000 0.98783 0.98804 0.98949 0.98008 1.00000 0.97841 1.00000 0.98997 0.98916 0.98829 0.97553 1.00000 0.97400 1.00000 0.98985 1.00000 1.00000 1.00000
0.87097 1.00000 1.00000 1.00000 1.00000 1.00000 1.00000 1.00000 1.00000 1.00000 1.00000 1.00000 1.00000 1.00000 1.00000 1.00000 1.00000 1.00000 1.00000 1.00000 1.00000 1.00000 1.00000 1.00000 1.00000
0.97050 0.95320 0.98485 0.95685 1.00000 1.00000 1.00000 1.00000 1.00000 1.00000 0.98086 1.00000 0.97941 1.00000 0.98913 0.98831 0.98744 0.97664 1.00000 0.98654 1.00000 0.98921 1.00000 1.00000 1.00000
0.87016 1.00000 1.00000 1.00000 1.00000 1.00000 1.00000 1.00000 1.00000 1.00000 1.00000 1.00000 1.00000 1.00000 1.00000 1.00000 1.00000 1.00000 1.00000 1.00000 1.00000 1.00000 1.00000 1.00000 1.00000
0.86290 0.96760 1.00000 0.98783 1.00000 1.00000 1.00000 1.00000 1.00000 1.00000 1.00000 1.00000 0.99070 1.00000 1.00000 1.00000 1.00000 1.00000 1.00000 0.98869 1.00000 1.00000 1.00000 1.00000 1.00000
0.86611 0.96377 1.00000 0.98804 1.00000 1.00000 1.00000 1.00000 1.00000 1.00000 0.99090 1.00000 0.99086 1.00000 1.00000 1.00000 1.00000 0.98875 1.00000 0.98781 1.00000 1.00000 1.00000 1.00000 1.00000
0.92850 1.00000 1.00000 0.98949 1.00000 1.00000 1.00000 1.00000 1.00000 1.00000 0.99197 1.00000 0.99194 1.00000 1.00000 1.00000 1.00000 0.99005 1.00000 0.98918 1.00000 1.00000 1.00000 1.00000 1.00000
0.97208 0.96174 0.98923 0.98008 1.00000 0.98086 1.00000 1.00000 0.99090 0.99197 0.98447 1.00000 0.98349 1.00000 0.99219 0.99172 0.99110 0.98102 1.00000 0.97978 1.00000 0.99235 1.00000 1.00000 1.00000
0.90785 1.00000 1.00000 1.00000 1.00000 1.00000 1.00000 1.00000 1.00000 1.00000 1.00000 1.00000 1.00000 1.00000 1.00000 1.00000 1.00000 1.00000 1.00000 1.00000 1.00000 1.00000 1.00000 1.00000 1.00000
0.97917 0.96670 0.98916 0.97841 1.00000 0.97941 1.00000 0.99070 0.99086 0.99194 0.98349 1.00000 1.00000 1.00000 0.99229 0.99169 0.99106 0.99194 1.00000 1.00000 1.00000 0.99230 1.00000 1.00000 1.00000
0.90639 1.00000 1.00000 1.00000 1.00000 1.00000 1.00000 1.00000 1.00000 1.00000 1.00000 1.00000 1.00000 1.00000 1.00000 1.00000 1.00000 1.00000 1.00000 1.00000 1.00000 1.00000 1.00000 1.00000 1.00000
0.96677 0.97363 1.00000 0.98997 1.00000 0.98913 1.00000 1.00000 1.00000 1.00000 0.99219 1.00000 0.99229 1.00000 1.00000 1.00000 1.00000 1.00000 1.00000 0.99051 1.00000 1.00000 1.00000 1.00000 1.00000
0.92121 1.00000 1.00000 0.98916 1.00000 0.98831 1.00000 1.00000 1.00000 1.00000 0.99172 1.00000 0.99169 1.00000 1.00000 1.00000 1.00000 1.00000 1.00000 1.00000 1.00000 1.00000 1.00000 1.00000 1.00000
0.86854 1.00000 1.00000 0.98829 1.00000 0.98744 1.00000 1.00000 1.00000 1.00000 0.99110 1.00000 0.99106 1.00000 1.00000 1.00000 1.00000 0.98899 1.00000 0.98807 1.00000 1.00000 1.00000 1.00000 1.00000
0.96686 0.95262 0.98673 0.97553 1.00000 0.97664 1.00000 1.00000 0.98875 0.99005 0.98102 1.00000 0.99194 1.00000 1.00000 1.00000 0.98899 0.97694 1.00000 0.97545 1.00000 0.99055 1.00000 1.00000 1.00000
0.87097 1.00000 1.00000 1.00000 1.00000 1.00000 1.00000 1.00000 1.00000 1.00000 1.00000 1.00000 1.00000 1.00000 1.00000 1.00000 1.00000 1.00000 1.00000 1.00000 1.00000 1.00000 1.00000 1.00000 1.00000
1.00000 0.97935 0.98576 0.97400 1.00000 0.98654 1.00000 0.98869 0.98781 0.98918 0.97978 1.00000 1.00000 1.00000 0.99051 1.00000 0.98807 0.97545 1.00000 0.97404 1.00000 0.98983 1.00000 1.00000 1.00000
0.95298 1.00000 1.00000 1.00000 1.00000 1.00000 1.00000 1.00000 1.00000 1.00000 1.00000 1.00000 1.00000 1.00000 1.00000 1.00000 1.00000 1.00000 1.00000 1.00000 1.00000 1.00000 1.00000 1.00000 1.00000
0.92549 1.00000 1.00000 0.98985 1.00000 0.98921 1.00000 1.00000 1.00000 1.00000 0.99235 1.00000 0.99230 1.00000 1.00000 1.00000 1.00000 0.99055 1.00000 0.98983 1.00000 1.00000 1.00000 1.00000 1.00000
0.96523 0.96969 1.00000 1.00000 1.00000 1.00000 1.00000 1.00000 1.00000 1.00000 1.00000 1.00000 1.00000 1.00000 1.00000 1.00000 1.00000 1.00000 1.00000 1.00000 1.00000 1.00000 1.00000 1.00000 1.00000
0.74983 1.00000 1.00000 1.00000 1.00000 1.00000 1.00000 1.00000 1.00000 1.00000 1.00000 1.00000 1.00000 1.00000 1.00000 1.00000 1.00000 1.00000 1.00000 1.00000 1.00000 1.00000 1.00000 1.00000 1.00000
0.77398 0.77930 1.00000 1.00000 1.00000 1.00000 1.00000 1.00000 1.00000 1.00000 1.00000 1.00000 1.00000 1.00000 1.00000 1.00000 1.00000 1.00000 1.00000 1.00000 1.00000 1.00000 1.00000 1.00000 1.00000
