# name=grid_rotated_30 field=200x200 stride=8
25 25
0.22648 0.25367 0.77079 0.83086 0.83314 0.83281 0.70520 0.78512 0.87374 0.88205 0.71072 0.83403 0.80356 0.79984 0.81892 0.72636 0.81291 0.79554 0.78144 0.83174 0.87356 0.85757 0.68314 0.60966 0.60680
0.29485 0.54288 0.75677 0.81434 0.86960 0.85534 0.85899 0.89699 0.83896 0.88990 0.85038 0.88759 0.80420 0.79424 0.84403 0.79779 0.82967 0.83302 0.86922 0.91460 0.87959 0.87391 0.81520 0.71862 0.61842
0.36422 0.72455 0.83395 0.84858 0.88693 0.85368 0.91311 0.92226 0.88887 0.87511 0.85221 0.89932 0.89826 0.85887 0.86842 0.88312 0.88818 0.87139 0.88967 0.90054 0.89225 0.85415 0.85905 0.82021 0.73789
0.70562 0.81794 0.86622 0.89015 0.91420 0.90131 0.89011 0.88739 0.89996 0.91872 0.89503 0.90132 0.92159 0.88706 0.89500 0.88560 0.89146 0.89618 0.92195 0.92038 0.90521 0.91260 0.87972 0.83011 0.78809
0.85757 0.87391 0.86690 0.91707 0.90722 0.91014 0.92236 0.92118 0.92042 0.90584 0.90378 0.90515 0.92122 0.90686 0.92250 0.90433 0.92310 0.89537 0.90800 0.92323 0.92218 0.90108 0.90005 0.86440 0.83829
0.87356 0.87959 0.89225 0.90521 0.92218 0.92388 0.92292 0.90459 0.90704 0.92097 0.89855 0.92093 0.92192 0.92247 0.90815 0.90647 0.92279 0.90240 0.92456 0.91189 0.92388 0.91014 0.88951 0.83244 0.82641
0.83174 0.91460 0.90054 0.92038 0.92323 0.91189 0.91055 0.92267 0.92248 0.90819 0.88931 0.92141 0.90268 0.92299 0.90799 0.92262 0.90322 0.90307 0.89343 0.91055 0.92292 0.92236 0.88201 0.89900 0.84047
0.78144 0.86922 0.88967 0.92195 0.90800 0.92456 0.89343 0.90599 0.92261 0.92234 0.92209 0.92231 0.92291 0.92452 0.89100 0.90442 0.89247 0.92253 0.90599 0.92267 0.90459 0.91983 0.88459 0.91738 0.88398
0.79554 0.83302 0.87139 0.89618 0.89537 0.90240 0.90307 0.92253 0.90741 0.90100 0.90858 0.92377 0.91070 0.92610 0.92506 0.92485 0.90967 0.90741 0.92261 0.92248 0.90704 0.91851 0.89604 0.88256 0.83044
0.81291 0.82967 0.88818 0.89146 0.92310 0.92279 0.90322 0.89247 0.90967 0.92363 0.92489 0.92564 0.92643 0.92746 0.91006 0.89672 0.92363 0.90100 0.92234 0.90819 0.92097 0.90412 0.91478 0.86881 0.88172
0.72636 0.79779 0.88312 0.88560 0.90433 0.90647 0.92262 0.90442 0.92485 0.89672 0.92636 0.92708 0.91348 0.91424 0.92768 0.92636 0.92489 0.90858 0.92209 0.88931 0.89855 0.90378 0.89284 0.84775 0.84455
0.81892 0.84403 0.86842 0.89500 0.92250 0.90815 0.90799 0.89100 0.92506 0.91006 0.92768 0.91012 0.92854 0.89912 0.91012 0.92708 0.92564 0.92377 0.92231 0.92141 0.92093 0.90526 0.90149 0.89775 0.88516
0.79984 0.79424 0.85887 0.88706 0.90686 0.92247 0.92299 0.92452 0.92610 0.92746 0.91424 0.89912 0.90856 0.90856 0.92854 0.91348 0.92643 0.91070 0.92291 0.90268 0.92192 0.92131 0.92175 0.89477 0.79961
0.80356 0.80420 0.89826 0.92159 0.92122 0.92192 0.90268 0.92291 0.91070 0.92643 0.91348 0.92854 0.90856 0.90856 0.89912 0.91424 0.92746 0.92610 0.92452 0.92299 0.92247 0.90698 0.88357 0.85304 0.78698
0.80113 0.88759 0.89932 0.90132 0.90515 0.92093 0.92141 0.92231 0.92377 0.92564 0.92708 0.91012 0.89912 0.92854 0.91012 0.92768 0.91006 0.92506 0.89100 0.90799 0.90815 0.90728 0.89118 0.86234 0.83734
0.71452 0.85038 0.85221 0.89503 0.90378 0.89855 0.88931 0.92209 0.90858 0.92489 0.92636 0.92768 0.91424 0.91348 0.92708 0.92636 0.89672 0.92485 0.90442 0.92262 0.90647 0.90233 0.88179 0.87744 0.79089
0.88205 0.88990 0.87511 0.91872 0.90584 0.92097 0.90819 0.92234 0.90100 0.92363 0.89672 0.91006 0.92746 0.92643 0.92564 0.92489 0.92363 0.90967 0.89247 0.90322 0.92279 0.91419 0.88840 0.88393 0.82500
0.87374 0.83896 0.88887 0.89996 0.92042 0.90704 0.92248 0.92261 0.90741 0.90967 0.92485 0.92506 0.92610 0.91070 0.92377 0.90858 0.90100 0.90741 0.92253 0.90307 0.90240 0.89537 0.89375 0.86827 0.82977
0.79367 0.89699 0.92226 0.88739 0.92118 0.90459 0.92267 0.90599 0.92253 0.89247 0.90442 0.89100 0.92452 0.92291 0.92231 0.92209 0.92234 0.92261 0.90599 0.89343 0.92456 0.90800 0.91813 0.88416 0.86314
0.71976 0.85899 0.91311 0.89011 0.92236 0.92292 0.91055 0.89343 0.90307 0.90322 0.92262 0.90799 0.92299 0.90268 0.92141 0.88931 0.90819 0.92248 0.92267 0.91055 0.91189 0.92008 0.91387 0.88975 0.89903
0.83281 0.85534 0.85368 0.90131 0.91014 0.92388 0.91189 0.92456 0.90240 0.92279 0.90647 0.90815 0.92247 0.92192 0.92093 0.89855 0.92097 0.90704 0.90459 0.92292 0.92388 0.91738 0.89536 0.87607 0.85620
0.83273 0.86923 0.88666 0.91420 0.90722 0.91738 0.92008 0.90800 0.89537 0.91419 0.90233 0.90728 0.90698 0.92131 0.90526 0.90378 0.90412 0.91851 0.91983 0.92236 0.91014 0.90108 0.89246 0.83854 0.84964
0.83033 0.81396 0.84824 0.88414 0.89561 0.89536 0.91387 0.91813 0.89375 0.88840 0.88179 0.89118 0.88357 0.92175 0.90149 0.89284 0.91478 0.89604 0.88459 0.88201 0.88951 0.90005 0.87503 0.84954 0.80023
0.77060 0.75670 0.83381 0.85492 0.84956 0.87607 0.88975 0.88416 0.86827 0.88393 0.87744 0.86234 0.85304 0.89477 0.89775 0.84775 0.86881 0.88256 0.91738 0.89900 0.83244 0.86416 0.82980 0.82009 0.71210
0.25615 0.52728 0.71640 0.80118 0.84964 0.85620 0.89903 0.86314 0.82977 0.82500 0.79089 0.83734 0.78698 0.79961 0.88516 0.84455 0.88172 0.83044 0.88398 0.84047 0.82641 0.83798 0.78776 0.73784 0.52857
