# name=organic_walks field=200x200 stride=8
25 25
0.00000 0.00000 0.00000 0.00000 0.00000 0.00000 0.23011 0.04552 0.00000 0.11991 0.11150 0.00000 0.00000 0.00000 0.00000 0.00000 0.00000 0.00000 0.00000 0.00000 0.00000 0.00000 0.00000 0.00000 0.00000
0.00000 0.00000 0.00000 0.00000 0.00000 0.20501 0.21952 0.24117 0.24227 0.21543 0.11007 0.11525 0.03499 0.03858 0.00000 0.00000 0.00000 0.00000 0.00000 0.00000 0.00000 0.00000 0.00000 0.00000 0.00000
0.00000 0.00000 0.00000 0.00000 0.18740 0.20228 0.21260 0.38792 0.23034 0.20410 0.20249 0.12097 0.03578 0.03713 0.00000 0.00000 0.00000 0.00000 0.00000 0.03975 0.03517 0.00000 0.00000 0.00000 0.00000
0.00000 0.00000 0.00000 0.07694 0.08240 0.20414 0.21095 0.36520 0.22007 0.19455 0.24512 0.30192 0.28249 0.39783 0.11458 0.02242 0.06126 0.06500 0.00000 0.03546 0.03320 0.10474 0.04885 0.04835 0.04786
0.00000 0.00000 0.00000 0.07223 0.07985 0.20934 0.21658 0.57262 0.46068 0.53521 0.24203 0.10566 0.39258 0.34585 0.32073 0.05906 0.05371 0.06243 0.07257 0.03158 0.07465 0.09323 0.04679 0.04649 0.04630
0.00000 0.00000 0.00000 0.00000 0.17138 0.10194 0.21243 0.55159 0.47914 0.51281 0.56451 0.09048 0.49958 0.57991 0.22938 0.05831 0.05949 0.07075 0.03230 0.00000 0.21064 0.24206 0.19776 0.03818 0.03949
0.00000 0.00000 0.00000 0.00000 0.14990 0.18012 0.18219 0.00000 0.49397 0.49541 0.18025 0.48937 0.51900 0.52842 0.63206 0.26218 0.21083 0.03021 0.03483 0.00000 0.26018 0.16951 0.03607 0.03764 0.03919
0.00000 0.03066 0.03543 0.04010 0.04873 0.39516 0.38174 0.10734 0.30180 0.07083 0.18178 0.50379 0.32103 0.34106 0.34933 0.15315 0.13626 0.02616 0.03272 0.20289 0.33401 0.56502 0.22043 0.08598 0.08354
0.03665 0.03644 0.03796 0.10829 0.11399 0.24271 0.27662 0.31002 0.15007 0.17107 0.19834 0.20266 0.34775 0.36027 0.22766 0.09021 0.12096 0.09714 0.30427 0.55429 0.57923 0.22175 0.21662 0.20644 0.07498
0.03917 0.03702 0.03631 0.09651 0.10324 0.54206 0.25064 0.73479 0.21713 0.34062 0.38638 0.42465 0.17485 0.34357 0.54530 0.17793 0.46910 0.51920 0.28316 0.55389 0.17134 0.27249 0.20117 0.19735 0.20549
0.04270 0.03992 0.03752 0.45609 0.52447 0.60563 0.66863 0.66873 0.63702 0.66442 0.42053 0.20432 0.18462 0.42448 0.34963 0.16571 0.33883 0.22393 0.20298 0.02872 0.47012 0.57187 0.57704 0.57170 0.57436
0.00000 0.03578 0.03213 0.38601 0.45677 0.57564 0.26580 0.25474 0.61565 0.62330 0.24565 0.25717 0.25794 0.54153 0.27925 0.32854 0.36142 0.21733 0.27382 0.25013 0.53915 0.56659 0.59081 0.54411 0.09267
0.00000 0.00000 0.00000 0.30483 0.40911 0.24160 0.40861 0.23732 0.21543 0.48794 0.26110 0.23584 0.21960 0.14213 0.28702 0.28957 0.19544 0.49177 0.49180 0.49902 0.45019 0.46647 0.52271 0.20642 0.00000
0.00000 0.00000 0.00000 0.34136 0.60249 0.63591 0.57280 0.33643 0.51633 0.32109 0.48866 0.20030 0.18868 0.27926 0.49503 0.46311 0.49121 0.59479 0.51369 0.49999 0.32478 0.59424 0.45277 0.08294 0.00000
0.00000 0.00000 0.07587 0.22292 0.21422 0.33695 0.30604 0.26076 0.25719 0.29760 0.44342 0.18929 0.19506 0.31329 0.30657 0.15802 0.18765 0.54462 0.53819 0.31410 0.42691 0.45080 0.03213 0.02847 0.03445
0.00000 0.00000 0.02832 0.02735 0.31636 0.30562 0.30781 0.17979 0.44525 0.02944 0.42607 0.17266 0.21011 0.22822 0.15649 0.15800 0.16534 0.51647 0.56441 0.49599 0.49778 0.19921 0.03260 0.02919 0.03001
0.00000 0.00000 0.02192 0.02296 0.12629 0.15658 0.08318 0.20316 0.18714 0.06892 0.09212 0.08835 0.18505 0.19952 0.31594 0.07660 0.25173 0.15628 0.41532 0.07285 0.07399 0.42744 0.10525 0.10432 0.08555
0.00000 0.00000 0.05266 0.11735 0.13024 0.07670 0.08287 0.20541 0.19019 0.16078 0.12274 0.17959 0.15790 0.17826 0.03472 0.55996 0.50862 0.15230 0.31116 0.50661 0.60263 0.35856 0.10032 0.04266 0.04248
0.00000 0.00000 0.00000 0.03467 0.04769 0.16034 0.09053 0.10441 0.29000 0.13295 0.10858 0.03529 0.11886 0.02717 0.14666 0.14992 0.39857 0.31123 0.55904 0.50495 0.53270 0.35488 0.37179 0.04267 0.04291
0.00000 0.00000 0.00000 0.03686 0.05171 0.07344 0.29325 0.32063 0.18762 0.26125 0.20983 0.08732 0.07718 0.03849 0.34954 0.49662 0.54606 0.55561 0.33399 0.47899 0.58768 0.35318 0.37312 0.11103 0.04532
0.00000 0.00000 0.00000 0.00000 0.02348 0.07433 0.07912 0.06838 0.15273 0.16577 0.19211 0.08842 0.20444 0.20435 0.19415 0.31730 0.62554 0.54250 0.52518 0.48940 0.46897 0.19865 0.10635 0.00000 0.00000
0.00000 0.00000 0.00000 0.00000 0.02020 0.08008 0.07116 0.15386 0.16629 0.17780 0.19541 0.20687 0.19243 0.17769 0.60239 0.33446 0.34846 0.51689 0.52998 0.33839 0.48631 0.08955 0.00000 0.00000 0.00000
0.00000 0.00000 0.00000 0.00000 0.00000 0.00000 0.06212 0.17898 0.07865 0.07402 0.08698 0.21848 0.20459 0.17238 0.03689 0.36382 0.21165 0.33591 0.31841 0.09968 0.04360 0.09077 0.00000 0.00000 0.00000
0.00000 0.00000 0.00000 0.00000 0.00000 0.00000 0.00000 0.04728 0.08331 0.08130 0.09054 0.10415 0.10022 0.00000 0.00000 0.04968 0.21990 0.22284 0.33729 0.04447 0.04345 0.04380 0.00000 0.00000 0.00000
0.00000 0.00000 0.00000 0.00000 0.00000 0.00000 0.00000 0.00000 0.04429 0.04243 0.04361 0.00000 0.00000 0.00000 0.00000 0.04969 0.04925 0.04939 0.05009 0.00000 0.00000 0.00000 0.00000 0.00000 0.00000
