# name=rect_rotated_scattered field=200x200 stride=8
25 25
0.00000 0.00000 0.00000 0.00000 0.00000 0.00000 0.00000 0.00000 0.00000 0.00000 0.00000 0.00000 0.00000 0.00000 0.00000 0.00000 0.00000 0.00000 0.00000 0.00000 0.00000 0.00000 0.00000 0.00000 0.00000
0.00000 0.00000 0.00000 0.00000 0.00000 0.00000 0.03835 0.03587 0.00000 0.00000 0.00000 0.00000 0.00000 0.00000 0.00000 0.00000 0.00000 0.00000 0.00000 0.00000 0.00000 0.00000 0.00000 0.00000 0.00000
0.00000 0.00000 0.00000 0.00000 0.00000 0.00000 0.03757 0.03626 0.04294 0.00000 0.00000 0.00000 0.00000 0.00000 0.00000 0.00000 0.00000 0.00000 0.00000 0.00000 0.00000 0.00000 0.00000 0.00000 0.00000
0.00000 0.00000 0.00000 0.00000 0.00000 0.04321 0.03689 0.03241 0.03863 0.00000 0.00000 0.00000 0.00000 0.00000 0.00000 0.00000 0.00000 0.00000 0.00000 0.00000 0.00000 0.00000 0.00000 0.00000 0.00000
0.00000 0.00000 0.00000 0.00000 0.00000 0.04332 0.02895 0.02832 0.03402 0.00000 0.00000 0.00000 0.00000 0.00000 0.00000 0.00000 0.00000 0.02474 0.00000 0.00000 0.00000 0.00000 0.00000 0.00000 0.00000
0.00000 0.00000 0.00000 0.00000 0.01832 0.04641 0.02204 0.02161 0.00000 0.02293 0.04740 0.00000 0.00000 0.00000 0.00000 0.00000 0.00000 0.00000 0.00000 0.06604 0.04646 0.02579 0.03047 0.00000 0.00000
0.00000 0.00000 0.00000 0.00000 0.05417 0.02182 0.01399 0.13708 0.03562 0.03397 0.06669 0.08720 0.05052 0.00000 0.00000 0.00000 0.00000 0.00000 0.10128 0.07159 0.05860 0.03010 0.03452 0.03966 0.00000
0.00000 0.00000 0.00000 0.00000 0.02327 0.02763 0.09362 0.04364 0.04242 0.09369 0.08192 0.10298 0.09893 0.00000 0.00000 0.00000 0.02271 0.00000 0.16586 0.31859 0.31736 0.03753 0.03864 0.04428 0.04642
0.00000 0.00000 0.07171 0.08051 0.02226 0.02454 0.08473 0.10107 0.04807 0.10241 0.35339 0.09630 0.09002 0.09097 0.08969 0.06593 0.05694 0.00000 0.17514 0.19471 0.23629 0.10784 0.04364 0.04314 0.04428
0.00000 0.09147 0.09417 0.09713 0.09994 0.08445 0.16342 0.16945 0.04057 0.16765 0.34614 0.08447 0.07995 0.07976 0.07813 0.14970 0.05039 0.00000 0.32561 0.18964 0.03795 0.10540 0.09504 0.09283 0.09161
0.00000 0.04700 0.04657 0.04689 0.09520 0.08399 0.16029 0.14403 0.03078 0.13085 0.07226 0.06506 0.07275 0.03324 0.03069 0.15358 0.00000 0.00000 0.37323 0.20282 0.19958 0.17915 0.08311 0.00000 0.00000
0.00000 0.04390 0.04222 0.04099 0.08035 0.07053 0.00000 0.01701 0.03390 0.02384 0.02080 0.00000 0.09879 0.06081 0.05605 0.02967 0.02656 0.18995 0.21591 0.19681 0.19006 0.19532 0.09812 0.00000 0.00000
0.04611 0.04542 0.04129 0.08323 0.07487 0.08702 0.04190 0.00000 0.04068 0.03249 0.02949 0.06745 0.06812 0.09772 0.08276 0.11694 0.02763 0.15958 0.18567 0.21410 0.10070 0.34988 0.10198 0.11237 0.04574
0.09395 0.09722 0.10094 0.22489 0.28526 0.08552 0.00000 0.03515 0.03721 0.03529 0.07237 0.07428 0.07653 0.11514 0.09868 0.05430 0.15009 0.16844 0.18592 0.22063 0.35561 0.08446 0.09409 0.10141 0.04395
0.08750 0.09222 0.09748 0.23630 0.19406 0.17117 0.00000 0.00000 0.10048 0.13075 0.08578 0.06921 0.07374 0.14850 0.07810 0.03398 0.03635 0.03083 0.17997 0.10319 0.36113 0.18155 0.19927 0.22846 0.25585
0.00000 0.08291 0.08860 0.21947 0.23006 0.18962 0.00000 0.00000 0.11530 0.14728 0.07729 0.08004 0.08438 0.17572 0.04078 0.03998 0.04342 0.06963 0.07931 0.08848 0.51413 0.46896 0.47384 0.23792 0.24058
0.00000 0.00000 0.00000 0.24013 0.35561 0.36149 0.22875 0.64449 0.22338 0.21144 0.06532 0.07296 0.08077 0.25874 0.03041 0.02855 0.06317 0.02647 0.07124 0.06941 0.55676 0.55121 0.53644 0.22891 0.00000
0.00000 0.00000 0.00000 0.49739 0.48600 0.51611 0.18309 0.56621 0.56008 0.23078 0.08234 0.02117 0.15027 0.15332 0.15352 0.01621 0.02381 0.02970 0.03871 0.04567 0.17950 0.21270 0.23526 0.00000 0.00000
0.00000 0.00000 0.02581 0.02703 0.16210 0.43997 0.19411 0.54811 0.56593 0.03101 0.07390 0.06689 0.06356 0.18144 0.03981 0.08703 0.02058 0.02206 0.02127 0.13094 0.09006 0.22165 0.25389 0.00000 0.00000
0.00000 0.00000 0.03551 0.21582 0.21464 0.18035 0.49224 0.03273 0.05779 0.22249 0.29279 0.27422 0.14969 0.08735 0.08932 0.08210 0.17117 0.02549 0.06883 0.07154 0.17504 0.09125 0.10843 0.05089 0.00000
0.00000 0.04760 0.10539 0.09067 0.08496 0.52384 0.46642 0.02849 0.03117 0.49475 0.49822 0.03533 0.08772 0.18656 0.45267 0.06441 0.06883 0.07780 0.08470 0.07822 0.21607 0.09687 0.05026 0.05002 0.05022
0.00000 0.04494 0.04398 0.09258 0.37478 0.53770 0.15569 0.14850 0.02630 0.27447 0.26841 0.00000 0.07601 0.18164 0.43158 0.36689 0.03515 0.03962 0.22580 0.08528 0.06462 0.00000 0.05155 0.05091 0.00000
0.04383 0.04342 0.04362 0.04440 0.39592 0.37419 0.17482 0.16862 0.00000 0.08533 0.30311 0.00000 0.03661 0.17219 0.40357 0.32406 0.04014 0.04526 0.20985 0.00000 0.00000 0.00000 0.00000 0.00000 0.00000
0.00000 0.04461 0.04587 0.04727 0.10114 0.04439 0.04394 0.04692 0.00000 0.00000 0.00000 0.00000 0.03959 0.03409 0.03667 0.09894 0.04619 0.04515 0.19666 0.00000 0.00000 0.00000 0.00000 0.00000 0.00000
0.00000 0.00000 0.00000 0.00000 0.04858 0.04470 0.04376 0.04659 0.00000 0.00000 0.00000 0.00000 0.04335 0.03889 0.04032 0.04546 0.04801 0.04638 0.04524 0.00000 0.00000 0.00000 0.00000 0.00000 0.00000
