# name=rect_scattered field=200x200 stride=8
25 25
0.00000 0.00000 0.04788 0.04430 0.04260 0.24027 0.23633 0.04752 0.24616 0.05289 0.05241 0.03812 0.00000 0.04049 0.03597 0.03634 0.03838 0.04454 0.04385 0.04498 0.00000 0.00000 0.00000 0.00000 0.00000
0.00000 0.00000 0.11315 0.10702 0.04260 0.23722 0.27600 0.10369 0.71135 0.77336 0.05234 0.03882 0.00000 0.21596 0.23867 0.20878 0.03661 0.04017 0.04406 0.04572 0.00000 0.03545 0.00000 0.00000 0.00000
0.00000 0.10325 0.39971 0.38224 0.53798 0.47728 0.48745 0.70338 0.68221 0.75018 0.26033 0.03983 0.02918 0.21821 0.23963 0.19935 0.18608 0.03956 0.04449 0.09038 0.10280 0.09787 0.00000 0.05315 0.05303
0.12204 0.11204 0.10235 0.50689 0.52174 0.45758 0.46019 0.70657 0.76870 0.25386 0.24909 0.35526 0.02927 0.21723 0.22985 0.20156 0.18245 0.18891 0.08698 0.08202 0.10280 0.40420 0.27297 0.28049 0.05210
0.00000 0.11345 0.21607 0.47398 0.48500 0.25810 0.31297 0.70314 0.71384 0.24400 0.25805 0.54325 0.03170 0.03702 0.23415 0.21680 0.18281 0.17077 0.17575 0.19435 0.09504 0.40986 0.25809 0.27128 0.05150
0.03073 0.03403 0.16558 0.25667 0.10133 0.09322 0.15028 0.14999 0.64644 0.65040 0.33742 0.10726 0.03412 0.03756 0.04353 0.22140 0.18254 0.24366 0.03311 0.03631 0.35637 0.23735 0.24608 0.26576 0.05155
0.03235 0.03466 0.14147 0.27792 0.30722 0.29030 0.28234 0.19713 0.18314 0.18424 0.06057 0.02911 0.03392 0.00000 0.00000 0.04038 0.18498 0.03437 0.03907 0.03881 0.03649 0.22155 0.21987 0.26550 0.05224
0.03702 0.03598 0.07076 0.13238 0.24392 0.45039 0.27025 0.32955 0.19044 0.36680 0.39525 0.07205 0.05184 0.08725 0.03664 0.03385 0.27619 0.06873 0.07443 0.03519 0.03265 0.12463 0.11286 0.36073 0.10111
0.04927 0.37609 0.35073 0.31291 0.54531 0.51005 0.63674 0.56440 0.31558 0.23102 0.19218 0.06749 0.06047 0.30891 0.08105 0.03803 0.17344 0.03130 0.07289 0.03308 0.07590 0.10562 0.09457 0.00000 0.00000
0.04666 0.20153 0.20311 0.21112 0.55332 0.53864 0.08462 0.53644 0.54151 0.30758 0.29575 0.06584 0.28541 0.28796 0.18817 0.34016 0.08874 0.08323 0.07790 0.07763 0.07753 0.07045 0.05226 0.00000 0.00000
0.03907 0.19353 0.34258 0.51849 0.55752 0.56380 0.18730 0.59669 0.33067 0.54610 0.52273 0.15093 0.43190 0.15654 0.18826 0.31880 0.08598 0.08479 0.08350 0.07796 0.19518 0.25094 0.00000 0.00000 0.00000
0.03212 0.33091 0.32978 0.46844 0.46180 0.57198 0.27023 0.52355 0.66292 0.64951 0.51966 0.17547 0.03650 0.32204 0.16820 0.28925 0.08250 0.03446 0.19057 0.36417 0.19446 0.09754 0.23682 0.00000 0.00000
0.03044 0.07752 0.19201 0.29073 0.27619 0.46618 0.50319 0.51098 0.65190 0.69280 0.36684 0.32287 0.49153 0.58423 0.59824 0.17946 0.19632 0.50527 0.50778 0.30814 0.08740 0.20756 0.22029 0.22051 0.00000
0.03588 0.06704 0.06585 0.37855 0.32950 0.52978 0.27744 0.30389 0.64977 0.71477 0.37626 0.52860 0.56610 0.55665 0.64177 0.37349 0.21957 0.48202 0.48349 0.15667 0.22473 0.25055 0.24007 0.24597 0.00000
0.00000 0.07453 0.06338 0.43614 0.51230 0.53530 0.62611 0.30789 0.65788 0.36460 0.63110 0.57109 0.61652 0.60848 0.57008 0.57329 0.38384 0.54890 0.53133 0.08465 0.10977 0.04260 0.03709 0.03945 0.00000
0.00000 0.00000 0.18854 0.51704 0.53302 0.54250 0.65404 0.69528 0.38988 0.36173 0.55683 0.08963 0.23944 0.23110 0.55676 0.68357 0.67507 0.59758 0.54074 0.32925 0.35347 0.07042 0.03155 0.03330 0.00000
0.07248 0.14924 0.13210 0.61275 0.67704 0.65893 0.61287 0.62286 0.62257 0.19770 0.06598 0.25020 0.35178 0.23000 0.64668 0.63608 0.64649 0.52282 0.53691 0.53461 0.53791 0.05977 0.06438 0.02706 0.00000
0.04167 0.14016 0.12745 0.04740 0.49948 0.37993 0.48546 0.64379 0.55904 0.21381 0.03295 0.06490 0.17918 0.21905 0.64810 0.61150 0.59694 0.54316 0.52911 0.57362 0.59174 0.26486 0.05878 0.00000 0.00000
0.00000 0.03912 0.23276 0.37567 0.37067 0.34561 0.34262 0.37972 0.08350 0.07960 0.08816 0.19026 0.16919 0.18095 0.22387 0.63049 0.56552 0.64081 0.53631 0.53727 0.54758 0.17970 0.06970 0.06017 0.00000
0.00000 0.23047 0.22984 0.35201 0.34534 0.34469 0.56675 0.56313 0.07999 0.08348 0.39011 0.57267 0.46092 0.50712 0.55778 0.41203 0.47445 0.61571 0.53525 0.53901 0.51700 0.23619 0.06172 0.01373 0.00000
0.00000 0.11787 0.37044 0.39069 0.39030 0.38290 0.17409 0.07516 0.22042 0.21844 0.44109 0.51923 0.49344 0.49183 0.49689 0.36738 0.41128 0.64405 0.55046 0.57243 0.42969 0.48812 0.06198 0.02123 0.00000
0.00000 0.09524 0.09551 0.34483 0.38113 0.18876 0.00000 0.32394 0.24345 0.32970 0.45073 0.51312 0.53065 0.53067 0.53296 0.47685 0.35443 0.48063 0.51400 0.45145 0.43132 0.43943 0.02952 0.03046 0.00000
0.00000 0.08278 0.07690 0.08422 0.09270 0.05267 0.09844 0.12934 0.08971 0.17507 0.17456 0.30681 0.30912 0.37973 0.36501 0.34891 0.23310 0.06316 0.26602 0.28989 0.18245 0.03200 0.03588 0.04140 0.00000
0.00000 0.00000 0.08667 0.00000 0.00000 0.00000 0.02527 0.02933 0.00000 0.02842 0.03127 0.22843 0.22339 0.40357 0.38315 0.36626 0.03622 0.06329 0.00000 0.08641 0.03876 0.03395 0.03832 0.00000 0.00000
0.00000 0.00000 0.00000 0.00000 0.00000 0.00000 0.00000 0.00000 0.00000 0.02667 0.03017 0.22629 0.10343 0.04224 0.25363 0.24927 0.03378 0.00000 0.00000 0.00000 0.00000 0.00000 0.00000 0.00000 0.00000
