# name=two_districts field=200x200 stride=8
25 25
0.00000 0.15408 0.35672 0.37012 0.84040 0.84635 0.84040 0.84635 0.84040 0.36475 0.29858 0.08828 0.21583 0.23758 0.70380 0.69666 0.71190 0.77668 0.85224 0.78616 0.42096 0.79948 0.84395 0.89945 0.30096
0.15408 0.34807 1.00000 0.93222 1.00000 0.94586 1.00000 0.94586 1.00000 0.95852 0.87156 0.24153 0.64319 0.70236 0.68068 0.73802 0.79705 0.82174 0.83438 0.80594 0.80064 0.85960 0.83809 0.84171 0.85356
0.35783 1.00000 0.95276 1.00000 0.96239 1.00000 0.96239 1.00000 0.98026 1.00000 0.88749 0.71995 0.71671 0.69134 0.73204 0.77762 0.82128 0.85531 0.85733 0.81546 0.81194 0.86454 0.81549 0.82041 0.81554
0.37012 0.93222 1.00000 1.00000 1.00000 1.00000 1.00000 1.00000 1.00000 1.00000 0.95021 0.79023 0.68753 0.73553 0.79079 0.81188 0.82490 0.84952 0.86580 0.86262 0.84161 0.84942 0.85712 0.84346 0.82188
0.84056 1.00000 0.96239 1.00000 0.97018 1.00000 0.97018 1.00000 0.98451 1.00000 0.93800 0.77036 0.68737 0.77045 0.85228 0.84475 0.86028 0.86641 0.85673 0.85579 0.86040 0.85518 0.83856 0.80465 0.74146
0.84635 0.94244 1.00000 1.00000 1.00000 1.00000 1.00000 1.00000 1.00000 1.00000 0.91652 0.72653 0.52913 0.77536 0.84551 0.85277 0.84634 0.85538 0.86209 0.86771 0.85672 0.86554 0.86590 0.82935 0.79535
0.84056 1.00000 0.96239 1.00000 0.97018 1.00000 0.97018 1.00000 0.98451 1.00000 0.92603 0.76978 0.58189 0.76697 0.88272 0.86569 0.87240 0.87903 0.84629 0.85930 0.84169 0.86512 0.84994 0.83198 0.80890
0.84635 0.94244 1.00000 1.00000 1.00000 1.00000 1.00000 1.00000 1.00000 1.00000 0.92861 0.79126 0.57891 0.71019 0.84871 0.84634 0.85729 0.88648 0.87353 0.87128 0.86233 0.86084 0.84233 0.83588 0.82088
0.84056 1.00000 0.96239 1.00000 0.97018 1.00000 0.97018 1.00000 0.98451 1.00000 0.97764 0.79654 0.55915 0.78056 0.83852 0.85043 0.88082 0.87493 0.85958 0.85860 0.86078 0.85165 0.84427 0.83671 0.81360
0.84635 0.94244 1.00000 1.00000 1.00000 1.00000 1.00000 1.00000 1.00000 1.00000 0.91632 0.77358 0.62605 0.80215 0.84105 0.86068 0.88476 0.87386 0.87347 0.86130 0.83946 0.85893 0.82696 0.82541 0.80376
0.84056 1.00000 0.96239 1.00000 0.97018 1.00000 0.97018 1.00000 0.98451 1.00000 0.91896 0.75903 0.64153 0.78136 0.82607 0.87334 0.86763 0.85444 0.86334 0.85250 0.86909 0.86795 0.85525 0.86473 0.83320
0.84635 0.94244 1.00000 1.00000 1.00000 1.00000 1.00000 1.00000 1.00000 1.00000 0.92854 0.84104 0.68602 0.72016 0.84982 0.87593 0.86919 0.85489 0.86550 0.83944 0.85870 0.84289 0.86898 0.86522 0.84304
0.84056 1.00000 0.96239 1.00000 0.97018 1.00000 0.97018 1.00000 0.98451 1.00000 0.97764 0.81828 0.58352 0.64621 0.80074 0.81300 0.84504 0.86135 0.87460 0.86059 0.86527 0.85631 0.86309 0.81370 0.80737
0.84635 0.94244 1.00000 1.00000 1.00000 1.00000 1.00000 1.00000 1.00000 1.00000 0.93516 0.75705 0.52736 0.74497 0.84820 0.85730 0.85903 0.86533 0.86684 0.84543 0.85537 0.85489 0.83593 0.79672 0.79557
0.84056 1.00000 0.96239 1.00000 0.97018 1.00000 0.97018 1.00000 0.98451 1.00000 0.93544 0.72551 0.44218 0.75816 0.80864 0.85092 0.85866 0.87009 0.86220 0.86515 0.87089 0.85286 0.85656 0.85461 0.84993
0.84635 0.94244 1.00000 1.00000 1.00000 1.00000 1.00000 1.00000 1.00000 1.00000 0.92655 0.78658 0.59530 0.71488 0.89197 0.88656 0.86872 0.86634 0.83557 0.85190 0.86332 0.86737 0.87379 0.83371 0.83168
0.84056 1.00000 0.96239 1.00000 0.97018 1.00000 0.97018 1.00000 0.98451 1.00000 0.97764 0.76334 0.63536 0.72653 0.84715 0.85611 0.84587 0.87566 0.86108 0.86980 0.87061 0.86354 0.88193 0.84499 0.84144
0.84635 0.94244 1.00000 1.00000 1.00000 1.00000 1.00000 1.00000 1.00000 1.00000 0.96735 0.80611 0.60483 0.74777 0.83696 0.81334 0.85383 0.86553 0.85043 0.87941 0.87480 0.87930 0.85816 0.83033 0.83104
0.84056 1.00000 0.96239 1.00000 0.97018 1.00000 0.97018 1.00000 0.98451 1.00000 0.93591 0.77009 0.30181 0.77154 0.84075 0.85845 0.87899 0.86842 0.85359 0.87128 0.84851 0.86767 0.86350 0.85690 0.84556
0.84635 0.94244 1.00000 1.00000 1.00000 1.00000 1.00000 1.00000 1.00000 1.00000 0.92185 0.79504 0.56484 0.76668 0.81780 0.87626 0.87312 0.86478 0.87990 0.87291 0.86327 0.87300 0.84717 0.88430 0.78867
0.84056 1.00000 0.98026 1.00000 0.98451 1.00000 0.98451 1.00000 1.00000 1.00000 0.95853 0.83347 0.57130 0.72245 0.85748 0.86489 0.85815 0.84310 0.86910 0.86816 0.86429 0.87469 0.85917 0.84881 0.82234
0.36475 0.95852 1.00000 1.00000 1.00000 1.00000 1.00000 1.00000 1.00000 1.00000 0.96094 0.83503 0.60779 0.67360 0.81470 0.81330 0.85038 0.86366 0.87207 0.86225 0.86701 0.84960 0.85928 0.83630 0.84693
0.36199 1.00000 0.97159 1.00000 0.97764 0.96735 0.97764 0.96735 1.00000 0.96094 1.00000 0.62045 0.65468 0.77968 0.85591 0.84311 0.88607 0.86132 0.85158 0.87891 0.86193 0.84604 0.81364 0.80560 0.78153
0.15460 0.35711 1.00000 0.92675 0.90428 0.94437 0.90428 0.94437 0.90428 0.95503 0.51601 0.45625 0.42525 0.83846 0.86612 0.85816 0.89099 0.85730 0.84688 0.84711 0.85048 0.82626 0.75528 0.74493 0.68481
0.00000 0.15408 0.15346 0.37012 0.37189 0.37012 0.37189 0.37012 0.37189 0.15334 0.33395 0.00000 0.43606 0.90337 0.89981 0.86123 0.79974 0.85030 0.83144 0.83964 0.84658 0.80318 0.73512 0.66195 0.54798
