# name=grid_streets_w2 field=200x200 stride=8
25 25
0.53751 0.51350 0.94260 1.00000 0.88778 0.97050 0.88748 0.88478 0.88597 0.88687 0.96686 0.88778 0.97050 0.88748 0.88478 0.88597 0.88687 0.96686 0.88778 0.97050 0.88748 0.89818 0.94746 0.51700 0.53991
0.51350 1.00000 1.00000 0.97984 1.00000 0.95320 1.00000 0.96760 0.96377 1.00000 0.95262 1.00000 0.95320 1.00000 0.96760 0.96377 1.00000 0.95262 1.00000 0.95320 1.00000 1.00000 0.95403 1.00000 0.51511
0.94260 1.00000 1.00000 0.98570 1.00000 0.98485 1.00000 1.00000 1.00000 1.00000 0.98673 1.00000 0.98485 1.00000 1.00000 1.00000 1.00000 0.98673 1.00000 0.98485 1.00000 1.00000 1.00000 1.00000 0.94183
1.00000 0.97984 0.98570 0.98689 1.00000 1.00000 1.00000 0.98783 0.98804 0.98829 0.98769 1.00000 1.00000 1.00000 0.98783 0.98804 0.98829 0.98769 1.00000 1.00000 1.00000 0.98659 0.98511 0.97943 0.88889
0.88778 1.00000 1.00000 1.00000 1.00000 1.00000 1.00000 1.00000 1.00000 1.00000 1.00000 1.00000 1.00000 1.00000 1.00000 1.00000 1.00000 1.00000 1.00000 1.00000 1.00000 1.00000 1.00000 1.00000 0.88958
0.97050 0.95320 0.98485 1.00000 1.00000 1.00000 1.00000 1.00000 1.00000 1.00000 0.99423 1.00000 1.00000 1.00000 1.00000 1.00000 1.00000 0.99423 1.00000 1.00000 1.00000 1.00000 0.98424 0.95228 0.88047
0.88748 1.00000 1.00000 1.00000 1.00000 1.00000 1.00000 1.00000 1.00000 1.00000 1.00000 1.00000 1.00000 1.00000 1.00000 1.00000 1.00000 1.00000 1.00000 1.00000 1.00000 1.00000 1.00000 1.00000 0.88927
0.88478 0.96760 1.00000 0.98783 1.00000 1.00000 1.00000 1.00000 1.00000 1.00000 1.00000 1.00000 1.00000 1.00000 1.00000 1.00000 1.00000 1.00000 1.00000 1.00000 1.00000 1.00000 1.00000 0.96695 0.88859
0.88597 0.96377 1.00000 0.98804 1.00000 1.00000 1.00000 1.00000 1.00000 1.00000 1.00000 1.00000 1.00000 1.00000 1.00000 1.00000 1.00000 1.00000 1.00000 1.00000 1.00000 1.00000 1.00000 0.96305 0.88774
0.88687 1.00000 1.00000 0.98829 1.00000 1.00000 1.00000 1.00000 1.00000 1.00000 1.00000 1.00000 1.00000 1.00000 1.00000 1.00000 1.00000 1.00000 1.00000 1.00000 1.00000 1.00000 1.00000 1.00000 0.88866
0.96686 0.95262 0.98673 0.98769 1.00000 0.99423 1.00000 1.00000 1.00000 1.00000 1.00000 1.00000 0.99423 1.00000 1.00000 1.00000 1.00000 1.00000 1.00000 0.99423 1.00000 1.00000 0.98619 0.95169 0.88502
0.88778 1.00000 1.00000 1.00000 1.00000 1.00000 1.00000 1.00000 1.00000 1.00000 1.00000 1.00000 1.00000 1.00000 1.00000 1.00000 1.00000 1.00000 1.00000 1.00000 1.00000 1.00000 1.00000 1.00000 0.88958
0.97050 0.95320 0.98485 1.00000 1.00000 1.00000 1.00000 1.00000 1.00000 1.00000 0.99423 1.00000 1.00000 1.00000 1.00000 1.00000 1.00000 0.99423 1.00000 1.00000 1.00000 1.00000 0.98424 0.95228 0.88047
0.88748 1.00000 1.00000 1.00000 1.00000 1.00000 1.00000 1.00000 1.00000 1.00000 1.00000 1.00000 1.00000 1.00000 1.00000 1.00000 1.00000 1.00000 1.00000 1.00000 1.00000 1.00000 1.00000 1.00000 0.88927
0.88478 0.96760 1.00000 0.98783 1.00000 1.00000 1.00000 1.00000 1.00000 1.00000 1.00000 1.00000 1.00000 1.00000 1.00000 1.00000 1.00000 1.00000 1.00000 1.00000 1.00000 1.00000 1.00000 0.96695 0.88859
0.88597 0.96377 1.00000 0.98804 1.00000 1.00000 1.00000 1.00000 1.00000 1.00000 1.00000 1.00000 1.00000 1.00000 1.00000 1.00000 1.00000 1.00000 1.00000 1.00000 1.00000 1.00000 1.00000 0.96305 0.88774
0.88687 1.00000 1.00000 0.98829 1.00000 1.00000 1.00000 1.00000 1.00000 1.00000 1.00000 1.00000 1.00000 1.00000 1.00000 1.00000 1.00000 1.00000 1.00000 1.00000 1.00000 1.00000 1.00000 1.00000 0.88866
0.96686 0.95262 0.98673 0.98769 1.00000 0.99423 1.00000 1.00000 1.00000 1.00000 1.00000 1.00000 0.99423 1.00000 1.00000 1.00000 1.00000 1.00000 1.00000 0.99423 1.00000 1.00000 0.98619 0.95169 0.88502
0.88778 1.00000 1.00000 1.00000 1.00000 1.00000 1.00000 1.00000 1.00000 1.00000 1.00000 1.00000 1.00000 1.00000 1.00000 1.00000 1.00000 1.00000 1.00000 1.00000 1.00000 1.00000 1.00000 1.00000 0.88958
0.97050 0.95320 0.98485 1.00000 1.00000 1.00000 1.00000 1.00000 1.00000 1.00000 0.99423 1.00000 1.00000 1.00000 1.00000 1.00000 1.00000 0.99423 1.00000 1.00000 1.00000 1.00000 0.98424 0.95228 0.88047
0.88748 1.00000 1.00000 1.00000 1.00000 1.00000 1.00000 1.00000 1.00000 1.00000 1.00000 1.00000 1.00000 1.00000 1.00000 1.00000 1.00000 1.00000 1.00000 1.00000 1.00000 1.00000 1.00000 1.00000 0.88927
0.89818 1.00000 1.00000 0.98659 1.00000 1.00000 1.00000 1.00000 1.00000 1.00000 1.00000 1.00000 1.00000 1.00000 1.00000 1.00000 1.00000 1.00000 1.00000 1.00000 1.00000 1.00000 1.00000 1.00000 0.89690
0.94746 0.95403 1.00000 0.98511 1.00000 0.98424 1.00000 1.00000 1.00000 1.00000 0.98619 1.00000 0.98424 1.00000 1.00000 1.00000 1.00000 0.98619 1.00000 0.98424 1.00000 1.00000 1.00000 0.95313 0.94674
0.51700 1.00000 1.00000 0.97943 1.00000 0.95228 1.00000 0.96695 0.96305 1.00000 0.95169 1.00000 0.95228 1.00000 0.96695 0.96305 1.00000 0.95169 1.00000 0.95228 1.00000 1.00000 0.95313 1.00000 0.51872
0.53991 0.51511 0.94183 0.88889 0.88958 0.88047 0.88927 0.88859 0.88774 0.88866 0.88502 0.88958 0.88047 0.88927 0.88859 0.88774 0.88866 0.88502 0.88958 0.88047 0.88927 0.89690 0.94674 0.51872 0.54240
