# name=grid_sheared field=200x200 stride=8
25 25
0.78593 0.87489 0.89109 0.92866 0.93170 0.93051 0.95525 0.93051 0.95525 0.93051 0.95525 0.93051 0.95525 0.93051 0.95525 0.93051 0.95525 0.93051 0.95525 0.93051 0.95525 0.95524 0.95524 0.95521 0.31840
0.84341 0.86833 0.91653 0.92091 0.94679 0.92192 0.95507 0.92192 0.95507 0.92192 0.95507 0.92192 0.95507 0.92192 0.95507 0.92192 0.95507 0.92192 0.95507 0.92192 0.95507 0.93425 0.94460 0.92042 0.82778
0.83710 0.91418 0.92870 0.94188 0.95551 0.95491 0.95491 0.95491 0.95491 0.95491 0.95491 0.95491 0.95491 0.95491 0.95491 0.95491 0.95491 0.95491 0.95491 0.95491 0.95491 0.95490 0.93358 0.95486 0.84200
0.92096 0.92156 0.92311 0.94773 0.94708 0.94761 0.94652 0.94761 0.94652 0.94761 0.94652 0.94761 0.94652 0.94761 0.94652 0.94761 0.94652 0.94761 0.94652 0.94761 0.94652 0.95474 0.95472 0.95471 0.93666
0.92029 0.94483 0.94895 0.95558 0.94735 0.95462 0.94719 0.95462 0.94719 0.95462 0.94719 0.95462 0.94719 0.95462 0.94719 0.95462 0.94719 0.95462 0.94719 0.95462 0.94719 0.95462 0.93325 0.92967 0.95455
0.86159 0.93342 0.93637 0.95510 0.95455 0.94512 0.95455 0.94512 0.95455 0.94512 0.95455 0.94512 0.95455 0.94512 0.95455 0.94512 0.95455 0.94512 0.95455 0.94512 0.95455 0.94512 0.95455 0.93604 0.93984
0.86471 0.88861 0.93192 0.93836 0.95455 0.95455 0.95455 0.95455 0.95455 0.95455 0.95455 0.95455 0.95455 0.95455 0.95455 0.95455 0.95455 0.95455 0.95455 0.95455 0.95455 0.95455 0.95515 0.92424 0.93499
0.83097 0.87383 0.90599 0.90925 0.95455 0.94620 0.95455 0.94620 0.95455 0.94620 0.95455 0.94620 0.95455 0.94620 0.95455 0.94620 0.95455 0.94620 0.95455 0.94620 0.95455 0.94640 0.95563 0.94904 0.93185
0.79372 0.86363 0.90233 0.92721 0.93975 0.94711 0.95455 0.94711 0.95455 0.94711 0.95455 0.94711 0.95455 0.94711 0.95455 0.94711 0.95455 0.94711 0.95455 0.94711 0.95455 0.94775 0.94701 0.92182 0.90907
0.81585 0.87828 0.92087 0.91357 0.94008 0.95455 0.94512 0.95455 0.94512 0.95455 0.94512 0.95455 0.94512 0.95455 0.94512 0.95455 0.94512 0.95455 0.94512 0.95455 0.94512 0.94188 0.92945 0.90942 0.87235
0.83525 0.89637 0.91130 0.94228 0.95514 0.95455 0.95455 0.95455 0.95455 0.95455 0.95455 0.95455 0.95455 0.95455 0.95455 0.95455 0.95455 0.95455 0.95455 0.95455 0.95455 0.93828 0.91703 0.91865 0.85679
0.92176 0.92200 0.92309 0.94784 0.94676 0.95455 0.94620 0.95455 0.94620 0.95455 0.94620 0.95455 0.94620 0.95455 0.94620 0.95455 0.94620 0.95455 0.94620 0.95455 0.94620 0.94576 0.92467 0.90643 0.86027
0.92345 0.94559 0.95634 0.95551 0.94728 0.95455 0.94711 0.95455 0.94711 0.95455 0.94711 0.95455 0.94711 0.95455 0.94711 0.95455 0.94711 0.95455 0.94711 0.95455 0.94711 0.95455 0.90782 0.91622 0.87011
0.86159 0.93342 0.93637 0.95510 0.95455 0.94512 0.95455 0.94512 0.95455 0.94512 0.95455 0.94512 0.95455 0.94512 0.95455 0.94512 0.95455 0.94512 0.95455 0.94512 0.95455 0.94512 0.93680 0.91820 0.88574
0.86471 0.88861 0.93192 0.93836 0.95455 0.95455 0.95455 0.95455 0.95455 0.95455 0.95455 0.95455 0.95455 0.95455 0.95455 0.95455 0.95455 0.95455 0.95455 0.95455 0.95455 0.95455 0.95515 0.92424 0.93232
0.83097 0.87383 0.90599 0.90925 0.95455 0.94620 0.95455 0.94620 0.95455 0.94620 0.95455 0.94620 0.95455 0.94620 0.95455 0.94620 0.95455 0.94620 0.95455 0.94620 0.95455 0.94640 0.95563 0.94904 0.93185
0.79372 0.86363 0.90233 0.92721 0.93975 0.94711 0.95455 0.94711 0.95455 0.94711 0.95455 0.94711 0.95455 0.94711 0.95455 0.94711 0.95455 0.94711 0.95455 0.94711 0.95455 0.94775 0.94701 0.92182 0.90907
0.81585 0.87828 0.92087 0.91357 0.94008 0.95455 0.94512 0.95455 0.94512 0.95455 0.94512 0.95455 0.94512 0.95455 0.94512 0.95455 0.94512 0.95455 0.94512 0.95455 0.94512 0.94188 0.92945 0.90942 0.87235
0.83525 0.89637 0.91130 0.94228 0.95514 0.95455 0.95455 0.95455 0.95455 0.95455 0.95455 0.95455 0.95455 0.95455 0.95455 0.95455 0.95455 0.95455 0.95455 0.95455 0.95455 0.93828 0.91703 0.91865 0.85679
0.92176 0.92200 0.92309 0.94784 0.94676 0.95455 0.94620 0.95455 0.94620 0.95455 0.94620 0.95455 0.94620 0.95455 0.94620 0.95455 0.94620 0.95455 0.94620 0.95455 0.94620 0.94576 0.92467 0.90643 0.86027
0.92345 0.94559 0.95634 0.95551 0.94728 0.95455 0.94711 0.95455 0.94711 0.95455 0.94711 0.95455 0.94711 0.95455 0.94711 0.95455 0.94711 0.95455 0.94711 0.95455 0.94711 0.95455 0.90782 0.91622 0.87011
0.91046 0.95632 0.95565 0.95514 0.95455 0.93854 0.95455 0.93854 0.95455 0.93854 0.95455 0.93854 0.95455 0.93854 0.95455 0.93854 0.95455 0.93854 0.95455 0.93854 0.95455 0.93854 0.93591 0.89755 0.89041
0.91230 0.92141 0.95508 0.93213 0.95455 0.92117 0.95455 0.92117 0.95455 0.92117 0.95455 0.92117 0.95455 0.92117 0.95455 0.92117 0.95455 0.92117 0.95455 0.92117 0.95455 0.92117 0.95455 0.89873 0.92442
0.49797 0.95455 0.92692 0.95455 0.90553 0.92740 0.90553 0.92740 0.90553 0.92740 0.90553 0.92740 0.90553 0.92740 0.90553 0.92740 0.90553 0.92740 0.90553 0.92740 0.90553 0.92740 0.89711 0.91547 0.48840
0.31818 0.51166 0.95455 0.83585 0.88961 0.88038 0.88961 0.88038 0.88961 0.88038 0.88961 0.88038 0.88961 0.88038 0.88961 0.88038 0.88961 0.88038 0.88961 0.88038 0.88961 0.88038 0.88961 0.63294 0.50352
