# name=grid_rotated_30 field=200x200 stride=8
25 25
0.41389 0.40500 0.74412 0.81047 0.82226 0.82412 0.69977 0.79991 0.82519 0.83373 0.71382 0.84418 0.78089 0.83417 0.87629 0.82309 0.85364 0.85935 0.77640 0.80867 0.85335 0.83959 0.76438 0.74358 0.70111
0.50911 0.58014 0.73370 0.79206 0.85227 0.83677 0.82710 0.85328 0.79231 0.84042 0.80241 0.85128 0.79777 0.79926 0.87445 0.81651 0.84172 0.83012 0.84922 0.88407 0.85575 0.84887 0.83481 0.79958 0.73151
0.49141 0.73373 0.79821 0.82024 0.85857 0.84803 0.87177 0.86926 0.83829 0.83150 0.82338 0.84614 0.84673 0.84276 0.87263 0.87401 0.87474 0.86923 0.85909 0.86468 0.86021 0.83978 0.85629 0.81423 0.82192
0.70336 0.78826 0.83343 0.85383 0.87519 0.86040 0.86359 0.83605 0.84690 0.86457 0.85303 0.86358 0.86521 0.83650 0.87084 0.85743 0.86062 0.85999 0.87602 0.87707 0.86482 0.87768 0.87024 0.86076 0.80151
0.83959 0.84887 0.83480 0.87802 0.86139 0.87159 0.86937 0.86745 0.86529 0.85114 0.84778 0.86379 0.86514 0.85657 0.86932 0.87197 0.87297 0.86005 0.86204 0.87483 0.87506 0.87378 0.87438 0.85714 0.84978
0.85335 0.85575 0.86021 0.86482 0.87506 0.87197 0.87006 0.85506 0.85231 0.86455 0.84642 0.86447 0.86590 0.86821 0.87023 0.86188 0.87324 0.85359 0.87324 0.85978 0.87197 0.85878 0.86600 0.83572 0.83539
0.80867 0.88407 0.86468 0.87707 0.87483 0.86082 0.85870 0.86923 0.86807 0.85347 0.85289 0.86684 0.85123 0.86964 0.85677 0.87251 0.85528 0.85465 0.85017 0.87132 0.87006 0.86937 0.87049 0.87132 0.82596
0.77640 0.84980 0.85909 0.87602 0.86350 0.87324 0.85862 0.86017 0.86991 0.86892 0.86917 0.86969 0.87038 0.87175 0.84973 0.85506 0.86099 0.87242 0.85490 0.86923 0.85119 0.86753 0.85237 0.86953 0.85307
0.85935 0.83012 0.87671 0.87526 0.85092 0.86535 0.86263 0.87242 0.85761 0.86135 0.85812 0.87268 0.87329 0.87395 0.87417 0.87449 0.86100 0.86069 0.86991 0.86807 0.85186 0.86538 0.84714 0.84727 0.82221
0.85364 0.84172 0.87474 0.86062 0.87297 0.87324 0.86503 0.85219 0.87358 0.87367 0.87389 0.87489 0.87588 0.87633 0.86261 0.86224 0.87367 0.85430 0.86892 0.85482 0.86455 0.86420 0.86474 0.85748 0.84161
0.82309 0.84550 0.87401 0.85980 0.87197 0.85677 0.87251 0.86283 0.87449 0.85279 0.87616 0.87710 0.86420 0.86525 0.87760 0.87616 0.87389 0.87180 0.86917 0.83709 0.85426 0.84778 0.86425 0.83305 0.82348
0.87629 0.87445 0.87263 0.87084 0.86932 0.85658 0.85989 0.85723 0.87417 0.86551 0.87760 0.86901 0.88030 0.86745 0.86179 0.87710 0.87489 0.87268 0.86969 0.86684 0.86447 0.85003 0.84692 0.84678 0.83684
0.83417 0.83640 0.86061 0.85542 0.85410 0.86821 0.86964 0.87175 0.87395 0.87633 0.87826 0.85257 0.86431 0.86207 0.88030 0.86420 0.87588 0.86048 0.87038 0.85582 0.86590 0.86559 0.86623 0.84699 0.82205
0.76907 0.82027 0.84673 0.86521 0.86514 0.86590 0.85582 0.87038 0.86048 0.87588 0.86420 0.88030 0.86207 0.86431 0.85257 0.87826 0.87633 0.87395 0.87175 0.86964 0.86821 0.85457 0.83598 0.84454 0.80202
0.72600 0.83527 0.84590 0.84607 0.84967 0.86447 0.86684 0.86969 0.87268 0.87489 0.87710 0.86179 0.86745 0.88030 0.86901 0.87760 0.86551 0.87417 0.85723 0.85989 0.85658 0.85760 0.87151 0.82658 0.84784
0.69920 0.82177 0.83193 0.86367 0.84778 0.85426 0.83709 0.86917 0.87180 0.87389 0.87616 0.87760 0.86525 0.86420 0.87710 0.87616 0.85279 0.87449 0.86283 0.87251 0.85677 0.86172 0.86022 0.85631 0.84635
0.83373 0.84042 0.85679 0.86457 0.86412 0.86455 0.85482 0.86892 0.85430 0.87367 0.86224 0.86261 0.87633 0.87588 0.87489 0.87389 0.87367 0.87358 0.85219 0.86503 0.87324 0.87337 0.84528 0.85124 0.81079
0.82519 0.79231 0.84691 0.84690 0.86529 0.85186 0.86807 0.86991 0.86069 0.86100 0.87449 0.87417 0.87395 0.87329 0.87268 0.85812 0.86135 0.85761 0.87242 0.86263 0.86535 0.85092 0.87511 0.87638 0.82764
0.77800 0.85328 0.86926 0.85218 0.86745 0.85119 0.86923 0.85490 0.87242 0.86099 0.85506 0.84973 0.87175 0.87038 0.86969 0.86917 0.86892 0.86991 0.86017 0.85862 0.87324 0.86350 0.87574 0.84951 0.84881
0.69046 0.82710 0.87177 0.87070 0.86937 0.87006 0.87132 0.85017 0.85465 0.85528 0.87251 0.85677 0.86964 0.85123 0.86684 0.85289 0.85347 0.86807 0.86923 0.85870 0.86082 0.87470 0.87670 0.86394 0.88261
0.82412 0.83677 0.82804 0.86648 0.85878 0.87197 0.85978 0.87324 0.85359 0.87324 0.86188 0.87023 0.86821 0.86590 0.86447 0.84642 0.86455 0.85231 0.85506 0.87006 0.87197 0.87490 0.86445 0.85944 0.85430
0.82966 0.85209 0.85844 0.87519 0.87409 0.87490 0.87470 0.86204 0.86005 0.86732 0.85569 0.85760 0.85671 0.86559 0.85003 0.84778 0.85125 0.86538 0.86753 0.86937 0.87159 0.86111 0.86579 0.82242 0.84812
0.81041 0.79208 0.83469 0.87103 0.86609 0.86445 0.87670 0.87574 0.85787 0.84528 0.85285 0.86219 0.83598 0.86623 0.84692 0.85319 0.86474 0.84714 0.83629 0.86306 0.85941 0.87438 0.85297 0.83282 0.78700
0.79805 0.74786 0.79862 0.85711 0.85196 0.85944 0.86394 0.84951 0.86892 0.85124 0.85631 0.82658 0.84454 0.84699 0.84734 0.82393 0.83146 0.83868 0.86953 0.87132 0.84628 0.85702 0.81815 0.79770 0.73273
0.40646 0.63183 0.80362 0.83689 0.84812 0.85430 0.88261 0.83451 0.82764 0.81079 0.79622 0.84784 0.80202 0.78583 0.85319 0.80359 0.84161 0.79282 0.85307 0.82596 0.83539 0.84960 0.78984 0.73266 0.58042
