# name=mixed_regions field=200x200 stride=8
25 25
0.00000 0.33333 0.50295 0.56773 0.87825 0.87575 0.87825 0.87575 0.87825 0.55897 0.52806 0.33333 0.00000 0.00000 0.00000 0.00000 0.00000 0.00000 0.00000 0.00000 0.00000 0.00000 0.00000 0.00000 0.00000
0.33333 0.52211 1.00000 0.93792 1.00000 0.96912 1.00000 0.96912 1.00000 0.95852 1.00000 0.53470 0.44178 0.00000 0.00000 0.00000 0.00000 0.00000 0.00000 0.00000 0.00000 0.00000 0.00000 0.00000 0.00000
0.50295 1.00000 0.95276 1.00000 0.97174 1.00000 0.97174 1.00000 0.98026 1.00000 0.97159 1.00000 0.43472 0.33802 0.00000 0.00000 0.00000 0.00000 0.00000 0.00000 0.30917 0.63382 0.70880 0.24801 0.14742
0.56773 0.93222 1.00000 1.00000 1.00000 1.00000 1.00000 1.00000 1.00000 1.00000 1.00000 0.89209 0.41488 0.32687 0.00000 0.00000 0.00000 0.00000 0.00000 0.30992 0.32241 0.61657 0.70038 0.73820 0.43635
0.87825 1.00000 0.96239 1.00000 0.98851 1.00000 0.98851 1.00000 0.98451 1.00000 0.97764 0.90428 0.42060 0.33516 0.00000 0.00000 0.00000 0.00000 0.16453 0.19371 0.60607 0.65312 0.68645 0.71139 0.43057
0.87575 0.95167 1.00000 1.00000 1.00000 1.00000 1.00000 1.00000 1.00000 1.00000 0.96735 0.94820 0.62982 0.59059 0.00000 0.22586 0.21049 0.20361 0.35921 0.32187 0.66097 0.70171 0.70095 0.57767 0.42229
0.87825 1.00000 0.96239 1.00000 0.98851 1.00000 0.98851 1.00000 0.98451 1.00000 0.97764 0.90428 0.57874 0.38395 0.00000 0.34683 0.30448 0.40787 0.19700 0.32937 0.58504 0.65835 0.53641 0.53431 0.56038
0.87575 0.95167 1.00000 1.00000 1.00000 1.00000 1.00000 1.00000 1.00000 1.00000 0.96735 0.97464 0.73953 0.17795 0.00000 0.30546 0.36083 0.39498 0.20484 0.56010 0.57016 0.67045 0.67800 0.36827 0.37368
0.87825 1.00000 0.96239 1.00000 0.98851 1.00000 0.98851 1.00000 0.98451 1.00000 0.97764 0.85955 0.59367 0.31792 0.20431 0.27372 0.26448 0.40261 0.55671 0.54492 0.46440 0.53467 0.64752 0.65977 0.14430
0.87575 0.95167 1.00000 1.00000 1.00000 1.00000 1.00000 1.00000 1.00000 1.00000 0.96735 0.86344 0.50723 0.28859 0.34071 0.60859 0.64226 0.71443 0.55044 0.40986 0.43100 0.43071 0.29590 0.29500 0.00000
0.87825 1.00000 0.96239 1.00000 0.98851 1.00000 0.98851 1.00000 0.98451 1.00000 0.95015 0.82711 0.50458 0.51684 0.32038 0.56217 0.60025 0.69645 0.45043 0.40716 0.41986 0.44435 0.41411 0.40797 0.00000
0.87575 0.95167 1.00000 1.00000 1.00000 1.00000 1.00000 1.00000 1.00000 1.00000 0.94221 0.88738 0.66838 0.53825 0.33450 0.34076 0.55086 0.67264 0.46155 0.27385 0.44369 0.40788 0.38428 0.35534 0.00000
0.87825 1.00000 0.96239 1.00000 0.98851 1.00000 0.98851 1.00000 0.98451 1.00000 0.97764 0.88359 0.69078 0.36535 0.36641 0.23541 0.33399 0.63089 0.54402 0.68807 0.60065 0.62729 0.61485 0.60791 0.00000
0.87575 0.95167 1.00000 1.00000 1.00000 1.00000 1.00000 1.00000 1.00000 1.00000 0.96735 0.90865 0.50466 0.38809 0.31837 0.33950 0.52158 0.46133 0.70143 0.63787 0.57213 0.57547 0.38468 0.20255 0.14508
0.87825 1.00000 0.96239 1.00000 0.98851 1.00000 0.98851 1.00000 0.98451 1.00000 0.97764 0.84861 0.41282 0.54351 0.32260 0.33081 0.35239 0.42750 0.50815 0.31715 0.53302 0.32756 0.20151 0.20384 0.14508
0.87575 0.95167 1.00000 1.00000 1.00000 1.00000 1.00000 1.00000 1.00000 1.00000 0.96735 0.91978 0.70637 0.59898 0.27406 0.56184 0.59795 0.62497 0.32392 0.31666 0.51605 0.50273 0.49384 0.20221 0.20291
0.87825 1.00000 0.96239 1.00000 0.98851 1.00000 0.98851 1.00000 0.98451 1.00000 0.97764 0.91070 0.70000 0.64797 0.20521 0.46436 0.50709 0.54178 0.37487 0.28857 0.36025 0.37913 0.20625 0.19561 0.19087
0.87575 0.95167 1.00000 1.00000 1.00000 1.00000 1.00000 1.00000 1.00000 1.00000 0.96735 0.91055 0.42325 0.71930 0.44333 0.47551 0.62062 0.65640 0.64327 0.54918 0.24434 0.22126 0.24216 0.24883 0.00000
0.87825 1.00000 0.96239 1.00000 0.98851 1.00000 0.98851 1.00000 0.98451 1.00000 0.97764 0.89877 0.63468 0.47140 0.50855 0.51467 0.48653 0.60259 0.60676 0.69489 0.53734 0.25436 0.25767 0.14909 0.14910
0.87575 0.95167 1.00000 1.00000 1.00000 1.00000 1.00000 1.00000 1.00000 1.00000 0.96735 0.96465 0.73680 0.50894 0.34615 0.55798 0.51327 0.37527 0.20827 0.56302 0.31034 0.12762 0.13671 0.14971 0.14972
0.87825 1.00000 0.98026 1.00000 0.98451 1.00000 0.98451 1.00000 1.00000 1.00000 1.00000 0.82981 0.53273 0.51635 0.22832 0.20377 0.19978 0.33324 0.34368 0.34054 0.31835 0.32923 0.12570 0.15033 0.15034
0.55897 0.95852 1.00000 1.00000 1.00000 1.00000 1.00000 1.00000 1.00000 1.00000 0.96094 0.84351 0.40455 0.30410 0.24387 0.21720 0.34011 0.33335 0.35089 0.35687 0.33353 0.10887 0.11900 0.12601 0.00000
0.52806 1.00000 0.97159 1.00000 0.97764 0.97053 0.97764 0.97053 1.00000 0.96094 1.00000 0.63373 0.41357 0.00000 0.00000 0.22684 0.34822 0.21512 0.14217 0.32882 0.33188 0.00000 0.00000 0.00000 0.00000
0.33333 0.53470 1.00000 0.92675 0.93486 0.98070 0.93486 0.98070 0.93486 0.95503 0.52318 0.55026 0.00000 0.00000 0.00000 0.00000 0.20311 0.14205 0.14243 0.14275 0.00000 0.00000 0.00000 0.00000 0.00000
0.00000 0.33333 0.33333 0.56773 0.57059 0.56773 0.57059 0.56773 0.57059 0.33333 0.33333 0.00000 0.00000 0.00000 0.00000 0.00000 0.00000 0.00000 0.00000 0.00000 0.00000 0.00000 0.00000 0.00000 0.00000
