# name=organic_walks field=200x200 stride=8
25 25
0.00000 0.00000 0.00000 0.00000 0.00000 0.00000 0.41385 0.14098 0.00000 0.28306 0.28469 0.00000 0.00000 0.00000 0.00000 0.00000 0.00000 0.00000 0.00000 0.00000 0.00000 0.00000 0.00000 0.00000 0.00000
0.00000 0.00000 0.00000 0.00000 0.00000 0.39168 0.42304 0.43704 0.39194 0.39811 0.28575 0.28758 0.00000 0.00000 0.00000 0.00000 0.00000 0.00000 0.00000 0.00000 0.00000 0.00000 0.00000 0.00000 0.00000
0.00000 0.00000 0.00000 0.00000 0.37871 0.39836 0.43410 0.56861 0.38542 0.39634 0.40343 0.28844 0.00000 0.00000 0.00000 0.00000 0.00000 0.00000 0.00000 0.12546 0.11178 0.00000 0.00000 0.00000 0.00000
0.00000 0.00000 0.00000 0.37372 0.39998 0.40693 0.44647 0.54648 0.37534 0.38849 0.46029 0.52744 0.44616 0.52446 0.24807 0.07721 0.16117 0.17806 0.00000 0.11711 0.10787 0.23211 0.15297 0.15263 0.15227
0.00000 0.00000 0.00000 0.36593 0.39567 0.41704 0.45943 0.56683 0.48708 0.52533 0.45536 0.28969 0.51008 0.46612 0.42281 0.15197 0.16049 0.16941 0.17556 0.10479 0.16835 0.21711 0.15121 0.15076 0.15030
0.00000 0.00000 0.11691 0.10273 0.33728 0.12677 0.42120 0.55884 0.44181 0.67476 0.69760 0.26258 0.62455 0.68700 0.49354 0.16081 0.16994 0.18620 0.11147 0.00000 0.26867 0.29129 0.31014 0.12109 0.12442
0.00000 0.00000 0.10973 0.09799 0.27270 0.27560 0.28801 0.14567 0.62979 0.65964 0.40074 0.42273 0.61498 0.64631 0.74338 0.42998 0.34573 0.10538 0.11675 0.00000 0.26909 0.31311 0.11980 0.12166 0.12363
0.00000 0.11461 0.12438 0.13250 0.14812 0.51750 0.51117 0.40854 0.41777 0.21285 0.39488 0.40305 0.51733 0.50199 0.54306 0.24768 0.20981 0.10010 0.08218 0.32298 0.43309 0.62154 0.34639 0.22674 0.22192
0.14454 0.14539 0.14621 0.26752 0.26568 0.39102 0.45781 0.50902 0.21854 0.19011 0.22714 0.22741 0.50218 0.52657 0.36492 0.25244 0.20813 0.16276 0.45032 0.32450 0.61451 0.37502 0.36526 0.34546 0.20782
0.14355 0.14430 0.14514 0.25497 0.25396 0.54119 0.40612 0.77023 0.37172 0.49919 0.71562 0.72436 0.36450 0.62282 0.62095 0.32855 0.39598 0.50406 0.27973 0.31791 0.31203 0.44945 0.35864 0.34522 0.35590
0.14278 0.14335 0.14408 0.54925 0.47582 0.49311 0.72404 0.78831 0.79186 0.78480 0.55408 0.34886 0.36007 0.40640 0.38656 0.26499 0.32240 0.19340 0.19245 0.12965 0.54756 0.62642 0.67661 0.66253 0.64635
0.00000 0.12085 0.11505 0.53799 0.59360 0.66804 0.40903 0.39790 0.80406 0.77102 0.38735 0.39970 0.39553 0.61138 0.38151 0.34408 0.30951 0.18776 0.44628 0.41397 0.52802 0.63829 0.68834 0.64230 0.21269
0.00000 0.00000 0.00000 0.53060 0.55945 0.41949 0.56166 0.39825 0.34644 0.51936 0.41179 0.36814 0.35728 0.24848 0.36024 0.29940 0.29853 0.56196 0.58323 0.59084 0.53064 0.54262 0.56547 0.35844 0.14012
0.00000 0.00000 0.00000 0.47157 0.69619 0.69477 0.65400 0.42085 0.60430 0.46396 0.46446 0.32733 0.32689 0.47051 0.40697 0.66538 0.67671 0.63676 0.59291 0.54013 0.42276 0.61418 0.35428 0.34812 0.14198
0.00000 0.00000 0.39393 0.49949 0.51450 0.48285 0.43196 0.38960 0.40806 0.42094 0.43518 0.35064 0.34698 0.50019 0.61106 0.66941 0.64992 0.58058 0.57701 0.44789 0.42157 0.42457 0.10961 0.11758 0.14462
0.00000 0.00000 0.19176 0.20648 0.49723 0.58446 0.44019 0.34217 0.55787 0.13128 0.41796 0.22009 0.37298 0.36381 0.70739 0.69517 0.65421 0.58398 0.63734 0.71644 0.64495 0.49650 0.10788 0.12253 0.14491
0.00000 0.00000 0.17739 0.19606 0.49183 0.48877 0.37623 0.38059 0.35580 0.23973 0.26125 0.23549 0.18637 0.20518 0.46108 0.22989 0.47594 0.24193 0.53711 0.46130 0.42055 0.63292 0.23986 0.24284 0.11541
0.00000 0.00000 0.22514 0.44189 0.48051 0.35849 0.38096 0.39244 0.37732 0.26463 0.19149 0.18523 0.15849 0.15641 0.10495 0.58969 0.56473 0.21448 0.45647 0.53677 0.56835 0.56276 0.42121 0.14583 0.14585
0.00000 0.00000 0.12164 0.44441 0.45999 0.66638 0.38488 0.39927 0.53291 0.28186 0.20328 0.09944 0.15860 0.07609 0.32235 0.35310 0.49593 0.47103 0.57817 0.53872 0.44621 0.46235 0.49849 0.14592 0.14594
0.00000 0.00000 0.00000 0.45743 0.46643 0.47780 0.76286 0.72069 0.46870 0.49087 0.36712 0.18729 0.16532 0.11632 0.55222 0.57960 0.58266 0.65018 0.44387 0.50421 0.62181 0.44653 0.48748 0.20567 0.14602
0.00000 0.00000 0.00000 0.00000 0.22680 0.40983 0.35124 0.19981 0.46258 0.48147 0.33920 0.19523 0.33034 0.32791 0.32021 0.42036 0.67437 0.58441 0.59494 0.52953 0.52930 0.22170 0.22734 0.14691 0.00000
0.00000 0.00000 0.00000 0.00000 0.25140 0.39664 0.38574 0.47206 0.48497 0.49411 0.36018 0.35343 0.31002 0.29646 0.63892 0.40243 0.43145 0.56775 0.58333 0.45146 0.51803 0.21894 0.14784 0.14716 0.00000
0.00000 0.00000 0.00000 0.00000 0.14605 0.14637 0.40878 0.49284 0.24836 0.23283 0.23729 0.37464 0.32676 0.29673 0.11703 0.39829 0.20985 0.42672 0.41379 0.24362 0.14821 0.19996 0.14819 0.14747 0.00000
0.00000 0.00000 0.00000 0.00000 0.14615 0.14649 0.00000 0.29369 0.26648 0.25578 0.24841 0.25741 0.23666 0.14399 0.14242 0.14248 0.21497 0.21620 0.40262 0.14730 0.14780 0.14832 0.00000 0.00000 0.00000
0.00000 0.00000 0.00000 0.00000 0.00000 0.00000 0.00000 0.00000 0.29371 0.29375 0.29378 0.00000 0.00000 0.14417 0.00000 0.14247 0.14324 0.14412 0.14489 0.00000 0.00000 0.00000 0.00000 0.00000 0.00000
