# name=rect_rotated_scattered field=200x200 stride=8
25 25
0.00000 0.00000 0.00000 0.00000 0.00000 0.00000 0.00000 0.00000 0.00000 0.00000 0.00000 0.00000 0.00000 0.00000 0.00000 0.00000 0.00000 0.00000 0.00000 0.00000 0.00000 0.00000 0.00000 0.00000 0.00000
0.00000 0.00000 0.00000 0.00000 0.00000 0.00000 0.00000 0.00000 0.00000 0.00000 0.00000 0.00000 0.00000 0.00000 0.00000 0.00000 0.00000 0.00000 0.00000 0.00000 0.00000 0.00000 0.00000 0.00000 0.00000
0.00000 0.00000 0.00000 0.00000 0.00000 0.00000 0.00000 0.00000 0.00000 0.00000 0.00000 0.00000 0.00000 0.00000 0.00000 0.00000 0.00000 0.00000 0.00000 0.00000 0.00000 0.00000 0.00000 0.00000 0.00000
0.00000 0.00000 0.00000 0.00000 0.00000 0.00000 0.00000 0.09850 0.07793 0.00000 0.00000 0.00000 0.00000 0.00000 0.00000 0.00000 0.00000 0.00000 0.00000 0.00000 0.00000 0.00000 0.00000 0.00000 0.00000
0.00000 0.00000 0.00000 0.00000 0.00000 0.18194 0.11186 0.09570 0.08186 0.00000 0.00000 0.00000 0.00000 0.00000 0.00000 0.00000 0.00000 0.11563 0.00000 0.00000 0.00000 0.00000 0.00000 0.00000 0.00000
0.00000 0.00000 0.00000 0.00000 0.00000 0.16982 0.10121 0.08996 0.00000 0.06990 0.11410 0.00000 0.00000 0.00000 0.17925 0.20961 0.00000 0.00000 0.00000 0.18807 0.31831 0.36963 0.38626 0.00000 0.00000
0.00000 0.00000 0.00000 0.00000 0.14221 0.00000 0.08460 0.24396 0.10675 0.10338 0.15896 0.20912 0.15593 0.00000 0.22840 0.15604 0.15521 0.00000 0.25600 0.21124 0.33225 0.39895 0.41081 0.41906 0.00000
0.00000 0.00000 0.00000 0.00000 0.08721 0.10614 0.19665 0.12927 0.12748 0.20902 0.18347 0.15736 0.13967 0.00000 0.15737 0.15624 0.14665 0.00000 0.17677 0.36419 0.49605 0.41819 0.42681 0.14807 0.14882
0.00000 0.00000 0.08246 0.08978 0.08053 0.09292 0.18277 0.21815 0.14383 0.22498 0.47166 0.12469 0.12275 0.14102 0.21943 0.19996 0.19539 0.17514 0.21280 0.21678 0.22156 0.25549 0.14621 0.14715 0.14807
0.00000 0.10143 0.11241 0.12338 0.13292 0.20861 0.16930 0.19551 0.20956 0.31069 0.46770 0.10650 0.12255 0.19934 0.19239 0.45775 0.20898 0.22907 0.43732 0.23150 0.15251 0.24702 0.22028 0.22507 0.22924
0.00000 0.14454 0.14602 0.14758 0.13884 0.12763 0.18311 0.18567 0.22578 0.26570 0.13615 0.16465 0.18726 0.18508 0.10845 0.44096 0.24291 0.25882 0.59018 0.37116 0.35351 0.30131 0.07494 0.00000 0.00000
0.00000 0.26389 0.25802 0.25106 0.21707 0.18234 0.00000 0.19960 0.23158 0.17757 0.13452 0.00000 0.19930 0.34137 0.47156 0.36074 0.43875 0.41749 0.39454 0.34961 0.29324 0.29259 0.11415 0.00000 0.00000
0.14177 0.14198 0.25551 0.23766 0.21281 0.15617 0.10450 0.00000 0.22583 0.16275 0.11132 0.18903 0.19063 0.51314 0.50261 0.58875 0.40628 0.37274 0.34881 0.35362 0.23267 0.38220 0.23794 0.25645 0.14575
0.22369 0.22931 0.23529 0.37504 0.40203 0.14058 0.00000 0.00000 0.00000 0.11345 0.26668 0.27802 0.21667 0.54855 0.52062 0.41435 0.57112 0.36775 0.37229 0.37943 0.38120 0.20351 0.23245 0.24841 0.14641
0.21395 0.22201 0.23023 0.38504 0.34228 0.28166 0.00000 0.00000 0.19074 0.24424 0.35870 0.33310 0.33715 0.34915 0.51419 0.16935 0.13743 0.26240 0.24124 0.24415 0.36528 0.40512 0.44259 0.46080 0.28129
0.00000 0.19772 0.20936 0.39848 0.39002 0.30873 0.00000 0.00000 0.22337 0.27612 0.38401 0.38820 0.39354 0.42065 0.14406 0.14406 0.14406 0.23227 0.20349 0.20439 0.60455 0.61584 0.63197 0.26181 0.26452
0.00000 0.00000 0.00000 0.40986 0.50018 0.48779 0.30239 0.45805 0.19944 0.36077 0.40225 0.40654 0.41049 0.42060 0.10624 0.10317 0.16041 0.00000 0.16352 0.16138 0.67102 0.71911 0.72677 0.23044 0.00000
0.00000 0.12261 0.11933 0.56484 0.56786 0.65199 0.38817 0.46854 0.41268 0.16255 0.04540 0.11972 0.33334 0.33184 0.17826 0.05864 0.00000 0.00000 0.00000 0.14800 0.35311 0.43352 0.47419 0.00000 0.00000
0.00000 0.00000 0.10525 0.10452 0.16824 0.50479 0.43319 0.47442 0.43334 0.11098 0.07706 0.08242 0.22129 0.39714 0.14673 0.20948 0.16733 0.19525 0.20638 0.66325 0.42034 0.59170 0.61901 0.00000 0.00000
0.00000 0.00000 0.12220 0.39263 0.35128 0.36126 0.58451 0.13968 0.19457 0.42896 0.15461 0.17496 0.39284 0.24611 0.23360 0.20472 0.16757 0.19924 0.51951 0.37271 0.70940 0.40307 0.41331 0.00000 0.00000
0.00000 0.14840 0.26025 0.23591 0.20092 0.65704 0.63369 0.11771 0.11895 0.48356 0.43771 0.12048 0.22928 0.36070 0.59953 0.32702 0.27928 0.36426 0.51996 0.41683 0.77873 0.33895 0.00000 0.00000 0.00000
0.00000 0.14953 0.15020 0.24013 0.50834 0.66299 0.22693 0.25846 0.10253 0.28026 0.21292 0.00000 0.19512 0.34367 0.57173 0.47701 0.11823 0.13022 0.43203 0.43155 0.43132 0.00000 0.00000 0.00000 0.00000
0.15035 0.15109 0.15186 0.15259 0.52873 0.51816 0.23189 0.25452 0.00000 0.23352 0.21676 0.00000 0.12646 0.31583 0.51957 0.42119 0.13610 0.15387 0.42421 0.00000 0.00000 0.00000 0.00000 0.00000 0.00000
0.00000 0.15273 0.15337 0.15392 0.22804 0.15071 0.14737 0.14476 0.00000 0.00000 0.00000 0.00000 0.13378 0.13516 0.13930 0.23147 0.15306 0.15343 0.40814 0.00000 0.00000 0.00000 0.00000 0.00000 0.00000
0.00000 0.00000 0.00000 0.00000 0.15353 0.15103 0.14771 0.14497 0.00000 0.00000 0.00000 0.00000 0.16054 0.15824 0.15570 0.15385 0.15273 0.15302 0.15337 0.00000 0.00000 0.00000 0.00000 0.00000 0.00000
