# name=mixed_regions field=200x200 stride=8
25 25
0.00000 0.00000 0.50295 0.00000 0.45557 0.00000 0.45557 0.00000 0.45557 0.00000 0.52806 0.00000 0.00000 0.00000 0.00000 0.00000 0.00000 0.00000 0.00000 0.00000 0.00000 0.00000 0.00000 0.00000 0.00000
0.00000 0.52211 1.00000 0.93222 1.00000 0.89834 1.00000 0.89834 1.00000 0.95852 1.00000 0.53470 0.44178 0.00000 0.00000 0.00000 0.00000 0.00000 0.00000 0.00000 0.00000 0.00000 0.00000 0.00000 0.00000
0.50295 1.00000 0.95276 1.00000 0.96239 1.00000 0.96239 1.00000 0.98026 1.00000 0.97159 1.00000 0.43472 0.33802 0.00000 0.00000 0.00000 0.00000 0.00000 0.00000 0.17948 0.63382 0.70880 0.24801 0.14742
0.00000 0.93222 1.00000 1.00000 1.00000 1.00000 1.00000 1.00000 1.00000 1.00000 1.00000 0.89209 0.41488 0.32687 0.00000 0.00000 0.00000 0.00000 0.00000 0.14295 0.16684 0.61657 0.70038 0.73820 0.42157
0.45557 1.00000 0.96239 1.00000 0.97018 1.00000 0.97018 1.00000 0.98451 1.00000 0.97764 0.90428 0.39725 0.17127 0.00000 0.00000 0.00000 0.00000 0.05829 0.00000 0.53206 0.61489 0.68645 0.71139 0.41185
0.00000 0.89834 1.00000 1.00000 1.00000 1.00000 1.00000 1.00000 1.00000 1.00000 0.96735 0.89061 0.20584 0.29108 0.00000 0.00000 0.19216 0.04231 0.00000 0.00000 0.55119 0.62439 0.70095 0.52969 0.40015
0.45557 1.00000 0.96239 1.00000 0.97018 1.00000 0.97018 1.00000 0.98451 1.00000 0.97764 0.90428 0.19536 0.28083 0.00000 0.34683 0.26807 0.40787 0.00000 0.00000 0.19297 0.56017 0.44088 0.48370 0.52650
0.00000 0.89834 1.00000 1.00000 1.00000 1.00000 1.00000 1.00000 1.00000 1.00000 0.96735 0.89186 0.38864 0.14498 0.00000 0.29382 0.33574 0.35635 0.17969 0.28458 0.00000 0.12901 0.15438 0.09519 0.10258
0.45557 1.00000 0.96239 1.00000 0.97018 1.00000 0.97018 1.00000 0.98451 1.00000 0.97764 0.81446 0.47468 0.31792 0.00000 0.20356 0.26448 0.38581 0.49258 0.35675 0.22325 0.00000 0.12847 0.13778 0.00000
0.00000 0.89834 1.00000 1.00000 1.00000 1.00000 1.00000 1.00000 1.00000 1.00000 0.96735 0.83252 0.50723 0.28859 0.23703 0.38299 0.42115 0.44830 0.29448 0.40986 0.36765 0.00000 0.00000 0.00000 0.00000
0.45557 1.00000 0.96239 1.00000 0.97018 1.00000 0.97018 1.00000 0.98451 1.00000 0.95015 0.82711 0.50458 0.51684 0.26530 0.39863 0.42935 0.62694 0.44635 0.40716 0.36765 0.00000 0.00000 0.00000 0.00000
0.00000 0.89834 1.00000 1.00000 1.00000 1.00000 1.00000 1.00000 1.00000 1.00000 0.94059 0.82123 0.64917 0.53825 0.27708 0.29186 0.41855 0.67264 0.46155 0.27385 0.16157 0.00000 0.00000 0.00000 0.00000
0.45557 1.00000 0.96239 1.00000 0.97018 1.00000 0.97018 1.00000 0.98451 1.00000 0.97764 0.88359 0.48724 0.22559 0.00000 0.17166 0.14359 0.58634 0.41239 0.68807 0.30876 0.18142 0.19171 0.18571 0.00000
0.00000 0.89834 1.00000 1.00000 1.00000 1.00000 1.00000 1.00000 1.00000 1.00000 0.96735 0.87776 0.38564 0.18318 0.07615 0.07561 0.20508 0.25945 0.61059 0.63787 0.38574 0.38615 0.22056 0.07991 0.00000
0.45557 1.00000 0.96239 1.00000 0.97018 1.00000 0.97018 1.00000 0.98451 1.00000 0.97764 0.84861 0.19461 0.51910 0.10064 0.08776 0.07216 0.30315 0.40053 0.31715 0.44880 0.31380 0.09950 0.08795 0.00000
0.00000 0.89834 1.00000 1.00000 1.00000 1.00000 1.00000 1.00000 1.00000 1.00000 0.96735 0.81751 0.20671 0.59898 0.20355 0.18519 0.16609 0.13724 0.27720 0.31666 0.47827 0.50273 0.49384 0.20221 0.20291
0.45557 1.00000 0.96239 1.00000 0.97018 1.00000 0.97018 1.00000 0.98451 1.00000 0.97764 0.81613 0.20615 0.64797 0.20521 0.19023 0.17373 0.14764 0.14480 0.14429 0.18012 0.33434 0.18969 0.18944 0.19087
0.00000 0.89834 1.00000 1.00000 1.00000 1.00000 1.00000 1.00000 1.00000 1.00000 0.96735 0.82126 0.19959 0.71930 0.27074 0.26030 0.16036 0.13873 0.28408 0.30427 0.15534 0.14304 0.00000 0.00000 0.00000
0.45557 1.00000 0.96239 1.00000 0.97018 1.00000 0.97018 1.00000 0.98451 1.00000 0.97764 0.89877 0.63468 0.40791 0.22079 0.51467 0.48653 0.11258 0.06125 0.47345 0.32688 0.00000 0.00000 0.00000 0.00000
0.00000 0.89834 1.00000 1.00000 1.00000 1.00000 1.00000 1.00000 1.00000 1.00000 0.96735 0.85402 0.65388 0.40110 0.34615 0.55798 0.51327 0.28628 0.00000 0.40062 0.26901 0.00000 0.00000 0.00000 0.00000
0.45557 1.00000 0.98026 1.00000 0.98451 1.00000 0.98451 1.00000 1.00000 1.00000 1.00000 0.80883 0.19011 0.40927 0.22832 0.20377 0.17962 0.31520 0.34368 0.34054 0.31835 0.30699 0.00000 0.00000 0.00000
0.00000 0.95852 1.00000 1.00000 1.00000 1.00000 1.00000 1.00000 1.00000 1.00000 0.96094 0.84351 0.20588 0.15320 0.24387 0.21720 0.34011 0.32227 0.35089 0.35687 0.33353 0.00000 0.00000 0.00000 0.00000
0.52806 1.00000 0.97159 1.00000 0.97764 0.96735 0.97764 0.96735 1.00000 0.96094 1.00000 0.46434 0.22107 0.00000 0.00000 0.22684 0.34822 0.21512 0.00000 0.32882 0.33188 0.00000 0.00000 0.00000 0.00000
0.00000 0.53470 1.00000 0.92675 0.90428 0.89061 0.90428 0.89061 0.90428 0.95503 0.52318 0.55026 0.00000 0.00000 0.00000 0.00000 0.20311 0.00000 0.00000 0.00000 0.00000 0.00000 0.00000 0.00000 0.00000
0.00000 0.00000 0.00000 0.00000 0.00000 0.00000 0.00000 0.00000 0.00000 0.00000 0.00000 0.00000 0.00000 0.00000 0.00000 0.00000 0.00000 0.00000 0.00000 0.00000 0.00000 0.00000 0.00000 0.00000 0.00000
