# name=two_districts field=200x200 stride=8
25 25
0.00000 0.33333 0.54838 0.56773 0.87825 0.87575 0.87825 0.87575 0.87825 0.55897 0.45245 0.18567 0.35152 0.35643 0.85564 0.74201 0.77526 0.78208 0.84182 0.84552 0.47831 0.80462 0.83673 0.88977 0.48174
0.33333 0.52211 1.00000 0.93792 1.00000 0.98200 1.00000 0.98200 1.00000 0.95852 0.86537 0.36351 0.68116 0.68015 0.82878 0.83221 0.86510 0.85901 0.83809 0.83069 0.79974 0.86227 0.83506 0.84041 0.84517
0.54838 1.00000 0.95276 1.00000 0.97174 1.00000 0.97174 1.00000 0.98026 1.00000 0.88326 0.72784 0.81019 0.74025 0.80846 0.81288 0.85436 0.85668 0.87368 0.84417 0.80792 0.86947 0.84143 0.82631 0.81046
0.56773 0.93792 1.00000 1.00000 1.00000 1.00000 1.00000 1.00000 1.00000 1.00000 0.94762 0.82257 0.77286 0.80233 0.83002 0.84273 0.85983 0.85410 0.87437 0.86875 0.88364 0.85569 0.86326 0.84373 0.81983
0.87825 1.00000 0.97174 1.00000 0.98851 1.00000 0.98851 1.00000 0.98816 1.00000 0.93494 0.80320 0.75101 0.78574 0.84820 0.85005 0.86467 0.88035 0.86283 0.86241 0.86966 0.86999 0.85592 0.85209 0.74278
0.87575 0.98200 1.00000 1.00000 1.00000 1.00000 1.00000 1.00000 1.00000 1.00000 0.91261 0.83043 0.64491 0.80208 0.87721 0.87795 0.86453 0.86879 0.86846 0.88032 0.87291 0.87675 0.86719 0.84558 0.85679
0.87825 1.00000 0.97174 1.00000 0.98851 1.00000 0.98851 1.00000 0.98816 1.00000 0.92210 0.75997 0.69436 0.77898 0.87667 0.87699 0.87690 0.87727 0.86326 0.86802 0.85198 0.88303 0.86632 0.86396 0.83255
0.87575 0.98200 1.00000 1.00000 1.00000 1.00000 1.00000 1.00000 1.00000 1.00000 0.92560 0.83673 0.66841 0.73665 0.86193 0.85441 0.86883 0.87664 0.87720 0.87875 0.88040 0.86890 0.85893 0.87606 0.86392
0.87825 1.00000 0.97174 1.00000 0.98851 1.00000 0.98851 1.00000 0.98816 1.00000 0.97764 0.85025 0.64995 0.80843 0.83143 0.85963 0.87746 0.87742 0.85951 0.86522 0.88024 0.86833 0.87285 0.82974 0.80461
0.87575 0.98200 1.00000 1.00000 1.00000 1.00000 1.00000 1.00000 1.00000 1.00000 0.95339 0.82433 0.73348 0.82720 0.84247 0.87271 0.87883 0.87886 0.87943 0.88047 0.85786 0.86463 0.84304 0.83457 0.83663
0.87825 1.00000 0.97174 1.00000 0.98851 1.00000 0.98851 1.00000 0.98816 1.00000 0.94646 0.78589 0.71643 0.80727 0.85468 0.88029 0.88059 0.86649 0.86847 0.88232 0.88269 0.88156 0.85229 0.85380 0.85262
0.87575 0.98200 1.00000 1.00000 1.00000 1.00000 1.00000 1.00000 1.00000 1.00000 0.96680 0.89758 0.71145 0.75236 0.85796 0.88122 0.88221 0.87198 0.88398 0.86207 0.86694 0.86925 0.87217 0.86946 0.83278
0.87825 1.00000 0.97174 1.00000 0.98851 1.00000 0.98851 1.00000 0.98816 1.00000 0.97764 0.83732 0.63943 0.68676 0.80784 0.83951 0.86594 0.87053 0.88508 0.87483 0.88428 0.86415 0.86810 0.85676 0.83028
0.87575 0.98200 1.00000 1.00000 1.00000 1.00000 1.00000 1.00000 1.00000 1.00000 0.93479 0.82803 0.56519 0.81235 0.84390 0.85975 0.86643 0.88383 0.88467 0.87141 0.87423 0.87380 0.87166 0.83895 0.83769
0.87825 1.00000 0.97174 1.00000 0.98851 1.00000 0.98851 1.00000 0.98816 1.00000 0.93187 0.77520 0.67001 0.77271 0.85715 0.87818 0.86871 0.88236 0.87140 0.88411 0.88354 0.88390 0.88419 0.86737 0.87401
0.87575 0.98200 1.00000 1.00000 1.00000 1.00000 1.00000 1.00000 1.00000 1.00000 0.92308 0.81646 0.75435 0.75687 0.87556 0.87812 0.88036 0.88158 0.86913 0.87314 0.86830 0.88212 0.88299 0.88542 0.86163
0.87825 1.00000 0.97174 1.00000 0.98851 1.00000 0.98851 1.00000 0.98816 1.00000 0.97764 0.76526 0.70389 0.76037 0.83980 0.85502 0.87991 0.88131 0.88067 0.88006 0.87929 0.87010 0.88162 0.87033 0.86961
0.87575 0.98200 1.00000 1.00000 1.00000 1.00000 1.00000 1.00000 1.00000 1.00000 0.97224 0.83192 0.65486 0.73957 0.83038 0.81775 0.86666 0.88147 0.86667 0.87819 0.87745 0.87824 0.86648 0.84121 0.82930
0.87825 1.00000 0.97174 1.00000 0.98851 1.00000 0.98851 1.00000 0.98816 1.00000 0.94156 0.80648 0.44322 0.78364 0.84296 0.88362 0.88271 0.88120 0.87956 0.87779 0.85394 0.86223 0.87285 0.85710 0.86649
0.87575 0.98200 1.00000 1.00000 1.00000 1.00000 1.00000 1.00000 1.00000 1.00000 0.92792 0.82461 0.68693 0.78514 0.86258 0.88449 0.88385 0.88251 0.87974 0.87837 0.86668 0.87792 0.84897 0.88161 0.78886
0.87825 1.00000 0.98026 1.00000 0.98816 1.00000 0.98816 1.00000 1.00000 1.00000 0.96322 0.84154 0.65739 0.76047 0.87304 0.86891 0.88436 0.86850 0.88102 0.87972 0.86486 0.87916 0.86261 0.85699 0.82332
0.55897 0.95852 1.00000 1.00000 1.00000 1.00000 1.00000 1.00000 1.00000 1.00000 0.96094 0.86580 0.62877 0.72794 0.82271 0.84359 0.87559 0.87246 0.88255 0.86608 0.88093 0.86253 0.86761 0.85112 0.84787
0.55526 1.00000 0.97159 1.00000 0.97764 0.97224 0.97764 0.97224 1.00000 0.96094 1.00000 0.64603 0.68818 0.79517 0.85419 0.85446 0.88679 0.87100 0.88429 0.88324 0.87233 0.87175 0.85104 0.83519 0.80353
0.33333 0.54665 1.00000 0.94236 0.93486 0.98070 0.93486 0.98070 0.93486 0.95503 0.66144 0.59324 0.40331 0.84563 0.86291 0.85993 0.88852 0.87629 0.84609 0.87676 0.87586 0.84311 0.81968 0.79578 0.75153
0.00000 0.33333 0.33333 0.56773 0.57059 0.56773 0.57059 0.56773 0.57059 0.33333 0.52730 0.00000 0.43408 0.88987 0.89129 0.85595 0.79575 0.86273 0.82849 0.86169 0.84830 0.85531 0.80718 0.75032 0.67030
