# name=grid_streets_w2 field=200x200 stride=8
25 25
0.56888 0.56195 0.97172 1.00000 0.96790 0.98536 0.97352 0.95436 0.93733 0.96491 0.97331 0.95604 0.98964 0.95536 0.98353 0.96141 0.96152 0.96883 0.96790 1.00000 0.95298 0.92549 0.96523 0.91835 0.77398
0.56195 1.00000 1.00000 0.98997 1.00000 0.98923 1.00000 0.98394 0.96377 1.00000 0.98123 1.00000 0.98362 1.00000 0.98690 1.00000 1.00000 0.98621 1.00000 0.98973 1.00000 1.00000 0.96969 1.00000 0.77930
0.97172 1.00000 1.00000 0.99288 1.00000 0.99245 1.00000 1.00000 1.00000 1.00000 0.99463 1.00000 0.98916 1.00000 1.00000 1.00000 1.00000 0.99338 1.00000 0.99290 1.00000 1.00000 1.00000 1.00000 1.00000
1.00000 0.98997 0.99288 0.98697 1.00000 0.98733 1.00000 0.98783 0.99211 0.98949 0.99485 1.00000 1.00000 1.00000 0.99415 0.98916 0.99124 0.99367 1.00000 1.00000 1.00000 0.99494 1.00000 1.00000 1.00000
0.96790 1.00000 1.00000 1.00000 1.00000 1.00000 1.00000 1.00000 1.00000 1.00000 1.00000 1.00000 1.00000 1.00000 1.00000 1.00000 1.00000 1.00000 1.00000 1.00000 1.00000 1.00000 1.00000 1.00000 1.00000
0.98536 0.98923 0.99245 0.98733 1.00000 1.00000 1.00000 1.00000 1.00000 1.00000 0.99528 1.00000 1.00000 1.00000 1.00000 1.00000 1.00000 0.99423 1.00000 1.00000 1.00000 0.99462 1.00000 1.00000 1.00000
0.97352 1.00000 1.00000 1.00000 1.00000 1.00000 1.00000 1.00000 1.00000 1.00000 1.00000 1.00000 1.00000 1.00000 1.00000 1.00000 1.00000 1.00000 1.00000 1.00000 1.00000 1.00000 1.00000 1.00000 1.00000
0.95436 0.98394 1.00000 0.98783 1.00000 1.00000 1.00000 1.00000 1.00000 1.00000 1.00000 1.00000 1.00000 1.00000 1.00000 1.00000 1.00000 1.00000 1.00000 1.00000 1.00000 1.00000 1.00000 1.00000 1.00000
0.93733 0.96377 1.00000 0.99211 1.00000 1.00000 1.00000 1.00000 1.00000 1.00000 0.99546 1.00000 1.00000 1.00000 1.00000 1.00000 1.00000 1.00000 1.00000 1.00000 1.00000 1.00000 1.00000 1.00000 1.00000
0.96491 1.00000 1.00000 0.98949 1.00000 1.00000 1.00000 1.00000 1.00000 1.00000 0.99599 1.00000 1.00000 1.00000 1.00000 1.00000 1.00000 1.00000 1.00000 1.00000 1.00000 1.00000 1.00000 1.00000 1.00000
0.97331 0.98123 0.99463 0.99485 1.00000 0.99528 1.00000 1.00000 0.99546 0.99599 0.98835 1.00000 0.99671 1.00000 1.00000 1.00000 1.00000 1.00000 1.00000 0.99539 1.00000 1.00000 1.00000 1.00000 1.00000
0.95604 1.00000 1.00000 1.00000 1.00000 1.00000 1.00000 1.00000 1.00000 1.00000 1.00000 1.00000 1.00000 1.00000 1.00000 1.00000 1.00000 1.00000 1.00000 1.00000 1.00000 1.00000 1.00000 1.00000 1.00000
0.98964 0.98362 0.98916 1.00000 1.00000 1.00000 1.00000 1.00000 1.00000 1.00000 0.99671 1.00000 1.00000 1.00000 1.00000 1.00000 1.00000 1.00000 1.00000 1.00000 1.00000 1.00000 1.00000 1.00000 1.00000
0.95536 1.00000 1.00000 1.00000 1.00000 1.00000 1.00000 1.00000 1.00000 1.00000 1.00000 1.00000 1.00000 1.00000 1.00000 1.00000 1.00000 1.00000 1.00000 1.00000 1.00000 1.00000 1.00000 1.00000 1.00000
0.98353 0.98690 1.00000 0.99415 1.00000 1.00000 1.00000 1.00000 1.00000 1.00000 1.00000 1.00000 1.00000 1.00000 1.00000 1.00000 1.00000 1.00000 1.00000 1.00000 1.00000 1.00000 1.00000 1.00000 1.00000
0.96141 1.00000 1.00000 0.98916 1.00000 1.00000 1.00000 1.00000 1.00000 1.00000 1.00000 1.00000 1.00000 1.00000 1.00000 1.00000 1.00000 1.00000 1.00000 1.00000 1.00000 1.00000 1.00000 1.00000 1.00000
0.96152 1.00000 1.00000 0.99124 1.00000 1.00000 1.00000 1.00000 1.00000 1.00000 1.00000 1.00000 1.00000 1.00000 1.00000 1.00000 1.00000 1.00000 1.00000 1.00000 1.00000 1.00000 1.00000 1.00000 1.00000
0.98357 0.98621 0.99338 0.99367 1.00000 0.99423 1.00000 1.00000 1.00000 1.00000 1.00000 1.00000 1.00000 1.00000 1.00000 1.00000 1.00000 1.00000 1.00000 0.99440 1.00000 0.99529 1.00000 1.00000 1.00000
0.96790 1.00000 1.00000 1.00000 1.00000 1.00000 1.00000 1.00000 1.00000 1.00000 1.00000 1.00000 1.00000 1.00000 1.00000 1.00000 1.00000 1.00000 1.00000 1.00000 1.00000 1.00000 1.00000 1.00000 1.00000
1.00000 0.98973 0.99290 1.00000 1.00000 1.00000 1.00000 1.00000 1.00000 1.00000 0.99539 1.00000 1.00000 1.00000 1.00000 1.00000 1.00000 0.99440 1.00000 1.00000 1.00000 0.99493 1.00000 1.00000 1.00000
0.95298 1.00000 1.00000 1.00000 1.00000 1.00000 1.00000 1.00000 1.00000 1.00000 1.00000 1.00000 1.00000 1.00000 1.00000 1.00000 1.00000 1.00000 1.00000 1.00000 1.00000 1.00000 1.00000 1.00000 1.00000
0.92549 1.00000 1.00000 0.99494 1.00000 0.99462 1.00000 1.00000 1.00000 1.00000 1.00000 1.00000 1.00000 1.00000 1.00000 1.00000 1.00000 1.00000 1.00000 1.00000 1.00000 1.00000 1.00000 1.00000 1.00000
0.96523 0.96969 1.00000 1.00000 1.00000 1.00000 1.00000 1.00000 1.00000 1.00000 1.00000 1.00000 1.00000 1.00000 1.00000 1.00000 1.00000 1.00000 1.00000 1.00000 1.00000 1.00000 1.00000 1.00000 1.00000
0.91835 1.00000 1.00000 1.00000 1.00000 1.00000 1.00000 1.00000 1.00000 1.00000 1.00000 1.00000 1.00000 1.00000 1.00000 1.00000 1.00000 1.00000 1.00000 1.00000 1.00000 1.00000 1.00000 1.00000 1.00000
0.77398 0.77930 1.00000 1.00000 1.00000 1.00000 1.00000 1.00000 1.00000 1.00000 1.00000 1.00000 1.00000 1.00000 1.00000 1.00000 1.00000 1.00000 1.00000 1.00000 1.00000 1.00000 1.00000 1.00000 1.00000
