# name=mixed_regions field=200x200 stride=8
25 25
0.00000 0.00000 0.50295 0.00000 0.45557 0.00000 0.45557 0.00000 0.45557 0.00000 0.52806 0.00000 0.00000 0.00000 0.00000 0.00000 0.00000 0.00000 0.00000 0.00000 0.00000 0.00000 0.00000 0.00000 0.00000
0.00000 0.52211 1.00000 0.93222 1.00000 0.89834 1.00000 0.89834 1.00000 0.95852 1.00000 0.53470 0.00000 0.00000 0.00000 0.00000 0.00000 0.00000 0.00000 0.00000 0.00000 0.00000 0.00000 0.00000 0.00000
0.50295 1.00000 0.95276 1.00000 0.96239 1.00000 0.96239 1.00000 0.98026 1.00000 0.97159 1.00000 0.00000 0.00000 0.00000 0.00000 0.00000 0.00000 0.00000 0.00000 0.00000 0.00000 0.00000 0.00000 0.00000
0.00000 0.93222 1.00000 1.00000 1.00000 1.00000 1.00000 1.00000 1.00000 1.00000 1.00000 0.88926 0.00000 0.00000 0.00000 0.00000 0.00000 0.00000 0.00000 0.00000 0.00000 0.00000 0.00000 0.00000 0.00000
0.45557 1.00000 0.96239 1.00000 0.97366 1.00000 0.97366 1.00000 0.98451 1.00000 0.97764 0.90428 0.00000 0.00000 0.00000 0.00000 0.00000 0.00000 0.00000 0.00000 0.64033 0.72149 0.77652 0.80043 0.81914
0.00000 0.89834 1.00000 1.00000 1.00000 1.00000 1.00000 1.00000 1.00000 1.00000 0.96735 0.89061 0.00000 0.00000 0.00000 0.00000 0.00000 0.00000 0.00000 0.00000 0.66717 0.75315 0.78840 0.81181 0.80857
0.45557 1.00000 0.96239 1.00000 0.97366 1.00000 0.97366 1.00000 0.98451 1.00000 0.97764 0.90428 0.00000 0.00000 0.00000 0.00000 0.00000 0.00000 0.00000 0.00000 0.70309 0.76540 0.80993 0.80863 0.80639
0.00000 0.89834 1.00000 1.00000 1.00000 1.00000 1.00000 1.00000 1.00000 1.00000 0.96735 0.87459 0.00000 0.00000 0.00000 0.00000 0.00000 0.00000 0.00000 0.00000 0.66994 0.77573 0.79969 0.80929 0.80587
0.45557 1.00000 0.96239 1.00000 0.97366 1.00000 0.97366 1.00000 0.98451 1.00000 0.97764 0.79066 0.00000 0.00000 0.00000 0.00000 0.32057 0.45379 0.62994 0.73367 0.00000 0.00000 0.00000 0.00000 0.00000
0.00000 0.89834 1.00000 1.00000 1.00000 1.00000 1.00000 1.00000 1.00000 1.00000 0.96735 0.81100 0.00000 0.00000 0.00000 0.00000 0.48433 0.62340 0.59350 0.70655 0.00000 0.00000 0.00000 0.00000 0.00000
0.45557 1.00000 0.96239 1.00000 0.97366 1.00000 0.97366 1.00000 0.98451 1.00000 0.94818 0.82117 0.00000 0.00000 0.00000 0.00000 0.49992 0.62870 0.65257 0.74818 0.00000 0.00000 0.00000 0.00000 0.00000
0.00000 0.89834 1.00000 1.00000 1.00000 1.00000 1.00000 1.00000 1.00000 1.00000 0.93864 0.81567 0.00000 0.00000 0.00000 0.00000 0.54303 0.69122 0.66959 0.76853 0.00000 0.00000 0.00000 0.00000 0.00000
0.45557 1.00000 0.96239 1.00000 0.97366 1.00000 0.97366 1.00000 0.98451 1.00000 0.97764 0.87863 0.11422 0.00000 0.00000 0.10799 0.28152 0.58745 0.66480 0.69069 0.00000 0.00000 0.00000 0.00000 0.00000
0.00000 0.89834 1.00000 1.00000 1.00000 1.00000 1.00000 1.00000 1.00000 1.00000 0.96735 0.87502 0.44564 0.37880 0.36320 0.52165 0.63006 0.67318 0.74069 0.56329 0.00000 0.00000 0.00000 0.00000 0.00000
0.45557 1.00000 0.96239 1.00000 0.97366 1.00000 0.97366 1.00000 0.98451 1.00000 0.97764 0.90023 0.40391 0.62629 0.69344 0.71843 0.66144 0.74891 0.78133 0.68023 0.00000 0.00000 0.00000 0.00000 0.00000
0.00000 0.89834 1.00000 1.00000 1.00000 1.00000 1.00000 1.00000 1.00000 1.00000 0.96735 0.88793 0.47431 0.76125 0.78649 0.75621 0.70694 0.70929 0.74188 0.65340 0.00000 0.00000 0.00000 0.00000 0.00000
0.45557 1.00000 0.96239 1.00000 0.97366 1.00000 0.97366 1.00000 0.98451 1.00000 0.97764 0.89743 0.00000 0.00000 0.00000 0.00000 0.00000 0.00000 0.00000 0.00000 0.00000 0.00000 0.00000 0.00000 0.00000
0.00000 0.89834 1.00000 1.00000 1.00000 1.00000 1.00000 1.00000 1.00000 1.00000 0.96735 0.88780 0.00000 0.00000 0.00000 0.00000 0.00000 0.00000 0.00000 0.00000 0.00000 0.00000 0.00000 0.00000 0.00000
0.45557 1.00000 0.98171 1.00000 0.98885 1.00000 0.98885 1.00000 1.00000 1.00000 1.00000 0.82971 0.00000 0.00000 0.00000 0.00000 0.00000 0.00000 0.00000 0.00000 0.00000 0.00000 0.00000 0.00000 0.00000
0.34694 0.96767 1.00000 1.00000 1.00000 1.00000 1.00000 1.00000 1.00000 1.00000 0.97195 0.89301 0.00000 0.00000 0.00000 0.00000 0.00000 0.00000 0.00000 0.00000 0.00000 0.00000 0.00000 0.00000 0.00000
0.72302 1.00000 0.98488 1.00000 0.98815 1.00000 0.98815 1.00000 1.00000 1.00000 1.00000 0.84763 0.00000 0.00000 0.00000 0.00000 0.00000 0.00000 0.00000 0.00000 0.00000 0.00000 0.00000 0.00000 0.00000
0.53881 0.97255 1.00000 1.00000 1.00000 1.00000 1.00000 1.00000 1.00000 1.00000 0.97418 0.88625 0.00000 0.00000 0.00000 0.00000 0.00000 0.00000 0.00000 0.00000 0.00000 0.00000 0.00000 0.00000 0.00000
0.74699 1.00000 1.00000 1.00000 1.00000 1.00000 1.00000 1.00000 1.00000 1.00000 1.00000 0.69190 0.00000 0.00000 0.00000 0.00000 0.00000 0.00000 0.00000 0.00000 0.00000 0.00000 0.00000 0.00000 0.00000
0.62600 0.77956 1.00000 1.00000 1.00000 1.00000 1.00000 1.00000 1.00000 1.00000 0.78170 0.77646 0.00000 0.00000 0.00000 0.00000 0.00000 0.00000 0.00000 0.00000 0.00000 0.00000 0.00000 0.00000 0.00000
0.00000 0.00000 0.00000 0.00000 0.00000 0.00000 0.00000 0.00000 0.00000 0.00000 0.00000 0.00000 0.00000 0.00000 0.00000 0.00000 0.00000 0.00000 0.00000 0.00000 0.00000 0.00000 0.00000 0.00000 0.00000
