# name=organic_walks field=200x200 stride=8
25 25
0.00000 0.00000 0.00000 0.00000 0.00000 0.00000 0.00000 0.00000 0.27264 0.25448 0.23851 0.00000 0.00000 0.00000 0.00000 0.00000 0.00000 0.00000 0.00000 0.00000 0.00000 0.00000 0.00000 0.00000 0.00000
0.00000 0.00000 0.00000 0.00000 0.00000 0.00000 0.00000 0.00000 0.43278 0.41697 0.22550 0.19499 0.00000 0.00000 0.00000 0.00000 0.00000 0.00000 0.00000 0.00000 0.00000 0.00000 0.00000 0.00000 0.00000
0.00000 0.00000 0.00000 0.00000 0.00000 0.00000 0.00000 0.00000 0.41570 0.39805 0.35973 0.17466 0.00000 0.00000 0.00000 0.00000 0.00000 0.00000 0.00000 0.00000 0.00000 0.00000 0.00000 0.00000 0.00000
0.00000 0.00000 0.00000 0.00000 0.00000 0.00000 0.00000 0.00000 0.39531 0.50347 0.49151 0.37016 0.00000 0.00000 0.00000 0.00000 0.00000 0.00000 0.00000 0.00000 0.00000 0.00000 0.00000 0.00000 0.00000
0.00000 0.00000 0.00000 0.00000 0.00000 0.00000 0.00000 0.00000 0.64646 0.66864 0.46184 0.21855 0.00000 0.00000 0.00000 0.00000 0.00000 0.00000 0.00000 0.00000 0.51153 0.71482 0.87634 0.87274 0.86904
0.00000 0.00000 0.00000 0.00000 0.00000 0.00000 0.00000 0.00000 0.67193 0.67106 0.59699 0.11259 0.00000 0.00000 0.00000 0.00000 0.00000 0.00000 0.00000 0.00000 0.52530 0.70533 0.80221 0.83547 0.83527
0.00000 0.00000 0.00000 0.00000 0.00000 0.00000 0.00000 0.00000 0.53493 0.49519 0.40945 0.45630 0.00000 0.00000 0.00000 0.00000 0.00000 0.00000 0.00000 0.00000 0.55394 0.71850 0.80661 0.80940 0.81194
0.00000 0.00000 0.00000 0.00000 0.00000 0.00000 0.00000 0.00000 0.54991 0.41489 0.39958 0.49112 0.00000 0.00000 0.00000 0.00000 0.00000 0.00000 0.00000 0.00000 0.55732 0.69343 0.75700 0.77541 0.77887
0.00000 0.00000 0.00000 0.00000 0.40579 0.56421 0.60772 0.43148 0.00000 0.00000 0.00000 0.00000 0.25614 0.32391 0.44489 0.22496 0.00000 0.00000 0.00000 0.00000 0.00000 0.00000 0.00000 0.00000 0.00000
0.00000 0.00000 0.00000 0.00000 0.36511 0.53486 0.48921 0.60918 0.00000 0.00000 0.00000 0.00000 0.36708 0.43534 0.45398 0.48192 0.00000 0.00000 0.00000 0.00000 0.00000 0.00000 0.00000 0.00000 0.00000
0.00000 0.00000 0.00000 0.00000 0.40539 0.32998 0.51713 0.53259 0.00000 0.00000 0.00000 0.00000 0.54404 0.57995 0.63936 0.69711 0.00000 0.00000 0.00000 0.00000 0.00000 0.00000 0.00000 0.00000 0.00000
0.00000 0.00000 0.00000 0.00000 0.31447 0.25207 0.10748 0.13512 0.00000 0.00000 0.00000 0.00000 0.61634 0.67409 0.66960 0.76475 0.00000 0.00000 0.00000 0.00000 0.00000 0.00000 0.00000 0.00000 0.00000
0.00000 0.00000 0.00000 0.00000 0.23712 0.13109 0.32898 0.26704 0.00000 0.00000 0.00000 0.00000 0.72643 0.73228 0.75062 0.79202 0.57017 0.60887 0.62269 0.61608 0.63617 0.67405 0.71518 0.72850 0.78763
0.00000 0.00000 0.00000 0.00000 0.39854 0.52665 0.66886 0.62752 0.00000 0.00000 0.00000 0.00000 0.52820 0.68432 0.70780 0.74712 0.56076 0.59427 0.60510 0.65155 0.63743 0.77189 0.75574 0.76420 0.80252
0.00000 0.00000 0.00000 0.00000 0.59362 0.62205 0.72650 0.73346 0.00000 0.00000 0.00000 0.00000 0.41083 0.60798 0.63297 0.58736 0.46515 0.46512 0.51224 0.50592 0.67273 0.73928 0.73271 0.77265 0.82712
0.00000 0.00000 0.00000 0.00000 0.67749 0.74803 0.72883 0.74405 0.00000 0.00000 0.00000 0.00000 0.25269 0.28711 0.54281 0.53422 0.25303 0.48982 0.55094 0.62644 0.60065 0.66829 0.75541 0.78746 0.83219
0.00000 0.00000 0.21911 0.22858 0.64751 0.68317 0.51024 0.52614 0.00000 0.00000 0.00000 0.00000 0.06706 0.05525 0.00000 0.00000 0.44095 0.31786 0.52390 0.57736 0.00000 0.00000 0.00000 0.00000 0.00000
0.00000 0.00000 0.27523 0.42885 0.57865 0.45311 0.45635 0.51838 0.00000 0.00000 0.00000 0.00000 0.31459 0.07041 0.00000 0.12213 0.36594 0.26451 0.43715 0.61974 0.00000 0.00000 0.00000 0.00000 0.00000
0.00000 0.00000 0.22815 0.39350 0.31758 0.45491 0.38487 0.56834 0.00000 0.00000 0.00000 0.00000 0.36506 0.10799 0.06629 0.06133 0.32784 0.49295 0.57157 0.65110 0.00000 0.00000 0.00000 0.00000 0.00000
0.00000 0.00000 0.00000 0.38336 0.30511 0.30184 0.63971 0.73156 0.00000 0.00000 0.00000 0.00000 0.39791 0.29564 0.23164 0.38379 0.57153 0.66897 0.64377 0.68965 0.00000 0.00000 0.00000 0.00000 0.00000
0.00000 0.00000 0.00000 0.00000 0.00000 0.00000 0.00000 0.00000 0.77125 0.81231 0.82998 0.80401 0.00000 0.00000 0.00000 0.00000 0.00000 0.00000 0.00000 0.00000 0.00000 0.00000 0.00000 0.00000 0.00000
0.00000 0.00000 0.00000 0.00000 0.00000 0.00000 0.00000 0.00000 0.82066 0.83540 0.83808 0.82220 0.00000 0.00000 0.00000 0.00000 0.00000 0.00000 0.00000 0.00000 0.00000 0.00000 0.00000 0.00000 0.00000
0.00000 0.00000 0.00000 0.00000 0.00000 0.00000 0.00000 0.00000 0.86144 0.85516 0.84999 0.83311 0.00000 0.00000 0.00000 0.00000 0.00000 0.00000 0.00000 0.00000 0.00000 0.00000 0.00000 0.00000 0.00000
0.00000 0.00000 0.00000 0.00000 0.00000 0.00000 0.00000 0.00000 0.86314 0.85658 0.85069 0.84674 0.00000 0.00000 0.00000 0.00000 0.00000 0.00000 0.00000 0.00000 0.00000 0.00000 0.00000 0.00000 0.00000
0.00000 0.00000 0.00000 0.00000 0.00000 0.00000 0.00000 0.00000 0.70687 0.70149 0.69594 0.56134 0.00000 0.00000 0.00000 0.00000 0.00000 0.00000 0.00000 0.00000 0.00000 0.00000 0.00000 0.00000 0.00000
