# name=rect_rotated_scattered field=200x200 stride=8
25 25
0.00000 0.00000 0.00000 0.00000 0.00000 0.00000 0.00000 0.00000 0.00000 0.00000 0.00000 0.00000 0.00000 0.00000 0.00000 0.00000 0.00000 0.00000 0.00000 0.00000 0.00000 0.00000 0.00000 0.00000 0.00000
0.00000 0.00000 0.00000 0.00000 0.00000 0.00000 0.00000 0.00000 0.00000 0.00000 0.00000 0.00000 0.00000 0.00000 0.00000 0.00000 0.00000 0.00000 0.00000 0.00000 0.00000 0.00000 0.00000 0.00000 0.00000
0.00000 0.00000 0.00000 0.00000 0.00000 0.00000 0.00000 0.00000 0.00000 0.00000 0.00000 0.00000 0.00000 0.00000 0.00000 0.00000 0.00000 0.00000 0.00000 0.00000 0.00000 0.00000 0.00000 0.00000 0.00000
0.00000 0.00000 0.00000 0.00000 0.00000 0.00000 0.00000 0.00000 0.00000 0.00000 0.00000 0.00000 0.00000 0.00000 0.00000 0.00000 0.00000 0.00000 0.00000 0.00000 0.00000 0.00000 0.00000 0.00000 0.00000
0.00000 0.00000 0.00000 0.00000 0.00000 0.52314 0.66954 0.75835 0.89843 0.94236 0.95087 0.71212 0.73413 0.31382 0.00000 0.00000 0.00000 0.22344 0.00000 0.00000 0.32658 0.37623 0.44295 0.51753 0.00000
0.00000 0.00000 0.00000 0.00000 0.00000 0.55625 0.68019 0.75106 0.87872 0.89743 0.86601 0.79115 0.42304 0.45183 0.34525 0.00000 0.00000 0.00000 0.00000 0.33335 0.56974 0.63088 0.68474 0.72776 0.00000
0.00000 0.00000 0.00000 0.00000 0.31136 0.36532 0.67756 0.68259 0.80323 0.73643 0.74828 0.65553 0.28504 0.52382 0.40303 0.14456 0.00000 0.00000 0.33893 0.62196 0.68735 0.74061 0.77048 0.79957 0.00000
0.00000 0.00000 0.00000 0.00000 0.48352 0.50118 0.23901 0.36300 0.66179 0.63443 0.56534 0.29064 0.59187 0.31715 0.24805 0.16068 0.07429 0.00000 0.62979 0.72373 0.75491 0.81152 0.82349 0.86607 0.00000
0.00000 0.00000 0.00000 0.00000 0.00000 0.00000 0.00000 0.00000 0.13767 0.34789 0.74628 0.73730 0.69919 0.72618 0.77310 0.46951 0.00000 0.00000 0.49573 0.66754 0.00000 0.00000 0.00000 0.00000 0.00000
0.00000 0.00000 0.00000 0.00000 0.00000 0.00000 0.00000 0.00000 0.52696 0.68265 0.80151 0.78223 0.75960 0.83532 0.81276 0.67595 0.00000 0.00000 0.48650 0.61966 0.00000 0.00000 0.00000 0.00000 0.00000
0.00000 0.00000 0.00000 0.00000 0.00000 0.00000 0.00000 0.00000 0.63568 0.81937 0.81574 0.82120 0.79833 0.84782 0.80236 0.61112 0.00000 0.00000 0.49943 0.66813 0.00000 0.00000 0.00000 0.00000 0.00000
0.00000 0.00000 0.00000 0.00000 0.00000 0.00000 0.00000 0.00000 0.57738 0.78916 0.79544 0.77362 0.83474 0.81927 0.86885 0.71850 0.47001 0.56618 0.50370 0.50221 0.00000 0.00000 0.00000 0.00000 0.00000
0.00000 0.00000 0.23220 0.27704 0.00000 0.00000 0.00000 0.00000 0.43099 0.61211 0.58141 0.52520 0.39989 0.32760 0.51779 0.61582 0.00000 0.00000 0.00000 0.00000 0.68826 0.76710 0.81029 0.83143 0.00000
0.00000 0.00000 0.00000 0.43590 0.00000 0.00000 0.00000 0.00000 0.35692 0.63125 0.59837 0.57520 0.37271 0.44810 0.48171 0.32099 0.00000 0.00000 0.00000 0.00000 0.68915 0.76234 0.80883 0.83174 0.00000
0.00000 0.00000 0.00000 0.13490 0.00000 0.00000 0.00000 0.00000 0.53521 0.50018 0.34765 0.51513 0.40845 0.40291 0.25933 0.37409 0.00000 0.00000 0.00000 0.00000 0.72425 0.81574 0.83867 0.84935 0.00000
0.00000 0.00000 0.00000 0.11906 0.00000 0.00000 0.00000 0.00000 0.50328 0.32640 0.32818 0.29623 0.15724 0.45396 0.29733 0.41025 0.00000 0.00000 0.00000 0.00000 0.66699 0.78589 0.83342 0.86922 0.00000
0.00000 0.00000 0.00000 0.00000 0.00000 0.00000 0.00000 0.00000 0.58089 0.65767 0.46054 0.33800 0.00000 0.00000 0.00000 0.00000 0.00000 0.00000 0.00000 0.00000 0.56438 0.71958 0.82606 0.88738 0.72619
0.00000 0.00000 0.00000 0.00000 0.00000 0.00000 0.00000 0.00000 0.67383 0.67742 0.65494 0.62961 0.00000 0.00000 0.00000 0.00000 0.00000 0.00000 0.00000 0.00000 0.40286 0.56464 0.66278 0.73747 0.73607
0.00000 0.00000 0.00000 0.00000 0.00000 0.00000 0.00000 0.00000 0.72343 0.73388 0.67067 0.58496 0.00000 0.00000 0.00000 0.00000 0.00000 0.00000 0.00000 0.00000 0.52107 0.70740 0.81530 0.74551 0.74447
0.00000 0.00000 0.00000 0.00000 0.00000 0.00000 0.00000 0.00000 0.74250 0.73345 0.73348 0.67729 0.00000 0.00000 0.00000 0.00000 0.00000 0.00000 0.00000 0.00000 0.69346 0.74637 0.82867 0.92091 0.61856
0.00000 0.00000 0.00000 0.00000 0.00000 0.00000 0.00000 0.00000 0.00000 0.00000 0.00000 0.00000 0.74464 0.75913 0.67052 0.60177 0.29238 0.33995 0.15266 0.23211 0.00000 0.00000 0.00000 0.00000 0.00000
0.00000 0.00000 0.00000 0.00000 0.00000 0.00000 0.00000 0.00000 0.00000 0.00000 0.00000 0.00000 0.83806 0.84801 0.78171 0.73931 0.32874 0.29451 0.52000 0.26302 0.00000 0.00000 0.00000 0.00000 0.00000
0.00000 0.00000 0.00000 0.00000 0.00000 0.00000 0.00000 0.00000 0.00000 0.00000 0.00000 0.00000 0.90986 0.90115 0.85414 0.81899 0.42781 0.40903 0.57883 0.21326 0.00000 0.00000 0.00000 0.00000 0.00000
0.00000 0.00000 0.00000 0.00000 0.00000 0.00000 0.00000 0.00000 0.00000 0.00000 0.00000 0.00000 0.93433 0.92427 0.91139 0.89300 0.51114 0.47014 0.64394 0.22078 0.00000 0.00000 0.00000 0.00000 0.00000
0.00000 0.60797 0.60797 0.60797 0.89491 0.87492 0.84832 0.82641 0.00000 0.00000 0.00000 0.00000 0.00000 0.00000 0.00000 0.00000 0.00000 0.00000 0.00000 0.00000 0.00000 0.00000 0.00000 0.00000 0.00000
