# name=two_districts field=200x200 stride=8
25 25
0.00000 0.00000 0.50295 0.00000 0.45557 0.00000 0.45557 0.00000 0.45557 0.00000 0.42743 0.00000 0.23543 0.31304 0.46392 0.66195 0.67578 0.73592 0.80536 0.80189 0.55207 0.77721 0.83173 0.85942 0.85997
0.00000 0.52211 1.00000 0.93222 1.00000 0.89834 1.00000 0.89834 1.00000 0.95852 0.86125 0.35117 0.36572 0.45846 0.61967 0.70553 0.76720 0.78678 0.82011 0.81714 0.85201 0.84047 0.83037 0.83367 0.83672
0.50295 1.00000 0.95276 1.00000 0.96239 1.00000 0.96239 1.00000 0.98026 1.00000 0.88044 0.71935 0.43341 0.50667 0.70331 0.74325 0.79192 0.82116 0.83204 0.81519 0.85038 0.84345 0.82079 0.82397 0.81703
0.00000 0.93222 1.00000 1.00000 1.00000 1.00000 1.00000 1.00000 1.00000 1.00000 0.94589 0.81282 0.72082 0.71625 0.76024 0.79041 0.80126 0.81978 0.83899 0.84674 0.84837 0.83337 0.84427 0.83767 0.82778
0.45557 1.00000 0.96239 1.00000 0.97366 1.00000 0.97366 1.00000 0.98451 1.00000 0.93290 0.78424 0.56238 0.75673 0.81415 0.81680 0.83125 0.84529 0.82725 0.84537 0.83463 0.84480 0.84083 0.83287 0.84303
0.00000 0.89834 1.00000 1.00000 1.00000 1.00000 1.00000 1.00000 1.00000 1.00000 0.91001 0.72475 0.37986 0.76009 0.81598 0.82330 0.81813 0.82527 0.83023 0.84581 0.84713 0.84411 0.84205 0.84875 0.84453
0.45557 1.00000 0.96239 1.00000 0.97366 1.00000 0.97366 1.00000 0.98451 1.00000 0.91947 0.75344 0.58922 0.75236 0.84454 0.83251 0.84730 0.84814 0.84740 0.83360 0.84760 0.84980 0.83691 0.82548 0.85374
0.00000 0.89834 1.00000 1.00000 1.00000 1.00000 1.00000 1.00000 1.00000 1.00000 0.92360 0.76191 0.54968 0.76595 0.82024 0.82524 0.83265 0.85138 0.84962 0.84886 0.84860 0.84256 0.83465 0.83322 0.85273
0.45557 1.00000 0.96239 1.00000 0.97366 1.00000 0.97366 1.00000 0.98451 1.00000 0.97764 0.82058 0.59182 0.77775 0.81136 0.83816 0.85415 0.85317 0.83923 0.85103 0.84941 0.84186 0.84060 0.83178 0.84552
0.00000 0.89834 1.00000 1.00000 1.00000 1.00000 1.00000 1.00000 1.00000 1.00000 0.92121 0.72508 0.59592 0.79814 0.82741 0.85456 0.85541 0.85453 0.85367 0.85142 0.83114 0.84323 0.83751 0.82805 0.83630
0.45557 1.00000 0.96239 1.00000 0.97366 1.00000 0.97366 1.00000 0.98451 1.00000 0.92425 0.72678 0.64064 0.77477 0.80273 0.85344 0.85515 0.85513 0.85295 0.85077 0.84783 0.84625 0.82827 0.82870 0.83344
0.00000 0.89834 1.00000 1.00000 1.00000 1.00000 1.00000 1.00000 1.00000 1.00000 0.92157 0.76487 0.58870 0.72454 0.83151 0.85334 0.85437 0.85531 0.85328 0.83682 0.84689 0.83144 0.83785 0.83270 0.84045
0.45557 1.00000 0.96239 1.00000 0.97366 1.00000 0.97366 1.00000 0.98451 1.00000 0.97764 0.81053 0.45952 0.62637 0.79123 0.80707 0.83781 0.84327 0.85298 0.83480 0.84567 0.83200 0.83423 0.80632 0.80005
0.00000 0.89834 1.00000 1.00000 1.00000 1.00000 1.00000 1.00000 1.00000 1.00000 0.93055 0.76575 0.17346 0.74270 0.81704 0.81210 0.84039 0.85435 0.85306 0.83967 0.83584 0.84788 0.83148 0.81788 0.79722
0.45557 1.00000 0.96239 1.00000 0.97366 1.00000 0.97366 1.00000 0.98451 1.00000 0.92949 0.72858 0.53056 0.75809 0.79215 0.82815 0.83834 0.85375 0.84239 0.85394 0.85224 0.84390 0.84253 0.84948 0.84917
0.00000 0.89834 1.00000 1.00000 1.00000 1.00000 1.00000 1.00000 1.00000 1.00000 0.92076 0.76717 0.54467 0.73295 0.84191 0.84704 0.85049 0.85206 0.84040 0.85411 0.85380 0.85369 0.85291 0.85271 0.85379
0.45557 1.00000 0.96239 1.00000 0.97366 1.00000 0.97366 1.00000 0.98451 1.00000 0.97764 0.75764 0.47079 0.58538 0.80779 0.82401 0.82277 0.85012 0.85093 0.85255 0.85293 0.84567 0.85388 0.84647 0.84242
0.00000 0.89834 1.00000 1.00000 1.00000 1.00000 1.00000 1.00000 1.00000 1.00000 0.96735 0.79420 0.44787 0.69792 0.79491 0.80110 0.83351 0.84798 0.83620 0.85026 0.85090 0.85172 0.84287 0.83417 0.82304
0.45557 1.00000 0.98171 1.00000 0.98885 1.00000 0.98885 1.00000 1.00000 1.00000 0.96258 0.78340 0.19547 0.75358 0.82856 0.84831 0.84739 0.84632 0.83291 0.84656 0.83660 0.84031 0.84148 0.83580 0.82877
0.34694 0.96767 1.00000 1.00000 1.00000 1.00000 1.00000 1.00000 1.00000 1.00000 0.93600 0.84862 0.68992 0.78807 0.83083 0.84957 0.84880 0.84731 0.84450 0.84314 0.84514 0.84457 0.83773 0.84393 0.82921
0.72302 1.00000 0.98488 1.00000 0.98815 1.00000 0.98815 1.00000 1.00000 1.00000 0.97050 0.87246 0.64811 0.80191 0.85015 0.84995 0.84814 0.82467 0.84470 0.84383 0.84217 0.84212 0.84158 0.84133 0.84107
0.53881 0.97255 1.00000 1.00000 1.00000 1.00000 1.00000 1.00000 1.00000 1.00000 0.97418 0.93933 0.77112 0.79319 0.80492 0.80613 0.83405 0.83579 0.84971 0.84225 0.84995 0.84240 0.84052 0.83587 0.84306
0.74699 1.00000 1.00000 1.00000 1.00000 1.00000 1.00000 1.00000 1.00000 1.00000 1.00000 0.90159 0.80410 0.83959 0.83079 0.83795 0.84861 0.85158 0.84359 0.85695 0.85588 0.85285 0.85010 0.84769 0.84551
0.62600 0.77956 1.00000 1.00000 1.00000 1.00000 1.00000 1.00000 1.00000 1.00000 0.94663 0.92232 0.86506 0.86194 0.83631 0.85094 0.84952 0.85517 0.84142 0.85635 0.86304 0.85882 0.85452 0.84663 0.84079
0.00000 0.00000 0.00000 0.00000 0.00000 0.00000 0.00000 0.00000 0.00000 0.00000 0.00000 0.00000 0.84353 0.85036 0.85164 0.85217 0.83800 0.85956 0.84002 0.86021 0.86932 0.86346 0.85930 0.85598 0.85285
