# name=grid_streets_w6 field=200x200 stride=8
25 25
0.00000 0.56501 0.55214 0.57412 0.88620 0.57043 0.88765 0.90410 0.88717 0.57239 0.88476 0.88287 0.57412 0.88620 0.57043 0.88765 0.90410 0.88717 0.57239 0.88476 0.88287 0.33333 0.56365 0.00000 0.00000
0.56501 0.52537 1.00000 0.94397 1.00000 0.98453 1.00000 0.98247 1.00000 0.98638 0.94044 0.94234 0.94397 1.00000 0.98453 1.00000 0.98247 1.00000 0.98638 0.94044 0.94234 1.00000 1.00000 0.56098 0.33333
0.55214 1.00000 1.00000 1.00000 1.00000 0.98247 1.00000 0.98433 1.00000 0.98045 1.00000 1.00000 1.00000 1.00000 0.98247 1.00000 0.98433 1.00000 0.98045 1.00000 1.00000 1.00000 1.00000 0.54900 0.33333
0.57412 0.94397 1.00000 1.00000 1.00000 1.00000 1.00000 1.00000 1.00000 1.00000 1.00000 1.00000 1.00000 1.00000 1.00000 1.00000 1.00000 1.00000 1.00000 1.00000 1.00000 1.00000 0.94287 0.88139 0.57412
0.88620 1.00000 1.00000 1.00000 1.00000 1.00000 1.00000 1.00000 1.00000 1.00000 1.00000 1.00000 1.00000 1.00000 1.00000 1.00000 1.00000 1.00000 1.00000 1.00000 1.00000 1.00000 1.00000 0.88704 0.57769
0.57043 0.98453 0.98247 1.00000 1.00000 1.00000 1.00000 1.00000 1.00000 1.00000 1.00000 1.00000 1.00000 1.00000 1.00000 1.00000 1.00000 1.00000 1.00000 1.00000 1.00000 0.98303 0.98482 0.87552 0.33333
0.88765 1.00000 1.00000 1.00000 1.00000 1.00000 1.00000 1.00000 1.00000 1.00000 1.00000 1.00000 1.00000 1.00000 1.00000 1.00000 1.00000 1.00000 1.00000 1.00000 1.00000 1.00000 1.00000 0.88849 0.57860
0.90410 0.98247 0.98433 1.00000 1.00000 1.00000 1.00000 1.00000 1.00000 1.00000 1.00000 1.00000 1.00000 1.00000 1.00000 1.00000 1.00000 1.00000 1.00000 1.00000 1.00000 0.98483 0.98281 0.93484 0.33333
0.88717 1.00000 1.00000 1.00000 1.00000 1.00000 1.00000 1.00000 1.00000 1.00000 1.00000 1.00000 1.00000 1.00000 1.00000 1.00000 1.00000 1.00000 1.00000 1.00000 1.00000 1.00000 1.00000 0.88800 0.57830
0.57239 0.98638 0.98045 1.00000 1.00000 1.00000 1.00000 1.00000 1.00000 1.00000 1.00000 1.00000 1.00000 1.00000 1.00000 1.00000 1.00000 1.00000 1.00000 1.00000 1.00000 1.00000 0.98664 0.87865 0.33333
0.88476 0.94044 1.00000 1.00000 1.00000 1.00000 1.00000 1.00000 1.00000 1.00000 1.00000 1.00000 1.00000 1.00000 1.00000 1.00000 1.00000 1.00000 1.00000 1.00000 1.00000 1.00000 1.00000 0.88561 0.57678
0.88287 0.94234 1.00000 1.00000 1.00000 1.00000 1.00000 1.00000 1.00000 1.00000 1.00000 1.00000 1.00000 1.00000 1.00000 1.00000 1.00000 1.00000 1.00000 1.00000 1.00000 1.00000 0.94139 0.88372 0.57559
0.57412 0.94397 1.00000 1.00000 1.00000 1.00000 1.00000 1.00000 1.00000 1.00000 1.00000 1.00000 1.00000 1.00000 1.00000 1.00000 1.00000 1.00000 1.00000 1.00000 1.00000 1.00000 0.94287 0.88139 0.57412
0.88620 1.00000 1.00000 1.00000 1.00000 1.00000 1.00000 1.00000 1.00000 1.00000 1.00000 1.00000 1.00000 1.00000 1.00000 1.00000 1.00000 1.00000 1.00000 1.00000 1.00000 1.00000 1.00000 0.88704 0.57769
0.57043 0.98453 0.98247 1.00000 1.00000 1.00000 1.00000 1.00000 1.00000 1.00000 1.00000 1.00000 1.00000 1.00000 1.00000 1.00000 1.00000 1.00000 1.00000 1.00000 1.00000 0.98303 0.98482 0.87552 0.33333
0.88765 1.00000 1.00000 1.00000 1.00000 1.00000 1.00000 1.00000 1.00000 1.00000 1.00000 1.00000 1.00000 1.00000 1.00000 1.00000 1.00000 1.00000 1.00000 1.00000 1.00000 1.00000 1.00000 0.88849 0.57860
0.90410 0.98247 0.98433 1.00000 1.00000 1.00000 1.00000 1.00000 1.00000 1.00000 1.00000 1.00000 1.00000 1.00000 1.00000 1.00000 1.00000 1.00000 1.00000 1.00000 1.00000 0.98483 0.98281 0.93484 0.33333
0.88717 1.00000 1.00000 1.00000 1.00000 1.00000 1.00000 1.00000 1.00000 1.00000 1.00000 1.00000 1.00000 1.00000 1.00000 1.00000 1.00000 1.00000 1.00000 1.00000 1.00000 1.00000 1.00000 0.88800 0.57830
0.57239 0.98638 0.98045 1.00000 1.00000 1.00000 1.00000 1.00000 1.00000 1.00000 1.00000 1.00000 1.00000 1.00000 1.00000 1.00000 1.00000 1.00000 1.00000 1.00000 1.00000 1.00000 0.98664 0.87865 0.33333
0.88476 0.94044 1.00000 1.00000 1.00000 1.00000 1.00000 1.00000 1.00000 1.00000 1.00000 1.00000 1.00000 1.00000 1.00000 1.00000 1.00000 1.00000 1.00000 1.00000 1.00000 1.00000 1.00000 0.88561 0.57678
0.88287 0.94234 1.00000 1.00000 1.00000 1.00000 1.00000 1.00000 1.00000 1.00000 1.00000 1.00000 1.00000 1.00000 1.00000 1.00000 1.00000 1.00000 1.00000 1.00000 1.00000 1.00000 0.94139 0.88372 0.57559
0.33333 1.00000 1.00000 1.00000 1.00000 0.98303 1.00000 0.98483 1.00000 1.00000 1.00000 1.00000 1.00000 1.00000 0.98303 1.00000 0.98483 1.00000 1.00000 1.00000 1.00000 1.00000 1.00000 0.54720 0.33333
0.56365 1.00000 1.00000 0.94287 1.00000 0.98482 1.00000 0.98281 1.00000 0.98664 1.00000 0.94139 0.94287 1.00000 0.98482 1.00000 0.98281 1.00000 0.98664 1.00000 0.94139 1.00000 1.00000 0.55972 0.33333
0.00000 0.56098 0.54900 0.88139 0.88704 0.87552 0.88849 0.93484 0.88800 0.87865 0.88561 0.88372 0.88139 0.88704 0.87552 0.88849 0.93484 0.88800 0.87865 0.88561 0.88372 0.54720 0.55972 0.00000 0.00000
0.00000 0.33333 0.33333 0.57412 0.57769 0.33333 0.57860 0.33333 0.57830 0.33333 0.57678 0.57559 0.57412 0.57769 0.33333 0.57860 0.33333 0.57830 0.33333 0.57678 0.57559 0.33333 0.33333 0.00000 0.00000
