# name=two_districts field=200x200 stride=8
25 25
0.00000 0.33333 0.54838 0.56773 0.87825 0.87575 0.87825 0.87575 0.87825 0.55897 0.45694 0.19034 0.37618 0.41162 0.80601 0.77341 0.81948 0.83240 0.89651 0.89517 0.60314 0.92534 0.92646 0.94488 0.51275
0.33333 0.52211 1.00000 0.93792 1.00000 0.98200 1.00000 0.98200 1.00000 0.95852 0.87156 0.38516 0.72738 0.80715 0.80705 0.83964 0.89653 0.91489 0.89288 0.89783 0.89420 0.93044 0.91380 0.93078 0.89839
0.54838 1.00000 0.95276 1.00000 0.97174 1.00000 0.97174 1.00000 0.98026 1.00000 0.88749 0.81519 0.84525 0.81161 0.86223 0.86497 0.90449 0.91314 0.92936 0.92040 0.90906 0.92535 0.91860 0.90858 0.86315
0.56773 0.93792 1.00000 1.00000 1.00000 1.00000 1.00000 1.00000 1.00000 1.00000 0.95021 0.87270 0.80452 0.87363 0.85869 0.89930 0.91703 0.91332 0.93264 0.92661 0.94182 0.92089 0.93561 0.90613 0.90705
0.87825 1.00000 0.97174 1.00000 0.98851 1.00000 0.98851 1.00000 0.98816 1.00000 0.94365 0.84403 0.78178 0.86018 0.90670 0.90835 0.92834 0.94017 0.93087 0.93123 0.93051 0.94222 0.94284 0.91447 0.85073
0.87575 0.98200 1.00000 1.00000 1.00000 1.00000 1.00000 1.00000 1.00000 1.00000 0.92423 0.85949 0.62297 0.84609 0.93860 0.93897 0.92877 0.92949 0.92833 0.94016 0.93105 0.93429 0.92328 0.90918 0.91189
0.87825 1.00000 0.97174 1.00000 0.98851 1.00000 0.98851 1.00000 0.98816 1.00000 0.92603 0.77225 0.67376 0.82645 0.93834 0.93850 0.93845 0.93863 0.93045 0.92780 0.93086 0.94151 0.92291 0.92915 0.89824
0.87575 0.98200 1.00000 1.00000 1.00000 1.00000 1.00000 1.00000 1.00000 1.00000 0.92861 0.84789 0.69506 0.80809 0.92559 0.91899 0.92991 0.93832 0.93860 0.93938 0.94020 0.92779 0.91441 0.91130 0.92082
0.87825 1.00000 0.97174 1.00000 0.98851 1.00000 0.98851 1.00000 0.98816 1.00000 0.97764 0.86010 0.65167 0.84044 0.89580 0.93909 0.93873 0.93871 0.92906 0.92740 0.94012 0.92657 0.92344 0.88563 0.85894
0.87575 0.98200 1.00000 1.00000 1.00000 1.00000 1.00000 1.00000 1.00000 1.00000 0.95638 0.81950 0.68963 0.86267 0.90738 0.93248 0.93942 0.93943 0.93972 0.94023 0.92969 0.92314 0.90477 0.87862 0.85364
0.87825 1.00000 0.97174 1.00000 0.98851 1.00000 0.98851 1.00000 0.98816 1.00000 0.94984 0.79691 0.70451 0.84727 0.91232 0.94014 0.94029 0.94051 0.92730 0.94116 0.94134 0.94078 0.91162 0.91015 0.88950
0.87575 0.98200 1.00000 1.00000 1.00000 1.00000 1.00000 1.00000 1.00000 1.00000 0.96981 0.89449 0.80388 0.84368 0.92830 0.94061 0.94110 0.93204 0.94199 0.93352 0.93091 0.93210 0.93128 0.92174 0.88546
0.87825 1.00000 0.97174 1.00000 0.98851 1.00000 0.98851 1.00000 0.98816 1.00000 0.97764 0.87381 0.66648 0.73844 0.90690 0.93997 0.94089 0.92992 0.94254 0.93146 0.94214 0.93104 0.92627 0.91887 0.89623
0.87575 0.98200 1.00000 1.00000 1.00000 1.00000 1.00000 1.00000 1.00000 1.00000 0.93516 0.79391 0.58813 0.79720 0.90327 0.92165 0.92980 0.94192 0.94234 0.93284 0.93222 0.93152 0.94151 0.90670 0.89279
0.87825 1.00000 0.97174 1.00000 0.98851 1.00000 0.98851 1.00000 0.98816 1.00000 0.93544 0.74801 0.50492 0.80301 0.92392 0.93909 0.92952 0.94118 0.92918 0.94205 0.94177 0.94195 0.94209 0.92443 0.92967
0.87575 0.98200 1.00000 1.00000 1.00000 1.00000 1.00000 1.00000 1.00000 1.00000 0.92655 0.81368 0.66352 0.80382 0.93778 0.93906 0.94018 0.94079 0.93294 0.93169 0.92817 0.94106 0.94149 0.94271 0.91500
0.87825 1.00000 0.97174 1.00000 0.98851 1.00000 0.98851 1.00000 0.98816 1.00000 0.97764 0.79708 0.73107 0.83682 0.92544 0.92908 0.93995 0.94066 0.94033 0.94003 0.93964 0.92936 0.94081 0.93473 0.92361
0.87575 0.98200 1.00000 1.00000 1.00000 1.00000 1.00000 1.00000 1.00000 1.00000 0.97224 0.86068 0.68000 0.85280 0.89512 0.92411 0.94059 0.94074 0.93980 0.93909 0.93872 0.93912 0.94018 0.90669 0.89602
0.87825 1.00000 0.97174 1.00000 0.98851 1.00000 0.98851 1.00000 0.98816 1.00000 0.94389 0.81626 0.40697 0.82612 0.90939 0.94181 0.94136 0.94060 0.93978 0.93890 0.92991 0.92603 0.93251 0.92974 0.92852
0.87575 0.98200 1.00000 1.00000 1.00000 1.00000 1.00000 1.00000 1.00000 1.00000 0.93048 0.82243 0.64848 0.81062 0.91839 0.94225 0.94193 0.94126 0.93987 0.93919 0.92851 0.93896 0.93981 0.94080 0.90770
0.87825 1.00000 0.98026 1.00000 0.98816 1.00000 0.98816 1.00000 1.00000 1.00000 0.96556 0.84838 0.67476 0.83001 0.92941 0.92653 0.94218 0.93260 0.94051 0.93986 0.92754 0.93958 0.92835 0.92747 0.91025
0.55897 0.95852 1.00000 1.00000 1.00000 1.00000 1.00000 1.00000 1.00000 1.00000 0.96094 0.88139 0.69151 0.78133 0.89319 0.90904 0.94270 0.92977 0.94127 0.92892 0.94046 0.92691 0.92572 0.92947 0.90299
0.55526 1.00000 0.97159 1.00000 0.97764 0.97224 0.97764 0.97224 1.00000 0.96094 1.00000 0.67143 0.71422 0.88542 0.90816 0.93285 0.94340 0.93470 0.94214 0.94162 0.92982 0.92398 0.90027 0.86730 0.85197
0.33333 0.54665 1.00000 0.94236 0.93486 0.98070 0.93486 0.98070 0.93486 0.95503 0.66513 0.60286 0.58151 0.91166 0.91651 0.93076 0.94426 0.93180 0.90263 0.93073 0.91950 0.89258 0.83474 0.84665 0.79729
0.00000 0.33333 0.33333 0.56773 0.57059 0.56773 0.57059 0.56773 0.57059 0.33333 0.53252 0.00000 0.62274 0.94493 0.94564 0.91128 0.92046 0.93027 0.89619 0.92250 0.90213 0.86810 0.79147 0.73786 0.61402
