# name=grid_with_holes field=200x200 stride=8
25 25
0.00000 0.33333 0.33333 0.33333 0.55526 0.33333 0.00000 0.00000 0.00000 0.33333 0.33333 0.56773 0.73823 0.76409 0.73823 0.76409 0.73823 0.76409 0.73823 0.76409 0.57059 0.55897 0.33333 0.33333 0.00000
0.00000 0.33333 0.50966 0.51646 0.52096 0.54665 0.39172 0.45912 0.00000 0.56592 0.96893 0.69077 0.93207 0.98200 1.00000 0.98200 1.00000 0.98200 0.95536 0.72432 0.55566 0.55897 0.33333 0.33333 0.00000
0.33333 0.48044 0.88359 0.47650 0.67648 0.70414 0.82001 0.93213 0.57735 0.97024 0.97295 0.98023 0.94630 0.97112 0.96239 1.00000 0.96239 0.98526 0.94416 0.95077 0.63731 0.54722 0.33333 0.33333 0.00000
0.00000 0.88453 0.89366 0.91260 0.90396 0.98314 0.84999 0.91474 0.93487 1.00000 1.00000 1.00000 1.00000 0.99050 1.00000 1.00000 1.00000 0.96988 1.00000 0.96182 0.84771 0.56559 0.39786 0.33333 0.00000
0.49428 0.90240 0.95596 0.91293 0.96242 0.88915 0.98095 0.93077 0.92073 0.98148 0.97995 1.00000 0.97085 0.98446 0.97366 1.00000 0.98816 1.00000 0.98619 0.97379 0.90365 0.85986 0.63207 0.00000 0.00000
0.30917 0.95016 0.96221 0.94223 0.96958 0.96757 1.00000 0.98867 0.98353 0.97410 1.00000 1.00000 1.00000 0.99129 1.00000 1.00000 1.00000 1.00000 1.00000 1.00000 0.97869 0.95944 0.56740 0.00000 0.00000
0.53815 0.97376 0.97836 0.98445 0.98309 1.00000 0.97085 0.97320 0.98309 1.00000 0.98684 1.00000 0.98425 1.00000 0.97366 1.00000 0.97366 1.00000 0.98730 0.95264 0.91011 0.90366 0.89898 0.44334 0.00000
0.56773 0.93222 0.98314 1.00000 0.98696 1.00000 0.98446 0.99129 1.00000 0.98067 0.98314 0.99074 1.00000 1.00000 1.00000 1.00000 1.00000 1.00000 1.00000 0.93841 1.00000 0.95622 0.90941 0.91546 0.33333
0.73823 1.00000 0.98026 1.00000 0.97366 1.00000 0.97366 1.00000 0.97096 1.00000 0.98619 1.00000 0.97183 0.98696 0.97366 1.00000 0.98816 1.00000 0.97096 1.00000 0.98501 0.94716 0.96249 0.53858 0.33333
0.55897 0.95852 0.96691 0.99031 1.00000 1.00000 1.00000 0.98151 1.00000 0.97708 1.00000 1.00000 0.98549 1.00000 1.00000 0.98151 1.00000 0.94771 1.00000 1.00000 0.98368 0.97522 0.92773 0.72814 0.56773
0.55526 0.94195 0.94036 1.00000 0.97183 0.98696 0.98816 0.97967 0.97414 0.98119 0.96003 0.98257 0.96859 1.00000 0.97096 1.00000 0.98619 1.00000 0.96696 0.98368 0.98499 1.00000 0.96679 0.55566 0.57059
0.28577 0.97351 0.96018 1.00000 1.00000 1.00000 1.00000 1.00000 1.00000 1.00000 1.00000 1.00000 0.97857 0.96988 1.00000 1.00000 1.00000 1.00000 1.00000 1.00000 1.00000 1.00000 0.94974 0.73039 0.56773
0.49428 0.90240 0.94941 1.00000 0.97085 0.98359 0.98286 0.96631 0.96007 0.97896 0.95852 0.96735 0.95283 0.98314 0.96946 1.00000 0.96694 1.00000 0.96859 0.98279 0.98684 0.94095 0.98807 0.93271 0.57059
0.30917 0.95016 0.96221 1.00000 1.00000 0.97125 1.00000 1.00000 0.98096 1.00000 0.97876 0.96856 1.00000 0.99074 1.00000 1.00000 1.00000 1.00000 0.97529 0.97281 0.98446 0.97589 0.97224 0.96687 0.56773
0.53815 0.97376 0.97738 1.00000 1.00000 1.00000 0.96946 1.00000 0.96399 1.00000 0.98063 0.98560 0.98425 1.00000 0.97183 1.00000 0.97085 1.00000 1.00000 1.00000 0.98816 1.00000 0.97764 0.93271 0.57059
0.33333 1.00000 0.98128 1.00000 1.00000 1.00000 1.00000 1.00000 1.00000 0.97748 0.98426 0.97686 1.00000 1.00000 0.98696 1.00000 0.98359 0.97125 1.00000 1.00000 1.00000 1.00000 0.97224 0.96687 0.56773
0.55526 0.94195 0.94036 1.00000 0.97183 0.98647 0.97183 1.00000 0.96751 1.00000 0.98158 1.00000 0.97183 0.98696 0.97366 1.00000 0.97096 1.00000 0.96946 1.00000 1.00000 0.97273 0.97764 0.93271 0.57059
0.28577 0.97351 0.96018 1.00000 1.00000 1.00000 0.98696 0.96205 0.98196 0.98931 1.00000 1.00000 1.00000 1.00000 1.00000 0.98151 1.00000 1.00000 1.00000 0.97794 1.00000 0.95647 0.97070 0.96687 0.56773
0.49428 0.90240 0.94941 1.00000 0.98684 0.98446 0.98816 1.00000 0.98619 1.00000 0.96694 1.00000 0.97085 0.98446 0.98816 1.00000 0.98619 1.00000 0.96256 1.00000 1.00000 0.97828 0.96852 0.71403 0.57059
0.30917 0.95016 0.98111 0.96465 1.00000 0.96867 1.00000 0.94771 1.00000 1.00000 1.00000 1.00000 1.00000 0.99129 1.00000 0.94771 1.00000 0.93692 0.96959 0.97245 1.00000 0.92828 0.73139 0.75284 0.56773
0.53815 1.00000 0.96092 1.00000 1.00000 1.00000 0.95838 0.98424 0.98501 1.00000 0.98577 0.97529 1.00000 1.00000 0.98286 1.00000 1.00000 0.97349 0.88377 0.95778 0.95708 0.94039 0.69937 0.57059 0.57059
0.33333 0.55228 1.00000 0.97059 1.00000 1.00000 0.93547 0.97411 0.96398 0.97522 0.92377 0.95405 1.00000 1.00000 1.00000 1.00000 0.96398 0.96958 0.49199 0.90383 0.95382 0.96404 0.55897 0.55897 0.33333
0.33333 0.58230 0.73139 0.91019 0.89014 1.00000 0.93832 0.91019 0.95909 0.96334 0.96679 1.00000 1.00000 1.00000 0.94969 0.96090 0.89014 0.87257 0.72975 1.00000 1.00000 0.52731 0.33333 0.33333 0.33333
0.33333 0.33333 0.59400 0.68843 0.88807 0.84196 0.59400 0.68843 0.88807 0.95334 1.00000 0.94236 0.93271 0.95503 1.00000 0.89576 0.88807 0.84196 0.33333 0.52522 0.49725 0.55652 0.33333 0.33333 0.00000
0.00000 0.00000 0.00000 0.00000 0.00000 0.00000 0.00000 0.00000 0.00000 0.33333 0.33333 0.56773 0.57059 0.33333 0.33333 0.00000 0.00000 0.00000 0.00000 0.00000 0.00000 0.00000 0.00000 0.00000 0.00000
