# name=grid_streets_w4 field=200x200 stride=8
25 25
0.55558 0.54897 0.95889 0.87876 0.98264 0.87876 0.98264 0.87876 0.98264 0.87876 0.98264 0.87876 0.98264 0.87876 0.98264 0.87876 0.98264 0.87876 0.98264 0.87876 0.98264 0.87876 0.94077 0.54070 0.54995
0.54897 1.00000 0.96406 1.00000 0.97153 0.97400 0.97153 0.97400 0.97153 0.97400 0.97153 0.97400 0.97153 0.97400 0.97153 0.97400 0.97153 0.97400 0.97153 0.97400 0.97153 0.97400 1.00000 0.96767 1.00000
0.95889 0.96406 1.00000 0.97566 1.00000 0.96992 1.00000 0.96992 1.00000 0.96992 1.00000 0.96992 1.00000 0.96992 1.00000 0.96992 1.00000 0.96992 1.00000 0.96992 1.00000 0.96992 1.00000 0.94893 0.96333
0.87876 1.00000 0.97566 1.00000 0.99078 0.98994 0.99078 0.98994 0.99078 0.98994 0.99078 0.98994 0.99078 0.98994 0.99078 0.98994 0.99078 0.98994 0.99078 0.98994 0.99078 0.98994 1.00000 0.97815 1.00000
0.98264 0.97153 1.00000 0.99078 1.00000 0.99109 1.00000 0.99109 1.00000 0.99109 1.00000 0.99109 1.00000 0.99109 1.00000 0.99109 1.00000 0.99109 1.00000 0.99109 1.00000 0.99109 1.00000 0.96783 0.97193
0.87876 0.97400 0.96992 0.98994 0.99109 0.99028 0.99109 0.99028 0.99109 0.99028 0.99109 0.99028 0.99109 0.99028 0.99109 0.99028 0.99109 0.99028 0.99109 0.99028 0.99109 0.99028 0.99073 0.96887 0.97347
0.98264 0.97153 1.00000 0.99078 1.00000 0.99109 1.00000 0.99109 1.00000 0.99109 1.00000 0.99109 1.00000 0.99109 1.00000 0.99109 1.00000 0.99109 1.00000 0.99109 1.00000 0.99109 1.00000 0.96783 0.97193
0.87876 0.97400 0.96992 0.98994 0.99109 0.99028 0.99109 0.99028 0.99109 0.99028 0.99109 0.99028 0.99109 0.99028 0.99109 0.99028 0.99109 0.99028 0.99109 0.99028 0.99109 0.99028 0.99073 0.96887 0.97347
0.98264 0.97153 1.00000 0.99078 1.00000 0.99109 1.00000 0.99109 1.00000 0.99109 1.00000 0.99109 1.00000 0.99109 1.00000 0.99109 1.00000 0.99109 1.00000 0.99109 1.00000 0.99109 1.00000 0.96783 0.97193
0.87876 0.97400 0.96992 0.98994 0.99109 0.99028 0.99109 0.99028 0.99109 0.99028 0.99109 0.99028 0.99109 0.99028 0.99109 0.99028 0.99109 0.99028 0.99109 0.99028 0.99109 0.99028 0.99073 0.96887 0.97347
0.98264 0.97153 1.00000 0.99078 1.00000 0.99109 1.00000 0.99109 1.00000 0.99109 1.00000 0.99109 1.00000 0.99109 1.00000 0.99109 1.00000 0.99109 1.00000 0.99109 1.00000 0.99109 1.00000 0.96783 0.97193
0.87876 0.97400 0.96992 0.98994 0.99109 0.99028 0.99109 0.99028 0.99109 0.99028 0.99109 0.99028 0.99109 0.99028 0.99109 0.99028 0.99109 0.99028 0.99109 0.99028 0.99109 0.99028 0.99073 0.96887 0.97347
0.98264 0.97153 1.00000 0.99078 1.00000 0.99109 1.00000 0.99109 1.00000 0.99109 1.00000 0.99109 1.00000 0.99109 1.00000 0.99109 1.00000 0.99109 1.00000 0.99109 1.00000 0.99109 1.00000 0.96783 0.97193
0.87876 0.97400 0.96992 0.98994 0.99109 0.99028 0.99109 0.99028 0.99109 0.99028 0.99109 0.99028 0.99109 0.99028 0.99109 0.99028 0.99109 0.99028 0.99109 0.99028 0.99109 0.99028 0.99073 0.96887 0.97347
0.98264 0.97153 1.00000 0.99078 1.00000 0.99109 1.00000 0.99109 1.00000 0.99109 1.00000 0.99109 1.00000 0.99109 1.00000 0.99109 1.00000 0.99109 1.00000 0.99109 1.00000 0.99109 1.00000 0.96783 0.97193
0.87876 0.97400 0.96992 0.98994 0.99109 0.99028 0.99109 0.99028 0.99109 0.99028 0.99109 0.99028 0.99109 0.99028 0.99109 0.99028 0.99109 0.99028 0.99109 0.99028 0.99109 0.99028 0.99073 0.96887 0.97347
0.98264 0.97153 1.00000 0.99078 1.00000 0.99109 1.00000 0.99109 1.00000 0.99109 1.00000 0.99109 1.00000 0.99109 1.00000 0.99109 1.00000 0.99109 1.00000 0.99109 1.00000 0.99109 1.00000 0.96783 0.97193
0.87876 0.97400 0.96992 0.98994 0.99109 0.99028 0.99109 0.99028 0.99109 0.99028 0.99109 0.99028 0.99109 0.99028 0.99109 0.99028 0.99109 0.99028 0.99109 0.99028 0.99109 0.99028 0.99073 0.96887 0.97347
0.98264 0.97153 1.00000 0.99078 1.00000 0.99109 1.00000 0.99109 1.00000 0.99109 1.00000 0.99109 1.00000 0.99109 1.00000 0.99109 1.00000 0.99109 1.00000 0.99109 1.00000 0.99109 1.00000 0.96783 0.97193
0.87876 0.97400 0.96992 0.98994 0.99109 0.99028 0.99109 0.99028 0.99109 0.99028 0.99109 0.99028 0.99109 0.99028 0.99109 0.99028 0.99109 0.99028 0.99109 0.99028 0.99109 0.99028 0.99073 0.96887 0.97347
0.98264 0.97153 1.00000 0.99078 1.00000 0.99109 1.00000 0.99109 1.00000 0.99109 1.00000 0.99109 1.00000 0.99109 1.00000 0.99109 1.00000 0.99109 1.00000 0.99109 1.00000 0.99109 1.00000 0.96783 0.97193
0.87876 0.97400 0.96992 0.98994 0.99109 0.99028 0.99109 0.99028 0.99109 0.99028 0.99109 0.99028 0.99109 0.99028 0.99109 0.99028 0.99109 0.99028 0.99109 0.99028 0.99109 0.99028 0.99073 0.96887 0.97347
0.94077 1.00000 1.00000 1.00000 1.00000 0.99073 1.00000 0.99073 1.00000 0.99073 1.00000 0.99073 1.00000 0.99073 1.00000 0.99073 1.00000 0.99073 1.00000 0.99073 1.00000 0.99073 1.00000 0.97838 1.00000
0.54070 0.96767 0.94893 0.97815 0.96783 0.96887 0.96783 0.96887 0.96783 0.96887 0.96783 0.96887 0.96783 0.96887 0.96783 0.96887 0.96783 0.96887 0.96783 0.96887 0.96783 0.96887 0.97838 0.94906 0.96701
0.54995 1.00000 0.96333 1.00000 0.97193 0.97347 0.97193 0.97347 0.97193 0.97347 0.97193 0.97347 0.97193 0.97347 0.97193 0.97347 0.97193 0.97347 0.97193 0.97347 0.97193 0.97347 1.00000 0.96701 1.00000
