# name=grid_uniform field=200x200 stride=8
25 25
0.00000 0.15408 0.35783 0.37012 0.84330 0.85001 0.84330 0.85001 0.84330 0.85001 0.84330 0.85001 0.84330 0.85001 0.84330 0.85001 0.84330 0.85001 0.84330 0.85001 0.84330 0.36475 0.36282 0.15460 0.00000
0.15408 0.34807 1.00000 0.93222 1.00000 0.94586 1.00000 0.94586 1.00000 0.94586 1.00000 0.94586 1.00000 0.94586 1.00000 0.94586 1.00000 0.94586 1.00000 0.94586 1.00000 0.95852 1.00000 0.35711 0.15408
0.35783 1.00000 0.95276 1.00000 0.96239 1.00000 0.96239 1.00000 0.96239 1.00000 0.96239 1.00000 0.96239 1.00000 0.96239 1.00000 0.96239 1.00000 0.96239 1.00000 0.98026 1.00000 0.97159 1.00000 0.15346
0.37012 0.93222 1.00000 1.00000 1.00000 1.00000 1.00000 1.00000 1.00000 1.00000 1.00000 1.00000 1.00000 1.00000 1.00000 1.00000 1.00000 1.00000 1.00000 1.00000 1.00000 1.00000 1.00000 0.92675 0.37012
0.84330 1.00000 0.96239 1.00000 0.97018 1.00000 0.97018 1.00000 0.97018 1.00000 0.97018 1.00000 0.97018 1.00000 0.97018 1.00000 0.97018 1.00000 0.97018 1.00000 0.98451 1.00000 0.97764 0.90695 0.37189
0.85001 0.94586 1.00000 1.00000 1.00000 1.00000 1.00000 1.00000 1.00000 1.00000 1.00000 1.00000 1.00000 1.00000 1.00000 1.00000 1.00000 1.00000 1.00000 1.00000 1.00000 1.00000 0.96735 0.94804 0.37012
0.84330 1.00000 0.96239 1.00000 0.97018 1.00000 0.97018 1.00000 0.97018 1.00000 0.97018 1.00000 0.97018 1.00000 0.97018 1.00000 0.97018 1.00000 0.97018 1.00000 0.98451 1.00000 0.97764 0.90695 0.37189
0.85001 0.94586 1.00000 1.00000 1.00000 1.00000 1.00000 1.00000 1.00000 1.00000 1.00000 1.00000 1.00000 1.00000 1.00000 1.00000 1.00000 1.00000 1.00000 1.00000 1.00000 1.00000 0.96735 0.94804 0.37012
0.84330 1.00000 0.96239 1.00000 0.97018 1.00000 0.97018 1.00000 0.97018 1.00000 0.97018 1.00000 0.97018 1.00000 0.97018 1.00000 0.97018 1.00000 0.97018 1.00000 0.98451 1.00000 0.97764 0.90695 0.37189
0.85001 0.94586 1.00000 1.00000 1.00000 1.00000 1.00000 1.00000 1.00000 1.00000 1.00000 1.00000 1.00000 1.00000 1.00000 1.00000 1.00000 1.00000 1.00000 1.00000 1.00000 1.00000 0.96735 0.94804 0.37012
0.84330 1.00000 0.96239 1.00000 0.97018 1.00000 0.97018 1.00000 0.97018 1.00000 0.97018 1.00000 0.97018 1.00000 0.97018 1.00000 0.97018 1.00000 0.97018 1.00000 0.98451 1.00000 0.97764 0.90695 0.37189
0.85001 0.94586 1.00000 1.00000 1.00000 1.00000 1.00000 1.00000 1.00000 1.00000 1.00000 1.00000 1.00000 1.00000 1.00000 1.00000 1.00000 1.00000 1.00000 1.00000 1.00000 1.00000 0.96735 0.94804 0.37012
0.84330 1.00000 0.96239 1.00000 0.97018 1.00000 0.97018 1.00000 0.97018 1.00000 0.97018 1.00000 0.97018 1.00000 0.97018 1.00000 0.97018 1.00000 0.97018 1.00000 0.98451 1.00000 0.97764 0.90695 0.37189
0.85001 0.94586 1.00000 1.00000 1.00000 1.00000 1.00000 1.00000 1.00000 1.00000 1.00000 1.00000 1.00000 1.00000 1.00000 1.00000 1.00000 1.00000 1.00000 1.00000 1.00000 1.00000 0.96735 0.94804 0.37012
0.84330 1.00000 0.96239 1.00000 0.97018 1.00000 0.97018 1.00000 0.97018 1.00000 0.97018 1.00000 0.97018 1.00000 0.97018 1.00000 0.97018 1.00000 0.97018 1.00000 0.98451 1.00000 0.97764 0.90695 0.37189
0.85001 0.94586 1.00000 1.00000 1.00000 1.00000 1.00000 1.00000 1.00000 1.00000 1.00000 1.00000 1.00000 1.00000 1.00000 1.00000 1.00000 1.00000 1.00000 1.00000 1.00000 1.00000 0.96735 0.94804 0.37012
0.84330 1.00000 0.96239 1.00000 0.97018 1.00000 0.97018 1.00000 0.97018 1.00000 0.97018 1.00000 0.97018 1.00000 0.97018 1.00000 0.97018 1.00000 0.97018 1.00000 0.98451 1.00000 0.97764 0.90695 0.37189
0.85001 0.94586 1.00000 1.00000 1.00000 1.00000 1.00000 1.00000 1.00000 1.00000 1.00000 1.00000 1.00000 1.00000 1.00000 1.00000 1.00000 1.00000 1.00000 1.00000 1.00000 1.00000 0.96735 0.94804 0.37012
0.84330 1.00000 0.96239 1.00000 0.97018 1.00000 0.97018 1.00000 0.97018 1.00000 0.97018 1.00000 0.97018 1.00000 0.97018 1.00000 0.97018 1.00000 0.97018 1.00000 0.98451 1.00000 0.97764 0.90695 0.37189
0.85001 0.94586 1.00000 1.00000 1.00000 1.00000 1.00000 1.00000 1.00000 1.00000 1.00000 1.00000 1.00000 1.00000 1.00000 1.00000 1.00000 1.00000 1.00000 1.00000 1.00000 1.00000 0.96735 0.94804 0.37012
0.84330 1.00000 0.98026 1.00000 0.98451 1.00000 0.98451 1.00000 0.98451 1.00000 0.98451 1.00000 0.98451 1.00000 0.98451 1.00000 0.98451 1.00000 0.98451 1.00000 1.00000 1.00000 1.00000 0.90695 0.37189
0.36475 0.95852 1.00000 1.00000 1.00000 1.00000 1.00000 1.00000 1.00000 1.00000 1.00000 1.00000 1.00000 1.00000 1.00000 1.00000 1.00000 1.00000 1.00000 1.00000 1.00000 1.00000 0.96094 0.95503 0.15334
0.36282 1.00000 0.97159 1.00000 0.97764 0.96735 0.97764 0.96735 0.97764 0.96735 0.97764 0.96735 0.97764 0.96735 0.97764 0.96735 0.97764 0.96735 0.97764 0.96735 1.00000 0.96094 1.00000 0.35502 0.15381
0.15460 0.35711 1.00000 0.92675 0.90695 0.94804 0.90695 0.94804 0.90695 0.94804 0.90695 0.94804 0.90695 0.94804 0.90695 0.94804 0.90695 0.94804 0.90695 0.94804 0.90695 0.95503 0.35502 0.36684 0.00000
0.00000 0.15408 0.15346 0.37012 0.37189 0.37012 0.37189 0.37012 0.37189 0.37012 0.37189 0.37012 0.37189 0.37012 0.37189 0.37012 0.37189 0.37012 0.37189 0.37012 0.37189 0.15334 0.15381 0.00000 0.00000
