# name=grid_sheared field=200x200 stride=8
25 25
0.76654 0.81447 0.85076 0.85620 0.90156 0.89047 0.92460 0.89047 0.92460 0.89047 0.92460 0.89047 0.92460 0.89047 0.92460 0.89047 0.92460 0.89047 0.92460 0.89047 0.92460 0.92456 0.92454 0.92447 0.13495
0.81979 0.80863 0.88850 0.83850 0.90810 0.87714 0.90641 0.87714 0.90641 0.87714 0.90641 0.87714 0.90641 0.87714 0.90641 0.87714 0.90641 0.87714 0.90641 0.87714 0.90641 0.90224 0.90225 0.89044 0.69541
0.81129 0.88522 0.89878 0.91119 0.90336 0.92371 0.90287 0.92371 0.90287 0.92371 0.90287 0.92371 0.90287 0.92371 0.90287 0.92371 0.90287 0.92371 0.90287 0.92371 0.90287 0.92368 0.89875 0.92364 0.70324
0.88961 0.86219 0.89141 0.90239 0.90723 0.91014 0.90722 0.91014 0.90722 0.91014 0.90722 0.91014 0.90722 0.91014 0.90722 0.91014 0.90722 0.91014 0.90722 0.91014 0.90722 0.92324 0.90433 0.92308 0.83142
0.82314 0.91044 0.91539 0.92246 0.90424 0.92303 0.90450 0.92303 0.90450 0.92303 0.90450 0.92303 0.90450 0.92303 0.90450 0.92303 0.90450 0.92303 0.90450 0.92303 0.90450 0.92303 0.90242 0.89894 0.92314
0.76766 0.89992 0.90256 0.92251 0.90604 0.90840 0.90604 0.90840 0.90604 0.90840 0.90604 0.90840 0.90604 0.90840 0.90604 0.90840 0.90604 0.90840 0.90604 0.90840 0.90604 0.90840 0.90455 0.90415 0.83797
0.81171 0.84329 0.89285 0.89014 0.92293 0.88563 0.92293 0.88563 0.92293 0.88563 0.92293 0.88563 0.92293 0.88563 0.92293 0.88563 0.92293 0.88563 0.92293 0.88563 0.92293 0.88563 0.92247 0.87790 0.90116
0.71720 0.84636 0.87454 0.87945 0.90931 0.90666 0.90931 0.90666 0.90931 0.90666 0.90931 0.90666 0.90931 0.90666 0.90931 0.90666 0.90931 0.90666 0.90931 0.90666 0.90931 0.90637 0.92237 0.91507 0.85620
0.69834 0.82189 0.87288 0.88059 0.90819 0.90651 0.92292 0.90651 0.92292 0.90651 0.92292 0.90651 0.92292 0.90651 0.92292 0.90651 0.92292 0.90651 0.92292 0.90651 0.92292 0.90652 0.91436 0.88946 0.87646
0.78122 0.85039 0.89102 0.87394 0.90936 0.90604 0.90840 0.90604 0.90840 0.90604 0.90840 0.90604 0.90840 0.90604 0.90840 0.90604 0.90840 0.90604 0.90840 0.90604 0.90840 0.90067 0.89462 0.87899 0.84306
0.80766 0.86645 0.88080 0.91076 0.88611 0.92293 0.88563 0.92293 0.88563 0.92293 0.88563 0.92293 0.88563 0.92293 0.88563 0.92293 0.88563 0.92293 0.88563 0.92293 0.88563 0.90767 0.84895 0.88893 0.77162
0.88913 0.86130 0.89076 0.90191 0.90666 0.90931 0.90666 0.90931 0.90666 0.90931 0.90666 0.90931 0.90666 0.90931 0.90666 0.90931 0.90666 0.90931 0.90666 0.90931 0.90666 0.90584 0.87826 0.86804 0.81792
0.82538 0.91071 0.90311 0.92236 0.90625 0.92292 0.90651 0.92292 0.90651 0.92292 0.90651 0.92292 0.90651 0.92292 0.90651 0.92292 0.90651 0.92292 0.90651 0.92292 0.90651 0.92292 0.87655 0.88682 0.84281
0.76766 0.89992 0.90256 0.92251 0.90604 0.90840 0.90604 0.90840 0.90604 0.90840 0.90604 0.90840 0.90604 0.90840 0.90604 0.90840 0.90604 0.90840 0.90604 0.90840 0.90604 0.90840 0.88843 0.87185 0.83957
0.81171 0.84329 0.89285 0.89014 0.92293 0.88563 0.92293 0.88563 0.92293 0.88563 0.92293 0.88563 0.92293 0.88563 0.92293 0.88563 0.92293 0.88563 0.92293 0.88563 0.92293 0.88563 0.92247 0.87790 0.89875
0.71720 0.84636 0.87454 0.87945 0.90931 0.90666 0.90931 0.90666 0.90931 0.90666 0.90931 0.90666 0.90931 0.90666 0.90931 0.90666 0.90931 0.90666 0.90931 0.90666 0.90931 0.90637 0.92237 0.91507 0.85620
0.69834 0.82189 0.87288 0.88059 0.90819 0.90651 0.92292 0.90651 0.92292 0.90651 0.92292 0.90651 0.92292 0.90651 0.92292 0.90651 0.92292 0.90651 0.92292 0.90651 0.92292 0.90652 0.91436 0.88946 0.87646
0.78122 0.85039 0.89102 0.87394 0.90936 0.90604 0.90840 0.90604 0.90840 0.90604 0.90840 0.90604 0.90840 0.90604 0.90840 0.90604 0.90840 0.90604 0.90840 0.90604 0.90840 0.90067 0.89462 0.87899 0.84306
0.80766 0.86645 0.88080 0.91076 0.88611 0.92293 0.88563 0.92293 0.88563 0.92293 0.88563 0.92293 0.88563 0.92293 0.88563 0.92293 0.88563 0.92293 0.88563 0.92293 0.88563 0.90767 0.84895 0.88893 0.77162
0.88913 0.86130 0.89076 0.90191 0.90666 0.90931 0.90666 0.90931 0.90666 0.90931 0.90666 0.90931 0.90666 0.90931 0.90666 0.90931 0.90666 0.90931 0.90666 0.90931 0.90666 0.90584 0.87826 0.86804 0.81792
0.82538 0.91071 0.90311 0.92236 0.90625 0.92292 0.90651 0.92292 0.90651 0.92292 0.90651 0.92292 0.90651 0.92292 0.90651 0.92292 0.90651 0.92292 0.90651 0.92292 0.90651 0.92292 0.87655 0.88682 0.84281
0.81095 0.92180 0.92225 0.92262 0.92314 0.90762 0.92314 0.90762 0.92314 0.90762 0.92314 0.90762 0.92314 0.90762 0.92314 0.90762 0.92314 0.90762 0.92314 0.90762 0.92314 0.90762 0.90528 0.86828 0.86165
0.87635 0.88947 0.92266 0.90150 0.92313 0.87901 0.92313 0.87901 0.92313 0.87901 0.92313 0.87901 0.92313 0.87901 0.92313 0.87901 0.92313 0.87901 0.92313 0.87901 0.92313 0.87901 0.92312 0.86918 0.89430
0.32113 0.92337 0.89667 0.92341 0.82432 0.89252 0.82432 0.89252 0.82432 0.89252 0.82432 0.89252 0.82432 0.89252 0.82432 0.89252 0.82432 0.89252 0.82432 0.89252 0.82432 0.89252 0.84449 0.88563 0.31499
0.13721 0.33005 0.92360 0.67767 0.83422 0.71099 0.83422 0.71099 0.83422 0.71099 0.83422 0.71099 0.83422 0.71099 0.83422 0.71099 0.83422 0.71099 0.83422 0.71099 0.83422 0.71099 0.83422 0.46962 0.32482
