# name=row_only field=200x200 stride=8
25 25
0.00000 0.00000 0.14672 0.14241 0.35329 0.36684 0.35733 0.35990 0.36339 0.37843 0.37192 0.15441 0.36262 0.14064 0.14420 0.14374 0.14064 0.14313 0.15707 0.15706 0.15707 0.00000 0.00000 0.00000 0.00000
0.00000 0.00000 0.29050 0.30555 0.70378 0.43615 0.73320 0.80144 0.71879 0.81596 0.79994 0.44177 0.77930 0.42155 0.81471 0.49758 0.28999 0.82138 0.84025 0.42748 0.45935 0.12536 0.00000 0.00000 0.00000
0.00000 0.00000 0.26758 0.49313 0.69179 0.71727 0.88745 0.80115 0.86755 0.79246 0.77618 0.83986 0.75714 0.71804 0.84527 0.79514 0.73987 0.80215 0.79309 0.43893 0.43285 0.45510 0.00000 0.00000 0.00000
0.00000 0.00000 0.21283 0.79885 0.78637 0.81520 0.82828 0.78740 0.79415 0.81349 0.83092 0.83890 0.76648 0.69347 0.74783 0.71559 0.72550 0.84091 0.70522 0.73303 0.38962 0.40734 0.22223 0.00000 0.00000
0.00000 0.16696 0.16666 0.78688 0.79364 0.83900 0.81367 0.80189 0.83806 0.83418 0.84442 0.82459 0.79773 0.73533 0.74634 0.79933 0.78786 0.78073 0.79973 0.72962 0.65239 0.20041 0.20527 0.00000 0.00000
0.00000 0.20566 0.32731 0.69382 0.79805 0.76750 0.78308 0.83500 0.84930 0.84524 0.79679 0.76506 0.79509 0.77076 0.67701 0.78037 0.82322 0.75943 0.76833 0.76880 0.67085 0.64811 0.32077 0.02279 0.00000
0.03405 0.17041 0.17203 0.69408 0.69389 0.76350 0.70455 0.82855 0.88652 0.88751 0.81810 0.81300 0.74982 0.80450 0.76940 0.80060 0.85513 0.86320 0.83386 0.80225 0.81775 0.79694 0.19027 0.03095 0.03286
0.00000 0.20090 0.38773 0.67222 0.68964 0.75533 0.69970 0.80528 0.87039 0.86182 0.77399 0.70619 0.78698 0.79161 0.72910 0.81638 0.75928 0.83145 0.83156 0.74372 0.80500 0.75337 0.25007 0.26131 0.04637
0.08303 0.21277 0.70182 0.76799 0.74966 0.82949 0.81225 0.80829 0.78931 0.78851 0.80366 0.83547 0.83850 0.82735 0.81887 0.79096 0.78316 0.80667 0.77924 0.82143 0.82296 0.82746 0.71706 0.46921 0.00000
0.09694 0.10022 0.76281 0.75306 0.76203 0.82502 0.80222 0.78027 0.80201 0.79462 0.84313 0.83682 0.83333 0.84485 0.83062 0.81668 0.74298 0.77910 0.79294 0.84683 0.83183 0.77643 0.78296 0.47867 0.00000
0.04814 0.28855 0.77159 0.83893 0.75245 0.78711 0.73487 0.73397 0.80666 0.76282 0.81618 0.79101 0.79131 0.79854 0.75026 0.78730 0.75114 0.81596 0.84403 0.84205 0.84966 0.80178 0.71076 0.73466 0.09425
0.29544 0.29535 0.75801 0.80561 0.76755 0.73929 0.73693 0.82035 0.83124 0.79314 0.84421 0.82936 0.77183 0.79066 0.74750 0.74986 0.74036 0.81326 0.84006 0.81044 0.83323 0.79094 0.75964 0.68129 0.10863
0.04812 0.25707 0.75494 0.73005 0.76038 0.75621 0.75203 0.83177 0.82138 0.78202 0.82519 0.78095 0.81492 0.75412 0.74025 0.78464 0.76071 0.82662 0.86764 0.83733 0.78490 0.76667 0.78338 0.80114 0.05153
0.03745 0.24117 0.42791 0.71917 0.80133 0.81406 0.81091 0.85460 0.87540 0.82334 0.86359 0.84495 0.85294 0.84864 0.78964 0.84039 0.84068 0.87185 0.86919 0.86075 0.79763 0.76519 0.76745 0.69534 0.23104
0.00000 0.02982 0.34032 0.74533 0.80346 0.72348 0.77739 0.80366 0.84211 0.79522 0.77551 0.81142 0.81526 0.81859 0.79149 0.72878 0.82051 0.81750 0.82044 0.84362 0.71957 0.71267 0.72005 0.64167 0.21828
0.00000 0.00000 0.62014 0.70183 0.74356 0.77304 0.74758 0.82999 0.80446 0.78773 0.82968 0.82922 0.77783 0.85435 0.81680 0.75535 0.85880 0.86256 0.81223 0.87163 0.83049 0.61150 0.59746 0.18447 0.03434
0.00000 0.00000 0.21642 0.74023 0.71014 0.83141 0.81287 0.79000 0.80105 0.77471 0.78762 0.81454 0.86897 0.85752 0.78439 0.76977 0.83652 0.84098 0.82806 0.87946 0.77229 0.66505 0.55433 0.02940 0.03148
0.00000 0.00000 0.35137 0.61295 0.61612 0.85298 0.79238 0.71275 0.80668 0.89252 0.84572 0.84141 0.77188 0.80459 0.83855 0.72656 0.80664 0.74903 0.78411 0.83354 0.71469 0.67311 0.20997 0.07365 0.00000
0.00000 0.07538 0.36003 0.38346 0.70719 0.82777 0.81588 0.77965 0.79587 0.86591 0.87298 0.81096 0.78928 0.79626 0.81862 0.70969 0.77801 0.78869 0.81095 0.68979 0.76560 0.79086 0.10301 0.09552 0.08682
0.03037 0.41607 0.74439 0.77583 0.81363 0.83187 0.80895 0.75256 0.78905 0.80033 0.76201 0.74715 0.72614 0.72506 0.78148 0.78282 0.81716 0.72390 0.81579 0.78484 0.79027 0.82258 0.41554 0.12901 0.12901
0.03073 0.42703 0.78273 0.83176 0.84716 0.85859 0.85395 0.81622 0.74556 0.75837 0.83891 0.72746 0.74890 0.76213 0.72220 0.81708 0.74413 0.67933 0.74446 0.80065 0.79867 0.76388 0.45061 0.30531 0.00000
0.03326 0.88656 0.83467 0.82965 0.86199 0.85605 0.86513 0.82623 0.75882 0.73547 0.80782 0.70739 0.71254 0.77944 0.77330 0.79679 0.77441 0.75098 0.79767 0.80483 0.77931 0.42268 0.27113 0.04144 0.04185
0.03520 0.31455 0.89272 0.88778 0.89284 0.84685 0.88667 0.88201 0.81094 0.78936 0.29355 0.45619 0.72249 0.75529 0.78273 0.83194 0.84065 0.81179 0.85412 0.49417 0.52531 0.55265 0.04207 0.04160 0.00000
0.04010 0.34462 0.32824 0.91696 0.68050 0.86366 0.93729 0.71259 0.81674 0.12182 0.33157 0.13598 0.29538 0.30444 0.80547 0.85976 0.57570 0.83429 0.41153 0.52367 0.55888 0.04617 0.04534 0.00000 0.00000
0.00000 0.00000 0.15168 0.15067 0.36826 0.37414 0.15564 0.37537 0.14088 0.14182 0.38755 0.15707 0.33703 0.15448 0.15417 0.37917 0.37513 0.15431 0.33655 0.15706 0.15708 0.00000 0.00000 0.00000 0.00000
