# name=grid_nonrect_buildings field=200x200 stride=8
25 25
0.00000 0.00000 0.13763 0.13769 0.12932 0.13720 0.14969 0.13307 0.14646 0.13164 0.12849 0.13357 0.11417 0.00000 0.10716 0.11742 0.12848 0.33044 0.13506 0.33792 0.33800 0.13844 0.14097 0.00000 0.00000
0.00000 0.33929 0.32007 0.91548 0.30488 0.30482 0.46131 0.48670 0.98805 0.31023 0.30164 0.29645 0.29113 0.27129 0.28038 0.28233 0.29289 0.29950 0.87214 0.47897 0.48530 0.30892 0.33889 0.35759 0.00000
0.12195 0.31991 0.90172 0.90569 0.86407 0.89311 0.92887 0.97225 0.94693 0.89887 0.88904 0.88251 0.90352 0.86130 0.82813 0.84135 0.87261 0.91298 0.88176 0.91605 0.86531 0.92353 0.93172 0.33403 0.14267
0.11714 0.88815 0.89039 0.89318 0.91272 0.93140 0.95425 0.96305 0.96799 0.95050 0.93825 0.89418 0.91400 0.88306 0.90432 0.90976 0.91661 0.92074 0.89337 0.91516 0.91481 0.91901 0.92870 0.29890 0.14169
0.29672 0.61743 0.89023 0.89152 0.90755 0.92780 0.91916 0.91052 0.93198 0.94914 0.93791 0.90368 0.88380 0.89081 0.91896 0.92225 0.89739 0.92812 0.90063 0.91719 0.91173 0.91129 0.85913 0.29946 0.12743
0.29785 0.61966 0.83834 0.89517 0.91017 0.93005 0.92000 0.91637 0.93288 0.95264 0.94153 0.90751 0.89206 0.89946 0.92658 0.92952 0.90118 0.88724 0.90224 0.91551 0.90978 0.90533 0.86083 0.29046 0.12125
0.12037 0.46090 0.86784 0.87587 0.89638 0.91074 0.90620 0.93602 0.96950 0.93011 0.92351 0.91130 0.90717 0.91646 0.90556 0.90616 0.87955 0.90628 0.88140 0.88909 0.88176 0.90417 0.86128 0.30238 0.11856
0.31050 0.47968 0.90868 0.91065 0.87507 0.90303 0.92561 0.95978 0.94031 0.95484 0.90760 0.91220 0.93907 0.91374 0.88700 0.88919 0.90108 0.93021 0.90314 0.92216 0.87483 0.90895 0.90350 0.58596 0.30698
0.11955 0.48100 0.87538 0.88707 0.89693 0.90571 0.89971 0.92938 0.93607 0.92355 0.91932 0.92238 0.91802 0.92105 0.90777 0.90555 0.93371 0.90761 0.88431 0.89998 0.89754 0.91874 0.88340 0.11864 0.11860
0.30229 0.28836 0.84326 0.90328 0.91114 0.87254 0.89289 0.93161 0.91040 0.93792 0.93939 0.91209 0.94077 0.91988 0.94577 0.94241 0.90494 0.93067 0.90738 0.93112 0.93276 0.93084 0.86199 0.40918 0.32247
0.30208 0.28588 0.85036 0.89693 0.85802 0.89864 0.87495 0.86789 0.89526 0.92614 0.92791 0.90872 0.89232 0.92112 0.94886 0.94531 0.90805 0.88629 0.90759 0.93571 0.93756 0.93883 0.88297 0.46014 0.33414
0.12037 0.85777 0.86031 0.89593 0.86712 0.86402 0.86632 0.87078 0.86231 0.89297 0.89933 0.86870 0.90397 0.91347 0.92144 0.91899 0.91565 0.90795 0.92824 0.90354 0.90851 0.91996 0.91211 0.35358 0.14183
0.31050 0.59335 0.90304 0.90210 0.85299 0.86107 0.86322 0.90132 0.88592 0.87953 0.88628 0.89561 0.92545 0.90387 0.88507 0.89879 0.90868 0.93391 0.90676 0.88035 0.89398 0.94360 0.87159 0.54989 0.36075
0.11955 0.86572 0.87306 0.90815 0.88030 0.87729 0.90681 0.88170 0.89650 0.89964 0.89979 0.87363 0.89254 0.90558 0.89919 0.90932 0.90955 0.90477 0.90000 0.90703 0.91078 0.94084 0.92070 0.14555 0.14560
0.30229 0.48838 0.84925 0.92383 0.92811 0.88800 0.90132 0.87736 0.91085 0.93469 0.93454 0.89911 0.87248 0.89403 0.92744 0.93762 0.91753 0.89062 0.91124 0.93369 0.93890 0.94882 0.89830 0.31649 0.13534
0.30208 0.46383 0.87834 0.93501 0.90544 0.94561 0.91842 0.90147 0.91579 0.94080 0.94062 0.90346 0.88171 0.90548 0.93863 0.94818 0.92429 0.90429 0.91690 0.94333 0.94853 0.95773 0.92098 0.31595 0.00000
0.12037 0.46547 0.90149 0.92094 0.92757 0.93192 0.93009 0.92347 0.89849 0.91698 0.91781 0.91256 0.90992 0.91802 0.92234 0.92857 0.94152 0.93264 0.90729 0.92904 0.93417 0.93383 0.93313 0.50190 0.00000
0.32070 0.48781 0.93940 0.95090 0.91033 0.92558 0.92408 0.94769 0.91760 0.90219 0.90652 0.91605 0.94542 0.92222 0.90530 0.92930 0.94134 0.96468 0.93601 0.91248 0.91504 0.95790 0.96064 0.44355 0.11666
0.12635 0.89392 0.90537 0.92110 0.93147 0.93143 0.92086 0.91277 0.89067 0.91995 0.92040 0.91696 0.91609 0.92007 0.92887 0.93477 0.94667 0.94469 0.92060 0.92725 0.92169 0.92070 0.91021 0.39906 0.12323
0.11515 0.29664 0.87592 0.93704 0.93816 0.89836 0.91178 0.94372 0.92172 0.94455 0.90093 0.90264 0.89208 0.90535 0.93973 0.94646 0.92372 0.95739 0.92885 0.94371 0.89542 0.92343 0.86499 0.39741 0.11269
0.10766 0.29677 0.87787 0.92591 0.88502 0.92520 0.90269 0.89826 0.92498 0.89737 0.93855 0.89894 0.87385 0.88846 0.91737 0.92436 0.90491 0.89577 0.91859 0.88983 0.92286 0.91221 0.84929 0.43276 0.10476
0.00000 0.92468 0.91999 0.91375 0.91122 0.91146 0.88552 0.93203 0.91840 0.94446 0.93700 0.92018 0.90564 0.88930 0.89515 0.90031 0.90995 0.91620 0.89607 0.91986 0.91427 0.90536 0.89771 0.00000 0.00000
0.00000 0.32994 0.91906 0.90929 0.84371 0.85916 0.87516 0.85115 0.90870 0.88777 0.88806 0.88172 0.90512 0.86253 0.82466 0.83679 0.85331 0.82300 0.87923 0.86365 0.86227 0.91285 0.90606 0.32650 0.00000
0.00000 0.34907 0.32417 0.29769 0.62627 0.61295 0.51669 0.50522 0.49334 0.30591 0.29864 0.29096 0.29742 0.28602 0.28155 0.27802 0.27262 0.28759 0.86656 0.42402 0.46085 0.91815 0.33490 0.00000 0.00000
0.00000 0.00000 0.13483 0.13089 0.32915 0.12972 0.13147 0.34542 0.14511 0.13045 0.00000 0.00000 0.12049 0.12877 0.11683 0.10577 0.00000 0.11412 0.13027 0.12074 0.10980 0.00000 0.00000 0.00000 0.00000
