# name=grid_uniform field=200x200 stride=8
25 25
0.00000 0.00000 0.33530 0.00000 0.30371 0.00000 0.30371 0.00000 0.30371 0.00000 0.30371 0.00000 0.30371 0.00000 0.30371 0.00000 0.30371 0.00000 0.30371 0.00000 0.30371 0.00000 0.35204 0.00000 0.00000
0.00000 0.34807 1.00000 0.93222 1.00000 0.89834 1.00000 0.89834 1.00000 0.89834 1.00000 0.89834 1.00000 0.89834 1.00000 0.89834 1.00000 0.89834 1.00000 0.89834 1.00000 0.95852 1.00000 0.35647 0.00000
0.33530 1.00000 0.95276 1.00000 0.96239 1.00000 0.96239 1.00000 0.96239 1.00000 0.96239 1.00000 0.96239 1.00000 0.96239 1.00000 0.96239 1.00000 0.96239 1.00000 0.98026 1.00000 0.97159 1.00000 0.00000
0.00000 0.93222 1.00000 1.00000 1.00000 1.00000 1.00000 1.00000 1.00000 1.00000 1.00000 1.00000 1.00000 1.00000 1.00000 1.00000 1.00000 1.00000 1.00000 1.00000 1.00000 1.00000 1.00000 0.92675 0.00000
0.30371 1.00000 0.96239 1.00000 0.97018 1.00000 0.97018 1.00000 0.97018 1.00000 0.97018 1.00000 0.97018 1.00000 0.97018 1.00000 0.97018 1.00000 0.97018 1.00000 0.98451 1.00000 0.97764 0.90428 0.00000
0.00000 0.89834 1.00000 1.00000 1.00000 1.00000 1.00000 1.00000 1.00000 1.00000 1.00000 1.00000 1.00000 1.00000 1.00000 1.00000 1.00000 1.00000 1.00000 1.00000 1.00000 1.00000 0.96735 0.89061 0.00000
0.30371 1.00000 0.96239 1.00000 0.97018 1.00000 0.97018 1.00000 0.97018 1.00000 0.97018 1.00000 0.97018 1.00000 0.97018 1.00000 0.97018 1.00000 0.97018 1.00000 0.98451 1.00000 0.97764 0.90428 0.00000
0.00000 0.89834 1.00000 1.00000 1.00000 1.00000 1.00000 1.00000 1.00000 1.00000 1.00000 1.00000 1.00000 1.00000 1.00000 1.00000 1.00000 1.00000 1.00000 1.00000 1.00000 1.00000 0.96735 0.89061 0.00000
0.30371 1.00000 0.96239 1.00000 0.97018 1.00000 0.97018 1.00000 0.97018 1.00000 0.97018 1.00000 0.97018 1.00000 0.97018 1.00000 0.97018 1.00000 0.97018 1.00000 0.98451 1.00000 0.97764 0.90428 0.00000
0.00000 0.89834 1.00000 1.00000 1.00000 1.00000 1.00000 1.00000 1.00000 1.00000 1.00000 1.00000 1.00000 1.00000 1.00000 1.00000 1.00000 1.00000 1.00000 1.00000 1.00000 1.00000 0.96735 0.89061 0.00000
0.30371 1.00000 0.96239 1.00000 0.97018 1.00000 0.97018 1.00000 0.97018 1.00000 0.97018 1.00000 0.97018 1.00000 0.97018 1.00000 0.97018 1.00000 0.97018 1.00000 0.98451 1.00000 0.97764 0.90428 0.00000
0.00000 0.89834 1.00000 1.00000 1.00000 1.00000 1.00000 1.00000 1.00000 1.00000 1.00000 1.00000 1.00000 1.00000 1.00000 1.00000 1.00000 1.00000 1.00000 1.00000 1.00000 1.00000 0.96735 0.89061 0.00000
0.30371 1.00000 0.96239 1.00000 0.97018 1.00000 0.97018 1.00000 0.97018 1.00000 0.97018 1.00000 0.97018 1.00000 0.97018 1.00000 0.97018 1.00000 0.97018 1.00000 0.98451 1.00000 0.97764 0.90428 0.00000
0.00000 0.89834 1.00000 1.00000 1.00000 1.00000 1.00000 1.00000 1.00000 1.00000 1.00000 1.00000 1.00000 1.00000 1.00000 1.00000 1.00000 1.00000 1.00000 1.00000 1.00000 1.00000 0.96735 0.89061 0.00000
0.30371 1.00000 0.96239 1.00000 0.97018 1.00000 0.97018 1.00000 0.97018 1.00000 0.97018 1.00000 0.97018 1.00000 0.97018 1.00000 0.97018 1.00000 0.97018 1.00000 0.98451 1.00000 0.97764 0.90428 0.00000
0.00000 0.89834 1.00000 1.00000 1.00000 1.00000 1.00000 1.00000 1.00000 1.00000 1.00000 1.00000 1.00000 1.00000 1.00000 1.00000 1.00000 1.00000 1.00000 1.00000 1.00000 1.00000 0.96735 0.89061 0.00000
0.30371 1.00000 0.96239 1.00000 0.97018 1.00000 0.97018 1.00000 0.97018 1.00000 0.97018 1.00000 0.97018 1.00000 0.97018 1.00000 0.97018 1.00000 0.97018 1.00000 0.98451 1.00000 0.97764 0.90428 0.00000
0.00000 0.89834 1.00000 1.00000 1.00000 1.00000 1.00000 1.00000 1.00000 1.00000 1.00000 1.00000 1.00000 1.00000 1.00000 1.00000 1.00000 1.00000 1.00000 1.00000 1.00000 1.00000 0.96735 0.89061 0.00000
0.30371 1.00000 0.96239 1.00000 0.97018 1.00000 0.97018 1.00000 0.97018 1.00000 0.97018 1.00000 0.97018 1.00000 0.97018 1.00000 0.97018 1.00000 0.97018 1.00000 0.98451 1.00000 0.97764 0.90428 0.00000
0.00000 0.89834 1.00000 1.00000 1.00000 1.00000 1.00000 1.00000 1.00000 1.00000 1.00000 1.00000 1.00000 1.00000 1.00000 1.00000 1.00000 1.00000 1.00000 1.00000 1.00000 1.00000 0.96735 0.89061 0.00000
0.30371 1.00000 0.98026 1.00000 0.98451 1.00000 0.98451 1.00000 0.98451 1.00000 0.98451 1.00000 0.98451 1.00000 0.98451 1.00000 0.98451 1.00000 0.98451 1.00000 1.00000 1.00000 1.00000 0.90428 0.00000
0.00000 0.95852 1.00000 1.00000 1.00000 1.00000 1.00000 1.00000 1.00000 1.00000 1.00000 1.00000 1.00000 1.00000 1.00000 1.00000 1.00000 1.00000 1.00000 1.00000 1.00000 1.00000 0.96094 0.95503 0.00000
0.35204 1.00000 0.97159 1.00000 0.97764 0.96735 0.97764 0.96735 0.97764 0.96735 0.97764 0.96735 0.97764 0.96735 0.97764 0.96735 0.97764 0.96735 0.97764 0.96735 1.00000 0.96094 1.00000 0.34879 0.00000
0.00000 0.35647 1.00000 0.92675 0.90428 0.89061 0.90428 0.89061 0.90428 0.89061 0.90428 0.89061 0.90428 0.89061 0.90428 0.89061 0.90428 0.89061 0.90428 0.89061 0.90428 0.95503 0.34879 0.36684 0.00000
0.00000 0.00000 0.00000 0.00000 0.00000 0.00000 0.00000 0.00000 0.00000 0.00000 0.00000 0.00000 0.00000 0.00000 0.00000 0.00000 0.00000 0.00000 0.00000 0.00000 0.00000 0.00000 0.00000 0.00000 0.00000
