# name=grid_rotated_30 field=200x200 stride=8
25 25
0.15064 0.16840 0.50956 0.54804 0.54462 0.53789 0.28324 0.48900 0.53703 0.53681 0.27438 0.27332 0.49124 0.50065 0.55863 0.51460 0.52149 0.50288 0.50747 0.55839 0.59371 0.58253 0.30570 0.16560 0.16104
0.16242 0.16989 0.49624 0.53222 0.56062 0.54438 0.53601 0.55237 0.50923 0.53481 0.50737 0.52935 0.48677 0.49030 0.55618 0.50921 0.52265 0.52205 0.55602 0.60086 0.58398 0.58035 0.53713 0.47229 0.16762
0.16656 0.47660 0.53916 0.54520 0.56369 0.53618 0.56212 0.55747 0.53247 0.51952 0.50377 0.53187 0.53637 0.52219 0.55517 0.55091 0.54994 0.54253 0.56278 0.57889 0.57746 0.55487 0.55723 0.52981 0.48266
0.30570 0.53961 0.56268 0.56883 0.57253 0.55761 0.54382 0.53275 0.53379 0.54111 0.52422 0.52755 0.54416 0.53343 0.55608 0.54686 0.55004 0.55656 0.57859 0.58109 0.57399 0.57949 0.56141 0.53223 0.51222
0.58253 0.58035 0.56268 0.58284 0.56319 0.55687 0.55804 0.55179 0.54434 0.53226 0.52629 0.53070 0.54410 0.54141 0.55828 0.56225 0.57047 0.55427 0.56155 0.57516 0.57536 0.55926 0.56307 0.54771 0.53638
0.59371 0.58398 0.57746 0.57399 0.57536 0.56628 0.56030 0.54187 0.53825 0.54227 0.52621 0.54204 0.54684 0.55437 0.55239 0.55693 0.57141 0.55971 0.57110 0.56085 0.56628 0.55687 0.55024 0.52184 0.52374
0.55839 0.60086 0.57889 0.58109 0.57516 0.56085 0.55641 0.55781 0.55390 0.54062 0.52913 0.54999 0.54143 0.55922 0.55556 0.56870 0.56095 0.55855 0.54895 0.55641 0.56030 0.55804 0.53927 0.55451 0.52477
0.50747 0.55602 0.56278 0.57859 0.56155 0.57110 0.54895 0.55395 0.56018 0.55697 0.55750 0.55897 0.56125 0.56596 0.54797 0.55945 0.55348 0.56843 0.55395 0.55781 0.54187 0.55204 0.53332 0.55836 0.54808
0.50288 0.52205 0.54253 0.55656 0.55427 0.55971 0.55855 0.56843 0.55735 0.55254 0.55713 0.56851 0.56208 0.57307 0.57420 0.57535 0.56427 0.55735 0.56018 0.55390 0.53825 0.54464 0.53443 0.53349 0.51058
0.52149 0.52265 0.54994 0.55004 0.57047 0.57141 0.56095 0.55348 0.56427 0.57278 0.57301 0.57584 0.57911 0.58091 0.56789 0.55872 0.57278 0.55254 0.55697 0.54062 0.54227 0.53252 0.54166 0.52168 0.53797
0.51460 0.50921 0.55091 0.54686 0.56225 0.55693 0.56870 0.55945 0.57535 0.55872 0.58040 0.58337 0.57744 0.57851 0.58516 0.58040 0.57301 0.55713 0.55750 0.52913 0.52621 0.52629 0.52592 0.50701 0.51233
0.55863 0.55618 0.55517 0.55608 0.55828 0.55239 0.55556 0.54797 0.57420 0.56789 0.58516 0.57903 0.59414 0.57593 0.57903 0.58337 0.57584 0.56851 0.55897 0.54999 0.54204 0.53187 0.53027 0.53631 0.53604
0.50065 0.49030 0.52219 0.53343 0.54141 0.55437 0.55922 0.56596 0.57307 0.58091 0.57851 0.57593 0.58642 0.58642 0.59414 0.57744 0.57911 0.56208 0.56125 0.54143 0.54684 0.54559 0.54752 0.54088 0.49282
0.49124 0.48677 0.53637 0.54416 0.54410 0.54684 0.54143 0.56125 0.56208 0.57911 0.57744 0.59414 0.58642 0.58642 0.57593 0.57851 0.58091 0.57307 0.56596 0.55922 0.55437 0.54288 0.53528 0.52506 0.49456
0.27332 0.52935 0.53187 0.52755 0.53070 0.54204 0.54999 0.55897 0.56851 0.57584 0.58337 0.57903 0.57593 0.59414 0.57903 0.58516 0.56789 0.57420 0.54797 0.55556 0.55239 0.55241 0.54849 0.53888 0.53046
0.27438 0.50737 0.50377 0.52422 0.52629 0.52621 0.52913 0.55750 0.55713 0.57301 0.58040 0.58516 0.57851 0.57744 0.58337 0.58040 0.55872 0.57535 0.55945 0.56870 0.55693 0.55608 0.54774 0.55003 0.50350
0.53681 0.53481 0.51952 0.54111 0.53226 0.54227 0.54062 0.55697 0.55254 0.57278 0.55872 0.56789 0.58091 0.57911 0.57584 0.57301 0.57278 0.56427 0.55348 0.56095 0.57141 0.56721 0.55254 0.55334 0.52511
0.53703 0.50923 0.53247 0.53379 0.54434 0.53825 0.55390 0.56018 0.55735 0.56427 0.57535 0.57420 0.57307 0.56208 0.56851 0.55713 0.55254 0.55735 0.56843 0.55855 0.55971 0.55427 0.55867 0.54656 0.52797
0.48900 0.55237 0.55747 0.53275 0.55179 0.54187 0.55781 0.55395 0.56843 0.55348 0.55945 0.54797 0.56596 0.56125 0.55897 0.55750 0.55697 0.56018 0.55395 0.54895 0.57110 0.56155 0.57542 0.56124 0.55498
0.28324 0.53601 0.56212 0.54382 0.55804 0.56030 0.55641 0.54895 0.55855 0.56095 0.56870 0.55556 0.55922 0.54143 0.54999 0.52913 0.54062 0.55390 0.55781 0.55641 0.56085 0.57282 0.57595 0.56969 0.58653
0.53789 0.54438 0.53618 0.55761 0.55687 0.56628 0.56085 0.57110 0.55971 0.57141 0.55693 0.55239 0.55437 0.54684 0.54204 0.52621 0.54227 0.53825 0.54187 0.56030 0.56628 0.57198 0.56668 0.56477 0.56455
0.54561 0.56150 0.56432 0.57253 0.56319 0.57198 0.57282 0.56155 0.55427 0.56721 0.55608 0.55241 0.54288 0.54559 0.53187 0.52629 0.53252 0.54464 0.55204 0.55804 0.55687 0.55926 0.56719 0.54347 0.56274
0.55043 0.53427 0.54670 0.56564 0.57001 0.56668 0.57595 0.57542 0.55867 0.55254 0.54774 0.54849 0.53528 0.54752 0.53027 0.52592 0.54166 0.53443 0.53332 0.53927 0.55024 0.56307 0.55897 0.55174 0.52771
0.51402 0.49994 0.54214 0.55620 0.55066 0.56477 0.56969 0.56124 0.54656 0.55334 0.55003 0.53888 0.52506 0.54088 0.53631 0.50701 0.52168 0.53349 0.55836 0.55451 0.52184 0.54834 0.53373 0.53277 0.47123
0.17115 0.17208 0.47449 0.52956 0.56274 0.56455 0.58653 0.55498 0.52797 0.52511 0.50350 0.53046 0.49456 0.49282 0.53604 0.51233 0.53797 0.51058 0.54808 0.52477 0.52374 0.53727 0.51427 0.48633 0.16979
