# name=grid_sheared field=200x200 stride=8
25 25
0.71973 0.71171 0.79052 0.78637 0.83038 0.81873 0.85009 0.81873 0.85009 0.81873 0.85009 0.81873 0.85009 0.81873 0.85009 0.81873 0.85009 0.81873 0.85009 0.81873 0.85009 0.85003 0.85001 0.84990 0.00000
0.77054 0.75649 0.82599 0.77506 0.83657 0.80622 0.83303 0.80622 0.83303 0.80622 0.83303 0.80622 0.83303 0.80622 0.83303 0.80622 0.83303 0.80622 0.83303 0.80622 0.83303 0.82924 0.82915 0.81832 0.24791
0.76280 0.82713 0.83555 0.84251 0.83101 0.84866 0.82950 0.84866 0.82950 0.84866 0.82950 0.84866 0.82950 0.84866 0.82950 0.84866 0.82950 0.84866 0.82950 0.84866 0.82950 0.84860 0.82566 0.84851 0.25819
0.83488 0.80540 0.82784 0.83398 0.83503 0.83587 0.83320 0.83587 0.83320 0.83587 0.83320 0.83587 0.83320 0.83587 0.83320 0.83587 0.83320 0.83587 0.83320 0.83587 0.83320 0.84791 0.83051 0.84772 0.75945
0.75952 0.84752 0.84798 0.85070 0.83183 0.84750 0.83043 0.84750 0.83043 0.84750 0.83043 0.84750 0.83043 0.84750 0.83043 0.84750 0.83043 0.84750 0.83043 0.84750 0.83043 0.84750 0.82853 0.82535 0.84747
0.69247 0.83316 0.83272 0.84911 0.83177 0.83394 0.83177 0.83394 0.83177 0.83394 0.83177 0.83394 0.83177 0.83394 0.83177 0.83394 0.83177 0.83394 0.83177 0.83394 0.83177 0.83394 0.83041 0.83198 0.76900
0.75060 0.77821 0.82205 0.81756 0.84728 0.81303 0.84728 0.81303 0.84728 0.81303 0.84728 0.81303 0.84728 0.81303 0.84728 0.81303 0.84728 0.81303 0.84728 0.81303 0.84728 0.81303 0.84927 0.81051 0.83419
0.66235 0.78014 0.80485 0.80802 0.83477 0.83234 0.83477 0.83234 0.83477 0.83234 0.83477 0.83234 0.83477 0.83234 0.83477 0.83234 0.83477 0.83234 0.83477 0.83234 0.83477 0.83392 0.85094 0.84739 0.79680
0.64690 0.75935 0.80461 0.81019 0.83412 0.83220 0.84727 0.83220 0.84727 0.83220 0.84727 0.83220 0.84727 0.83220 0.84727 0.83220 0.84727 0.83220 0.84727 0.83220 0.84727 0.83429 0.84456 0.82500 0.81722
0.72704 0.78881 0.82358 0.80477 0.83591 0.83177 0.83394 0.83177 0.83394 0.83177 0.83394 0.83177 0.83394 0.83177 0.83394 0.83177 0.83394 0.83177 0.83394 0.83177 0.83394 0.82898 0.82577 0.81464 0.78467
0.75482 0.80559 0.81595 0.84018 0.81450 0.84728 0.81303 0.84728 0.81303 0.84728 0.81303 0.84728 0.81303 0.84728 0.81303 0.84728 0.81303 0.84728 0.81303 0.84728 0.81303 0.83449 0.78204 0.82195 0.71638
0.83145 0.80248 0.82577 0.83262 0.83421 0.83477 0.83234 0.83477 0.83234 0.83477 0.83234 0.83477 0.83234 0.83477 0.83234 0.83477 0.83234 0.83477 0.83234 0.83477 0.83234 0.83202 0.80821 0.80045 0.75588
0.76206 0.84671 0.83574 0.85051 0.83361 0.84727 0.83220 0.84727 0.83220 0.84727 0.83220 0.84727 0.83220 0.84727 0.83220 0.84727 0.83220 0.84727 0.83220 0.84727 0.83220 0.84727 0.80543 0.81635 0.77702
0.69247 0.83316 0.83272 0.84911 0.83177 0.83394 0.83177 0.83394 0.83177 0.83394 0.83177 0.83394 0.83177 0.83394 0.83177 0.83394 0.83177 0.83394 0.83177 0.83394 0.83177 0.83394 0.81603 0.80299 0.77496
0.75060 0.77821 0.82205 0.81756 0.84728 0.81303 0.84728 0.81303 0.84728 0.81303 0.84728 0.81303 0.84728 0.81303 0.84728 0.81303 0.84728 0.81303 0.84728 0.81303 0.84728 0.81303 0.84927 0.81051 0.83237
0.66235 0.78014 0.80485 0.80802 0.83477 0.83234 0.83477 0.83234 0.83477 0.83234 0.83477 0.83234 0.83477 0.83234 0.83477 0.83234 0.83477 0.83234 0.83477 0.83234 0.83477 0.83392 0.85094 0.84739 0.79680
0.64690 0.75935 0.80461 0.81019 0.83412 0.83220 0.84727 0.83220 0.84727 0.83220 0.84727 0.83220 0.84727 0.83220 0.84727 0.83220 0.84727 0.83220 0.84727 0.83220 0.84727 0.83429 0.84456 0.82500 0.81722
0.72704 0.78881 0.82358 0.80477 0.83591 0.83177 0.83394 0.83177 0.83394 0.83177 0.83394 0.83177 0.83394 0.83177 0.83394 0.83177 0.83394 0.83177 0.83394 0.83177 0.83394 0.82898 0.82577 0.81464 0.78467
0.75482 0.80559 0.81595 0.84018 0.81450 0.84728 0.81303 0.84728 0.81303 0.84728 0.81303 0.84728 0.81303 0.84728 0.81303 0.84728 0.81303 0.84728 0.81303 0.84728 0.81303 0.83449 0.78204 0.82195 0.71638
0.83145 0.80248 0.82577 0.83262 0.83421 0.83477 0.83234 0.83477 0.83234 0.83477 0.83234 0.83477 0.83234 0.83477 0.83234 0.83477 0.83234 0.83477 0.83234 0.83477 0.83234 0.83202 0.80821 0.80045 0.75588
0.76206 0.84671 0.83574 0.85051 0.83361 0.84727 0.83220 0.84727 0.83220 0.84727 0.83220 0.84727 0.83220 0.84727 0.83220 0.84727 0.83220 0.84727 0.83220 0.84727 0.83220 0.84727 0.80543 0.81635 0.77702
0.74717 0.85337 0.85113 0.84941 0.84747 0.83323 0.84747 0.83323 0.84747 0.83323 0.84747 0.83323 0.84747 0.83323 0.84747 0.83323 0.84747 0.83323 0.84747 0.83323 0.84747 0.83323 0.83152 0.79796 0.79245
0.80951 0.82022 0.84922 0.82760 0.84746 0.80696 0.84746 0.80696 0.84746 0.80696 0.84746 0.80696 0.84746 0.80696 0.84746 0.80696 0.84746 0.80696 0.84746 0.80696 0.84746 0.80696 0.84745 0.79794 0.82171
0.29481 0.84768 0.82317 0.84772 0.75637 0.81936 0.75637 0.81936 0.75637 0.81936 0.75637 0.81936 0.75637 0.81936 0.75637 0.81936 0.75637 0.81936 0.75637 0.81936 0.75637 0.81936 0.77527 0.81303 0.28917
0.00000 0.30299 0.84790 0.25414 0.76584 0.24451 0.76584 0.24451 0.76584 0.24451 0.76584 0.24451 0.76584 0.24451 0.76584 0.24451 0.76584 0.24451 0.76584 0.24451 0.76584 0.24451 0.76584 0.26163 0.29819
