# name=grid_with_holes field=200x200 stride=8
25 25
0.00000 0.13417 0.12904 0.12808 0.35204 0.13827 0.00000 0.00000 0.00000 0.13417 0.12904 0.31490 0.51122 0.52664 0.51122 0.52664 0.51122 0.52664 0.51122 0.52664 0.31566 0.31282 0.13192 0.13827 0.00000
0.00000 0.13417 0.28755 0.31910 0.34173 0.35647 0.26115 0.28879 0.00000 0.34513 0.84441 0.46630 0.91118 0.89834 1.00000 0.89834 1.00000 0.89834 0.86652 0.50213 0.31123 0.31282 0.13192 0.13827 0.00000
0.14071 0.26378 0.71286 0.31031 0.44253 0.57493 0.73097 0.85879 0.42693 0.86812 0.88639 0.83722 0.89031 0.97112 0.96239 1.00000 0.96239 0.94882 0.85345 0.81379 0.52036 0.30939 0.13192 0.13827 0.00000
0.00000 0.74363 0.86688 0.83156 0.78480 0.82160 0.83553 0.85843 0.81694 1.00000 1.00000 0.97269 1.00000 0.98090 1.00000 1.00000 1.00000 0.96612 1.00000 0.95703 0.81662 0.46180 0.26524 0.13827 0.00000
0.31545 0.89777 0.83718 0.80587 0.88862 0.81002 0.93555 0.87556 0.84774 0.97824 0.96029 1.00000 0.96700 0.98446 0.97018 1.00000 0.98451 1.00000 0.98193 0.97379 0.81955 0.80445 0.51608 0.00000 0.00000
0.11554 0.82324 0.90905 0.85209 0.85842 0.95264 1.00000 0.95302 0.86626 0.94888 1.00000 1.00000 1.00000 0.97906 1.00000 1.00000 1.00000 0.96311 1.00000 1.00000 0.93316 0.95944 0.44565 0.00000 0.00000
0.33530 0.96302 0.90917 0.94182 0.91065 1.00000 0.96700 0.94675 0.91065 1.00000 0.98279 1.00000 0.96875 1.00000 0.97018 1.00000 0.97018 1.00000 0.98339 0.92011 0.89108 0.85126 0.73154 0.24791 0.00000
0.28770 0.93222 0.98019 0.97731 0.97727 0.98238 0.98446 0.97906 0.97601 0.94778 0.98314 0.93853 1.00000 1.00000 1.00000 1.00000 1.00000 1.00000 0.97601 0.90464 1.00000 0.94082 0.72398 0.74941 0.12457
0.48563 1.00000 0.98026 1.00000 0.97018 1.00000 0.97018 1.00000 0.96712 1.00000 0.98193 1.00000 0.96810 0.97727 0.97018 1.00000 0.98451 1.00000 0.96712 1.00000 0.98038 0.93770 0.76692 0.33325 0.11689
0.28742 0.95852 0.96452 0.95992 1.00000 1.00000 1.00000 0.96884 1.00000 0.96131 1.00000 0.95601 0.95485 0.98238 1.00000 0.96884 1.00000 0.92826 1.00000 1.00000 0.97150 0.97522 0.80164 0.46984 0.28770
0.35204 0.94195 0.88064 1.00000 0.96810 0.97727 0.98451 0.97967 0.93356 0.92928 0.95476 0.94557 0.93679 1.00000 0.96712 1.00000 0.98193 1.00000 0.96260 0.97150 0.98036 1.00000 0.77447 0.28597 0.28792
0.11194 0.81596 0.88413 1.00000 1.00000 0.98238 1.00000 0.96390 1.00000 0.94287 1.00000 1.00000 0.97857 0.96612 1.00000 1.00000 1.00000 0.95601 1.00000 0.97910 1.00000 1.00000 0.81087 0.47221 0.28770
0.31545 0.89777 0.94941 1.00000 0.96700 0.98359 0.98286 0.96631 0.88148 0.88461 0.95305 0.88878 0.94239 0.98314 0.96543 1.00000 0.96257 1.00000 0.96444 0.98279 0.98279 0.93777 0.89401 0.90428 0.28792
0.11554 0.82324 0.90905 1.00000 1.00000 0.94433 1.00000 0.95429 0.96672 0.97432 0.97876 0.95408 1.00000 0.93853 1.00000 1.00000 1.00000 1.00000 0.97529 0.96027 0.98446 0.97589 0.96735 0.89061 0.28770
0.33530 0.96302 0.92835 1.00000 0.98374 1.00000 0.96543 1.00000 0.95923 1.00000 0.98063 0.98308 0.96875 1.00000 0.96810 1.00000 0.96700 1.00000 0.98374 1.00000 0.98451 1.00000 0.97764 0.90428 0.28792
0.11544 1.00000 0.93930 0.93293 1.00000 0.96311 1.00000 1.00000 0.97079 0.93899 0.98151 0.91444 1.00000 1.00000 0.97727 0.98238 0.98359 0.94433 1.00000 0.96311 1.00000 1.00000 0.96735 0.89061 0.28770
0.35204 0.94195 0.88064 1.00000 0.96810 0.97640 0.96810 1.00000 0.96321 1.00000 0.96349 1.00000 0.96810 0.97727 0.97018 1.00000 0.96712 1.00000 0.96543 1.00000 1.00000 0.97273 0.97764 0.90428 0.28792
0.11194 0.81596 0.88413 1.00000 1.00000 0.98238 0.97727 0.94905 0.98196 0.97425 1.00000 1.00000 1.00000 0.98238 1.00000 0.96884 1.00000 1.00000 1.00000 0.96278 1.00000 0.93424 0.90375 0.89061 0.28770
0.31545 0.89777 0.94941 1.00000 0.98279 0.98446 0.98451 1.00000 0.98193 1.00000 0.96257 1.00000 0.96700 0.98446 0.98451 1.00000 0.98193 1.00000 0.95762 1.00000 1.00000 0.97828 0.85163 0.46206 0.28792
0.11554 0.82324 0.82695 0.96022 1.00000 0.94030 0.95849 0.92826 1.00000 0.95601 1.00000 1.00000 1.00000 0.97906 1.00000 0.92826 1.00000 0.91348 0.93819 0.95343 1.00000 0.91436 0.47243 0.48374 0.28770
0.33530 0.86029 0.81890 1.00000 0.98087 1.00000 0.89448 0.97250 0.98038 1.00000 0.98139 0.97529 0.98374 1.00000 0.98286 1.00000 1.00000 0.97349 0.79798 0.87246 0.90880 0.92967 0.44045 0.28792 0.28792
0.11544 0.31049 0.86456 0.96540 1.00000 0.95550 0.78599 0.97411 0.96398 0.97522 0.92377 0.95405 1.00000 0.96390 1.00000 1.00000 0.96398 0.96958 0.28047 0.87923 0.95382 0.96404 0.28742 0.28742 0.11544
0.12122 0.33897 0.58093 0.88962 0.88404 0.87905 0.82007 0.88962 0.85560 0.87543 0.93240 1.00000 1.00000 0.93252 0.90721 0.84866 0.88404 0.72953 0.59584 1.00000 1.00000 0.35154 0.12122 0.12122 0.12122
0.13057 0.13057 0.35887 0.52486 0.79759 0.72714 0.35887 0.52486 0.79759 0.81998 1.00000 0.92675 0.90428 0.95503 0.88982 0.80361 0.79759 0.72714 0.13057 0.35015 0.33150 0.37101 0.13057 0.13057 0.00000
0.00000 0.00000 0.00000 0.00000 0.00000 0.00000 0.00000 0.00000 0.00000 0.13417 0.12904 0.31490 0.31566 0.12808 0.13192 0.00000 0.00000 0.00000 0.00000 0.00000 0.00000 0.00000 0.00000 0.00000 0.00000
