# name=mixed_regions field=200x200 stride=8
25 25
0.00000 0.00000 0.33530 0.00000 0.30371 0.00000 0.30371 0.00000 0.30371 0.00000 0.35204 0.00000 0.00000 0.00000 0.00000 0.00000 0.00000 0.00000 0.00000 0.00000 0.00000 0.00000 0.00000 0.00000 0.00000
0.00000 0.34807 1.00000 0.93222 1.00000 0.89834 1.00000 0.89834 1.00000 0.95852 1.00000 0.35647 0.24847 0.00000 0.00000 0.00000 0.00000 0.00000 0.00000 0.00000 0.00000 0.00000 0.00000 0.00000 0.00000
0.33530 1.00000 0.95276 1.00000 0.96239 1.00000 0.96239 1.00000 0.98026 1.00000 0.97159 1.00000 0.24235 0.19829 0.00000 0.00000 0.00000 0.00000 0.00000 0.00000 0.06279 0.48308 0.56367 0.10163 0.04493
0.00000 0.93222 1.00000 1.00000 1.00000 1.00000 1.00000 1.00000 1.00000 1.00000 1.00000 0.85669 0.23242 0.19517 0.00000 0.00000 0.00000 0.00000 0.00000 0.05268 0.05494 0.43608 0.54063 0.60796 0.24601
0.30371 1.00000 0.96239 1.00000 0.97018 1.00000 0.97018 1.00000 0.98451 1.00000 0.97764 0.90428 0.22598 0.07421 0.00000 0.00000 0.00000 0.00000 0.01322 0.00000 0.33643 0.42754 0.52524 0.57649 0.23363
0.00000 0.89834 1.00000 1.00000 1.00000 1.00000 1.00000 1.00000 1.00000 1.00000 0.96735 0.89061 0.08766 0.14119 0.00000 0.00000 0.10751 0.00881 0.00000 0.00000 0.34160 0.44707 0.55102 0.35658 0.22421
0.30371 1.00000 0.96239 1.00000 0.97018 1.00000 0.97018 1.00000 0.98451 1.00000 0.97764 0.90428 0.08273 0.13558 0.00000 0.18708 0.14273 0.28106 0.00000 0.00000 0.05716 0.40740 0.28603 0.32069 0.36408
0.00000 0.89834 1.00000 1.00000 1.00000 1.00000 1.00000 1.00000 1.00000 1.00000 0.96735 0.87063 0.23341 0.06308 0.00000 0.15024 0.17268 0.18915 0.06664 0.18542 0.00000 0.04786 0.05369 0.02220 0.02526
0.30371 1.00000 0.96239 1.00000 0.97018 1.00000 0.97018 1.00000 0.98451 1.00000 0.97764 0.76435 0.33553 0.23752 0.00000 0.08096 0.10658 0.19947 0.30736 0.22277 0.12142 0.00000 0.04618 0.04861 0.00000
0.00000 0.89834 1.00000 1.00000 1.00000 1.00000 1.00000 1.00000 1.00000 1.00000 0.96735 0.75587 0.35207 0.21372 0.12710 0.23500 0.25100 0.26070 0.11704 0.25110 0.24143 0.00000 0.00000 0.00000 0.00000
0.30371 1.00000 0.96239 1.00000 0.97018 1.00000 0.97018 1.00000 0.98451 1.00000 0.91758 0.73899 0.34428 0.44400 0.13948 0.24761 0.26379 0.46874 0.25865 0.24905 0.24082 0.00000 0.00000 0.00000 0.00000
0.00000 0.89834 1.00000 1.00000 1.00000 1.00000 1.00000 1.00000 1.00000 1.00000 0.90739 0.73488 0.52033 0.45215 0.14605 0.14425 0.26480 0.52703 0.27905 0.13246 0.06208 0.00000 0.00000 0.00000 0.00000
0.30371 1.00000 0.96239 1.00000 0.97018 1.00000 0.97018 1.00000 0.98451 1.00000 0.97764 0.81788 0.30866 0.10359 0.00000 0.06190 0.05068 0.46890 0.25155 0.56410 0.20728 0.08813 0.09519 0.09482 0.00000
0.00000 0.89834 1.00000 1.00000 1.00000 1.00000 1.00000 1.00000 1.00000 1.00000 0.96735 0.83850 0.24850 0.07942 0.02250 0.02305 0.12143 0.13650 0.46500 0.51448 0.25428 0.25894 0.10710 0.02206 0.00000
0.30371 1.00000 0.96239 1.00000 0.97018 1.00000 0.97018 1.00000 0.98451 1.00000 0.97764 0.83565 0.08207 0.44287 0.02901 0.02619 0.02172 0.20148 0.23847 0.15348 0.29621 0.16381 0.02696 0.02438 0.00000
0.00000 0.89834 1.00000 1.00000 1.00000 1.00000 1.00000 1.00000 1.00000 1.00000 0.96735 0.80015 0.08720 0.54559 0.07772 0.06753 0.05874 0.04811 0.14355 0.15834 0.31415 0.34563 0.34576 0.08167 0.08385
0.30371 1.00000 0.96239 1.00000 0.97018 1.00000 0.97018 1.00000 0.98451 1.00000 0.97764 0.79640 0.08701 0.58855 0.08451 0.07656 0.06922 0.05901 0.05024 0.05278 0.06837 0.19348 0.07677 0.07574 0.07692
0.00000 0.89834 1.00000 1.00000 1.00000 1.00000 1.00000 1.00000 1.00000 1.00000 0.96735 0.80518 0.08431 0.64823 0.13739 0.12923 0.06302 0.05449 0.16330 0.17851 0.06145 0.05809 0.00000 0.00000 0.00000
0.30371 1.00000 0.96239 1.00000 0.97018 1.00000 0.97018 1.00000 0.98451 1.00000 0.97764 0.88890 0.58712 0.30367 0.10973 0.42543 0.40016 0.04579 0.01334 0.36042 0.23847 0.00000 0.00000 0.00000 0.00000
0.00000 0.89834 1.00000 1.00000 1.00000 1.00000 1.00000 1.00000 1.00000 1.00000 0.96735 0.83202 0.58689 0.29543 0.19100 0.46027 0.42339 0.15934 0.00000 0.25296 0.15608 0.00000 0.00000 0.00000 0.00000
0.30371 1.00000 0.98026 1.00000 0.98451 1.00000 0.98451 1.00000 1.00000 1.00000 1.00000 0.77074 0.07154 0.28342 0.08422 0.07121 0.06271 0.17081 0.17449 0.19033 0.18553 0.19097 0.00000 0.00000 0.00000
0.00000 0.95852 1.00000 1.00000 1.00000 1.00000 1.00000 1.00000 1.00000 1.00000 0.96094 0.80120 0.07572 0.06294 0.09622 0.07976 0.17911 0.16756 0.18355 0.20117 0.19670 0.00000 0.00000 0.00000 0.00000
0.35204 1.00000 0.97159 1.00000 0.97764 0.96735 0.97764 0.96735 1.00000 0.96094 1.00000 0.28793 0.08073 0.00000 0.00000 0.08910 0.18358 0.07706 0.00000 0.18880 0.19880 0.00000 0.00000 0.00000 0.00000
0.00000 0.35647 1.00000 0.92675 0.90428 0.89061 0.90428 0.89061 0.90428 0.95503 0.34879 0.36684 0.00000 0.00000 0.00000 0.00000 0.07271 0.00000 0.00000 0.00000 0.00000 0.00000 0.00000 0.00000 0.00000
0.00000 0.00000 0.00000 0.00000 0.00000 0.00000 0.00000 0.00000 0.00000 0.00000 0.00000 0.00000 0.00000 0.00000 0.00000 0.00000 0.00000 0.00000 0.00000 0.00000 0.00000 0.00000 0.00000 0.00000 0.00000
