# name=grid_rotated_30 field=200x200 stride=8
25 25
0.39654 0.38796 0.72311 0.78438 0.79483 0.79621 0.68655 0.77043 0.79513 0.80068 0.68596 0.80525 0.74221 0.79423 0.83725 0.78822 0.81843 0.82402 0.78036 0.78498 0.82456 0.85274 0.80370 0.83728 0.84427
0.48822 0.58870 0.72809 0.77268 0.82538 0.81344 0.80523 0.82477 0.78067 0.80397 0.76564 0.80993 0.75766 0.76137 0.83577 0.80106 0.80894 0.79807 0.81743 0.84823 0.82883 0.85068 0.83862 0.83981 0.85371
0.42125 0.67989 0.77808 0.81467 0.83331 0.81018 0.84237 0.83816 0.80546 0.80924 0.78337 0.81533 0.81589 0.81368 0.83432 0.83891 0.84167 0.81631 0.82692 0.84647 0.83301 0.83497 0.84910 0.84913 0.85025
0.52052 0.76634 0.80884 0.82941 0.84727 0.83623 0.83704 0.81153 0.81241 0.82434 0.81296 0.82287 0.82631 0.81119 0.83471 0.83795 0.82878 0.82844 0.84237 0.84464 0.83773 0.84720 0.84785 0.84795 0.84825
0.80855 0.82015 0.80916 0.84821 0.84590 0.83497 0.84056 0.83513 0.82760 0.81609 0.81131 0.81347 0.82773 0.82228 0.83375 0.83791 0.83921 0.82744 0.83963 0.84363 0.84538 0.84490 0.84502 0.84540 0.84468
0.82345 0.82597 0.83015 0.84708 0.84549 0.84252 0.83936 0.83394 0.81547 0.82559 0.81699 0.83002 0.83384 0.83575 0.82823 0.81238 0.83723 0.81908 0.83896 0.83244 0.84276 0.84278 0.83707 0.83226 0.84252
0.78012 0.85090 0.84688 0.84452 0.84272 0.83017 0.83809 0.83285 0.82921 0.81521 0.82410 0.83455 0.82468 0.83923 0.82968 0.83773 0.82681 0.83667 0.82953 0.83930 0.83934 0.83947 0.83616 0.83881 0.83889
0.75114 0.81707 0.83442 0.84099 0.83890 0.83768 0.82839 0.81920 0.83066 0.82947 0.83474 0.83969 0.84169 0.84373 0.82371 0.83865 0.83558 0.83424 0.82747 0.83454 0.83551 0.83493 0.83057 0.83439 0.83522
0.82551 0.79812 0.81453 0.82529 0.81545 0.82831 0.82472 0.83321 0.82145 0.82240 0.82938 0.84208 0.84508 0.84641 0.84387 0.84037 0.82448 0.82349 0.83297 0.83286 0.83083 0.82847 0.82738 0.82789 0.82961
0.81905 0.80780 0.84009 0.82725 0.83736 0.83639 0.82638 0.82501 0.83653 0.83687 0.83924 0.84257 0.84622 0.84676 0.83392 0.83053 0.83735 0.81828 0.83334 0.82266 0.82920 0.82122 0.82387 0.81543 0.81943
0.78807 0.80357 0.83886 0.82482 0.83696 0.82458 0.83720 0.82849 0.84005 0.83207 0.84255 0.84334 0.83576 0.84045 0.84561 0.84259 0.82505 0.82714 0.83584 0.82048 0.82897 0.82494 0.82352 0.82111 0.81566
0.83863 0.83766 0.83728 0.83647 0.83452 0.82525 0.82838 0.82781 0.84188 0.83507 0.84347 0.84540 0.84552 0.83882 0.84589 0.84327 0.84029 0.84032 0.83785 0.83473 0.83101 0.82728 0.82337 0.82366 0.81484
0.73793 0.76428 0.80312 0.80803 0.82234 0.83469 0.83754 0.84110 0.84363 0.84467 0.84447 0.81949 0.82766 0.82594 0.84634 0.83316 0.84518 0.83229 0.84030 0.82770 0.83337 0.82870 0.82712 0.81934 0.82030
0.76120 0.76858 0.81294 0.82933 0.82934 0.83257 0.82578 0.83898 0.83201 0.84546 0.83481 0.84641 0.84622 0.84666 0.82866 0.84771 0.84618 0.84575 0.84243 0.83846 0.83495 0.83269 0.83107 0.83106 0.83188
0.80179 0.81212 0.80867 0.82521 0.81400 0.82818 0.83225 0.83657 0.84236 0.84539 0.84609 0.84709 0.83447 0.84720 0.83873 0.84826 0.83920 0.84542 0.84125 0.83946 0.83593 0.83143 0.83572 0.83561 0.83221
0.67812 0.76144 0.80348 0.81252 0.80830 0.80663 0.81632 0.83544 0.84073 0.84521 0.84669 0.84625 0.83423 0.83432 0.84613 0.84687 0.83906 0.84398 0.84113 0.83849 0.83739 0.83888 0.83871 0.83978 0.81204
0.79251 0.79798 0.80546 0.82312 0.82344 0.82532 0.81490 0.83268 0.82074 0.84280 0.83515 0.83530 0.84404 0.84388 0.84349 0.84378 0.84324 0.83520 0.83806 0.83834 0.83750 0.83596 0.83027 0.84213 0.83456
0.78648 0.77503 0.80209 0.81128 0.82817 0.81787 0.83198 0.83493 0.82812 0.83094 0.84367 0.84286 0.84164 0.82724 0.83952 0.82621 0.83285 0.82967 0.83766 0.83728 0.83899 0.84047 0.84225 0.84284 0.84419
0.82623 0.83765 0.83442 0.80799 0.83427 0.82083 0.83497 0.82156 0.83689 0.83897 0.83076 0.84014 0.83907 0.83634 0.83182 0.83531 0.83563 0.83669 0.83750 0.83087 0.83876 0.83917 0.84101 0.83286 0.82794
0.79694 0.84272 0.84011 0.82003 0.83838 0.83775 0.83178 0.82996 0.83468 0.83661 0.83785 0.83825 0.83741 0.81985 0.83207 0.81601 0.82298 0.83511 0.83623 0.83777 0.83760 0.83914 0.83992 0.84168 0.84401
0.84766 0.83204 0.84342 0.84166 0.83998 0.83892 0.83831 0.83664 0.83526 0.83586 0.83626 0.83659 0.83580 0.83414 0.83038 0.82840 0.82845 0.82360 0.83478 0.83604 0.83738 0.83787 0.83867 0.84050 0.84309
0.83935 0.82951 0.83878 0.84279 0.84080 0.84005 0.83937 0.83760 0.83634 0.83396 0.83402 0.83050 0.83100 0.83306 0.82455 0.82574 0.81794 0.82884 0.83343 0.83594 0.83707 0.83776 0.84011 0.83778 0.84473
0.81592 0.83017 0.83307 0.83945 0.83927 0.84149 0.84067 0.83945 0.82856 0.82387 0.83474 0.83088 0.82593 0.83233 0.81852 0.81848 0.82314 0.82757 0.81980 0.82332 0.83779 0.83831 0.84116 0.84303 0.84563
0.79999 0.81614 0.82289 0.83172 0.82984 0.84334 0.84285 0.83737 0.82364 0.83249 0.83976 0.82341 0.81673 0.82112 0.81706 0.81153 0.81218 0.82722 0.83224 0.83653 0.83904 0.84077 0.84256 0.84431 0.84737
0.77762 0.84328 0.81133 0.82384 0.83947 0.84741 0.84650 0.84552 0.84437 0.83331 0.83697 0.83956 0.81711 0.82212 0.81840 0.79286 0.80621 0.82798 0.83388 0.83873 0.84152 0.84280 0.84492 0.84676 0.84972
