# name=mixed_regions field=200x200 stride=8
25 25
0.00000 0.00000 0.50295 0.00000 0.87825 0.87575 0.87825 0.87575 0.45557 0.00000 0.52806 0.00000 0.00000 0.00000 0.00000 0.00000 0.00000 0.00000 0.00000 0.00000 0.00000 0.00000 0.00000 0.00000 0.00000
0.00000 0.52211 1.00000 0.93222 1.00000 0.95167 1.00000 0.95167 1.00000 0.95852 1.00000 0.53470 0.12070 0.00000 0.00000 0.00000 0.00000 0.00000 0.00000 0.00000 0.00000 0.00000 0.00000 0.00000 0.00000
0.50295 1.00000 0.95276 1.00000 0.96239 1.00000 0.96239 1.00000 0.98026 1.00000 0.97159 1.00000 0.11384 0.05622 0.00000 0.00000 0.00000 0.00000 0.00000 0.00000 0.00000 0.00000 0.00000 0.00000 0.00000
0.00000 0.93222 1.00000 1.00000 1.00000 1.00000 1.00000 1.00000 1.00000 1.00000 1.00000 0.88926 0.48335 0.05182 0.00000 0.00000 0.00000 0.00000 0.00000 0.00000 0.00000 0.00000 0.00000 0.00000 0.00000
0.87825 1.00000 0.96239 1.00000 0.98851 1.00000 0.98851 1.00000 0.98451 1.00000 0.97764 0.90428 0.00000 0.00000 0.00000 0.00000 0.00000 0.00000 0.00000 0.00000 0.67180 0.73226 0.77652 0.80043 0.81914
0.87575 0.95167 1.00000 1.00000 1.00000 1.00000 1.00000 1.00000 1.00000 1.00000 0.96735 0.89061 0.00000 0.00000 0.00000 0.00000 0.00000 0.00000 0.00000 0.00000 0.68599 0.76324 0.78840 0.81181 0.80857
0.87825 1.00000 0.96239 1.00000 0.98851 1.00000 0.98851 1.00000 0.98451 1.00000 0.97764 0.90428 0.00000 0.00000 0.00000 0.00000 0.00000 0.00000 0.00000 0.00000 0.70309 0.76558 0.80993 0.80863 0.80639
0.87575 0.95167 1.00000 1.00000 1.00000 1.00000 1.00000 1.00000 1.00000 1.00000 0.96735 0.87459 0.00000 0.00000 0.00000 0.00000 0.00000 0.00000 0.00000 0.00000 0.71727 0.77508 0.79146 0.80929 0.80587
0.87825 1.00000 0.96239 1.00000 0.98851 1.00000 0.98851 1.00000 0.98451 1.00000 0.97764 0.79066 0.38608 0.28661 0.19816 0.17522 0.23759 0.49858 0.64413 0.73367 0.69972 0.78797 0.81307 0.80154 0.82107
0.87575 0.95167 1.00000 1.00000 1.00000 1.00000 1.00000 1.00000 1.00000 1.00000 0.96735 0.81100 0.38020 0.27573 0.32889 0.30421 0.56912 0.62413 0.64333 0.74286 0.74331 0.82128 0.77893 0.79940 0.55897
0.87825 1.00000 0.96239 1.00000 0.98851 1.00000 0.98851 1.00000 0.98451 1.00000 0.94818 0.82117 0.34463 0.41470 0.29481 0.27891 0.53082 0.63743 0.65075 0.75804 0.77771 0.85569 0.85216 0.83558 0.77557
0.87575 0.95167 1.00000 1.00000 1.00000 1.00000 1.00000 1.00000 1.00000 1.00000 0.93864 0.81567 0.45178 0.41390 0.25862 0.25044 0.54303 0.68366 0.67501 0.76020 0.82295 0.85399 0.85010 0.84493 0.77975
0.87825 1.00000 0.96239 1.00000 0.98851 1.00000 0.98851 1.00000 0.98451 1.00000 0.97764 0.87863 0.16440 0.07471 0.00000 0.12352 0.48771 0.60834 0.69892 0.77368 0.80177 0.81781 0.81589 0.81685 0.55163
0.87575 0.95167 1.00000 1.00000 1.00000 1.00000 1.00000 1.00000 1.00000 1.00000 0.96735 0.87502 0.47144 0.37880 0.36320 0.52165 0.73133 0.65288 0.75026 0.75067 0.78648 0.80676 0.79854 0.78328 0.50704
0.87825 1.00000 0.96239 1.00000 0.98851 1.00000 0.98851 1.00000 0.98451 1.00000 0.97764 0.88244 0.45495 0.62629 0.69344 0.71843 0.76794 0.74710 0.73427 0.68533 0.72918 0.76165 0.72909 0.75532 0.48257
0.87575 0.95167 1.00000 1.00000 1.00000 1.00000 1.00000 1.00000 1.00000 1.00000 0.96735 0.86366 0.50440 0.76336 0.79880 0.78102 0.81999 0.80828 0.76075 0.67887 0.75827 0.75737 0.79204 0.73789 0.73603
0.87825 1.00000 0.96239 1.00000 0.98851 1.00000 0.98851 1.00000 0.98451 1.00000 0.97764 0.86900 0.83121 0.78096 0.79917 0.77129 0.80121 0.76778 0.56042 0.72454 0.45329 0.55592 0.66464 0.70530 0.00000
0.87575 0.95167 1.00000 1.00000 1.00000 1.00000 1.00000 1.00000 1.00000 1.00000 0.96735 0.86325 0.79890 0.70340 0.71703 0.70901 0.78177 0.74829 0.66928 0.70236 0.63433 0.69492 0.74707 0.76870 0.00000
0.87825 1.00000 0.98171 1.00000 1.00000 1.00000 1.00000 1.00000 1.00000 1.00000 1.00000 0.82971 0.66250 0.52538 0.58585 0.59207 0.73041 0.65637 0.61390 0.73591 0.75525 0.82076 0.83146 0.87620 0.00000
0.96028 0.98397 1.00000 1.00000 1.00000 1.00000 1.00000 1.00000 1.00000 1.00000 0.97195 0.89301 0.49166 0.35916 0.46057 0.48401 0.63713 0.62233 0.57975 0.79520 0.81119 0.87880 0.88101 0.88389 0.00000
0.72302 1.00000 0.98488 1.00000 0.98815 1.00000 0.98815 1.00000 1.00000 1.00000 1.00000 0.84763 0.00000 0.00000 0.00000 0.00000 0.36155 0.57866 0.62369 0.73899 0.00000 0.00000 0.00000 0.00000 0.00000
0.53881 0.97255 1.00000 1.00000 1.00000 1.00000 1.00000 1.00000 1.00000 1.00000 0.97418 0.88625 0.00000 0.00000 0.00000 0.00000 0.55118 0.58743 0.64830 0.74390 0.00000 0.00000 0.00000 0.00000 0.00000
0.74699 1.00000 1.00000 1.00000 1.00000 1.00000 1.00000 1.00000 1.00000 1.00000 1.00000 0.69190 0.00000 0.00000 0.00000 0.00000 0.55341 0.32204 0.42549 0.76204 0.00000 0.00000 0.00000 0.00000 0.00000
0.62600 0.77956 1.00000 1.00000 1.00000 1.00000 1.00000 1.00000 1.00000 1.00000 0.78170 0.77646 0.00000 0.00000 0.00000 0.00000 0.24500 0.40788 0.46189 0.49965 0.00000 0.00000 0.00000 0.00000 0.00000
0.66667 0.81650 0.81650 0.81650 1.00000 1.00000 1.00000 1.00000 0.81650 0.81650 0.81650 0.66667 0.00000 0.00000 0.00000 0.00000 0.00000 0.00000 0.00000 0.00000 0.00000 0.00000 0.00000 0.00000 0.00000
