# name=organic_walks field=200x200 stride=8
25 25
0.00000 0.00000 0.55596 0.55648 0.55700 0.72902 0.71891 0.47243 0.27264 0.25448 0.23851 0.00000 0.00000 0.00000 0.00000 0.00000 0.00000 0.00000 0.00000 0.00000 0.00000 0.60595 0.60595 0.60595 0.60595
0.27647 0.41383 0.69957 0.47872 0.55697 0.74303 0.70800 0.69414 0.43278 0.41697 0.22550 0.19499 0.00000 0.00000 0.00000 0.00000 0.00000 0.00000 0.00000 0.00000 0.45723 0.54500 0.60595 0.60595 0.60595
0.27673 0.61689 0.67636 0.73660 0.74999 0.73356 0.69259 0.69297 0.41570 0.39805 0.35973 0.17466 0.00000 0.00000 0.00000 0.00000 0.00000 0.00000 0.00000 0.00000 0.60489 0.54658 0.60595 0.60595 0.60595
0.27700 0.59561 0.65196 0.69052 0.69911 0.72097 0.67232 0.68191 0.39531 0.54082 0.49151 0.37016 0.00000 0.00000 0.00000 0.00000 0.00000 0.00000 0.00000 0.00000 0.57018 0.82448 0.89041 0.88774 0.88482
0.00000 0.22030 0.26532 0.26258 0.44117 0.46095 0.44382 0.65551 0.71486 0.66864 0.57894 0.21855 0.33153 0.29995 0.27149 0.16288 0.00000 0.00000 0.00000 0.16112 0.61139 0.75925 0.87634 0.87274 0.86904
0.00000 0.38467 0.50501 0.50580 0.42245 0.18575 0.63562 0.69805 0.72264 0.70492 0.66171 0.21204 0.48550 0.51635 0.15139 0.07628 0.00000 0.00000 0.00000 0.00000 0.63361 0.75109 0.81810 0.83547 0.83527
0.00000 0.28792 0.53534 0.54978 0.36823 0.57233 0.65150 0.46530 0.74215 0.72301 0.66729 0.59516 0.33620 0.38659 0.27159 0.10004 0.08968 0.00000 0.00000 0.12326 0.65782 0.76074 0.80661 0.80940 0.81194
0.30492 0.28974 0.30585 0.32011 0.21230 0.59307 0.69784 0.61619 0.76093 0.73873 0.71141 0.61031 0.13708 0.14124 0.15014 0.25719 0.18926 0.19165 0.00000 0.21275 0.69253 0.75123 0.75674 0.77541 0.77887
0.00000 0.00000 0.00000 0.00000 0.43476 0.70603 0.72719 0.75299 0.71590 0.71647 0.74103 0.69961 0.41422 0.42500 0.59801 0.34974 0.41596 0.42401 0.35941 0.47173 0.70394 0.74397 0.75171 0.75745 0.76436
0.00000 0.00000 0.00000 0.00000 0.40355 0.69750 0.72784 0.84825 0.61452 0.65812 0.74122 0.71002 0.42051 0.56205 0.60276 0.53502 0.61530 0.71849 0.55445 0.60989 0.70994 0.71533 0.73964 0.74580 0.73119
0.00000 0.00000 0.00000 0.00000 0.63893 0.63740 0.80454 0.82868 0.65271 0.75177 0.68453 0.48657 0.62001 0.62463 0.68184 0.76417 0.71094 0.70442 0.68622 0.63233 0.69747 0.72285 0.73835 0.74529 0.74920
0.00000 0.00000 0.00000 0.00000 0.55029 0.57658 0.72786 0.73605 0.66340 0.61644 0.49672 0.49621 0.74213 0.73282 0.75533 0.80896 0.72372 0.69496 0.75859 0.73949 0.79136 0.75351 0.76823 0.75900 0.76538
0.00000 0.00000 0.00000 0.00000 0.27246 0.27245 0.51477 0.52840 0.81081 0.81258 0.83220 0.78426 0.72322 0.70859 0.75693 0.82265 0.72581 0.72903 0.72907 0.72084 0.75725 0.77188 0.78149 0.77597 0.78763
0.00000 0.00000 0.00000 0.00000 0.58211 0.62891 0.70341 0.67431 0.80536 0.82980 0.79833 0.70213 0.64616 0.75691 0.77662 0.81745 0.73598 0.74673 0.70430 0.74292 0.73289 0.80982 0.80634 0.81618 0.80252
0.00000 0.00000 0.00000 0.00000 0.66999 0.62205 0.66082 0.69926 0.82077 0.81244 0.77554 0.57771 0.61132 0.69848 0.74299 0.64560 0.67816 0.64315 0.64516 0.60683 0.74422 0.79105 0.83670 0.83274 0.82712
0.00000 0.00000 0.00000 0.00000 0.76257 0.73878 0.68216 0.71149 0.82831 0.57269 0.74208 0.59860 0.37523 0.39132 0.59826 0.61267 0.70443 0.64598 0.64842 0.71154 0.76077 0.80714 0.83932 0.83637 0.83219
0.00000 0.00000 0.41054 0.43459 0.59425 0.59188 0.56191 0.60019 0.79596 0.52729 0.42860 0.43694 0.06982 0.08419 0.16754 0.00000 0.41325 0.40451 0.67482 0.57736 0.67320 0.77788 0.84075 0.82870 0.83706
0.00000 0.00000 0.45686 0.59885 0.52187 0.51254 0.50572 0.59342 0.86565 0.75345 0.74515 0.47038 0.43784 0.07831 0.09944 0.45368 0.42498 0.39729 0.59158 0.67774 0.74731 0.78005 0.80274 0.84102 0.84076
0.00000 0.00000 0.22815 0.39350 0.47419 0.52464 0.42915 0.59897 0.80805 0.69764 0.69744 0.35627 0.53129 0.47251 0.11127 0.14609 0.39616 0.63830 0.71796 0.65110 0.75873 0.77636 0.81396 0.83941 0.83915
0.00000 0.00000 0.00000 0.38336 0.49104 0.49281 0.65233 0.76806 0.70266 0.74412 0.72839 0.69176 0.66603 0.56937 0.39717 0.54640 0.58974 0.72926 0.73853 0.75687 0.79401 0.79387 0.82128 0.84362 0.83778
0.00000 0.00000 0.00000 0.00000 0.00000 0.35329 0.32360 0.57884 0.73724 0.79527 0.82998 0.80401 0.00000 0.00000 0.00000 0.00000 0.71243 0.67620 0.63838 0.67628 0.00000 0.00000 0.00000 0.00000 0.00000
0.00000 0.00000 0.00000 0.00000 0.00000 0.34474 0.43205 0.74774 0.80437 0.82741 0.83808 0.82220 0.00000 0.00000 0.00000 0.00000 0.71078 0.71802 0.68489 0.66495 0.00000 0.00000 0.00000 0.00000 0.00000
0.00000 0.00000 0.00000 0.00000 0.29023 0.44912 0.50514 0.78486 0.86144 0.85516 0.84999 0.83311 0.00000 0.00000 0.00000 0.00000 0.74969 0.74568 0.72571 0.68834 0.00000 0.00000 0.00000 0.00000 0.00000
0.00000 0.00000 0.00000 0.00000 0.35022 0.49161 0.58333 0.87019 0.86314 0.85658 0.85069 0.84674 0.00000 0.00000 0.00000 0.00000 0.77822 0.78483 0.76091 0.57675 0.00000 0.00000 0.00000 0.00000 0.00000
0.00000 0.00000 0.00000 0.00000 0.00000 0.58333 0.58333 0.58333 0.86574 0.85915 0.85235 0.56134 0.00000 0.00000 0.00000 0.00000 0.81258 0.81963 0.82577 0.47463 0.00000 0.00000 0.00000 0.00000 0.00000
