# name=rect_rotated_scattered field=200x200 stride=8
25 25
0.00000 0.00000 0.00000 0.00000 0.00000 0.00000 0.00000 0.00000 0.32652 0.00000 0.00000 0.00000 0.00000 0.00000 0.00000 0.00000 0.00000 0.00000 0.00000 0.00000 0.00000 0.00000 0.00000 0.00000 0.00000
0.00000 0.00000 0.00000 0.00000 0.00000 0.00000 0.36532 0.83019 0.98395 0.98393 0.98392 0.00000 0.00000 0.00000 0.00000 0.00000 0.00000 0.00000 0.00000 0.00000 0.29712 0.29713 0.29714 0.00000 0.00000
0.00000 0.00000 0.00000 0.00000 0.00000 0.25435 0.69997 0.85001 0.92923 0.98419 0.90348 0.70710 0.00000 0.00000 0.00000 0.00000 0.00000 0.00000 0.00000 0.00000 0.29700 0.29702 0.29703 0.29704 0.00000
0.00000 0.00000 0.00000 0.00000 0.00000 0.53394 0.73072 0.84709 0.90716 0.98445 0.92742 0.77234 0.00000 0.00000 0.00000 0.00000 0.00000 0.00000 0.00000 0.00000 0.29689 0.67317 0.70192 0.73900 0.00000
0.00000 0.00000 0.00000 0.00000 0.00000 0.62809 0.72539 0.83804 0.89843 0.94236 0.95087 0.74917 0.73339 0.31382 0.00000 0.00000 0.00000 0.22344 0.00000 0.00000 0.88713 0.88487 0.88170 0.87804 0.87464
0.00000 0.00000 0.00000 0.00000 0.19236 0.64212 0.71142 0.80352 0.87872 0.89743 0.89922 0.83992 0.58101 0.45183 0.37805 0.17580 0.00000 0.00000 0.00000 0.33335 0.83843 0.87624 0.87447 0.81815 0.87217
0.00000 0.00000 0.00000 0.00000 0.51359 0.37833 0.67901 0.80303 0.80323 0.86072 0.80947 0.80733 0.29194 0.52382 0.43452 0.18099 0.00000 0.00000 0.33893 0.62196 0.82401 0.87059 0.87005 0.86952 0.83909
0.00000 0.00000 0.00000 0.00000 0.51878 0.50118 0.66470 0.77477 0.66179 0.74806 0.69080 0.48748 0.33237 0.31715 0.26397 0.19435 0.00000 0.00000 0.66113 0.74335 0.81546 0.86677 0.86707 0.86607 0.86683
0.00000 0.21249 0.29849 0.38533 0.44612 0.41889 0.28865 0.13675 0.13767 0.34789 0.73953 0.73730 0.67747 0.71548 0.77310 0.49572 0.11192 0.13717 0.67211 0.76478 0.00000 0.00000 0.00000 0.00000 0.83477
0.00000 0.27539 0.35975 0.43599 0.49609 0.61564 0.47669 0.33148 0.52696 0.68265 0.76540 0.78223 0.73632 0.82338 0.81276 0.74681 0.09407 0.12055 0.67591 0.75124 0.00000 0.00000 0.00000 0.00000 0.83466
0.00000 0.27836 0.35821 0.43108 0.75285 0.76454 0.50555 0.39081 0.63568 0.71318 0.71063 0.75290 0.84297 0.87133 0.80236 0.72298 0.07725 0.10052 0.67950 0.76580 0.00000 0.00000 0.00000 0.00000 0.83614
0.00000 0.17903 0.24602 0.31805 0.64911 0.68007 0.50473 0.40962 0.44641 0.70649 0.72081 0.56452 0.87042 0.82783 0.85209 0.71850 0.39707 0.57494 0.58689 0.64239 0.00000 0.00000 0.00000 0.00000 0.69032
0.13743 0.13748 0.43868 0.52630 0.62654 0.77025 0.76234 0.51983 0.45052 0.70681 0.69558 0.70842 0.55350 0.50205 0.64613 0.61582 0.45301 0.64600 0.64567 0.59788 0.75601 0.84401 0.80946 0.83128 0.84753
0.21613 0.22137 0.22692 0.63434 0.61472 0.70799 0.42482 0.45551 0.71485 0.69993 0.64939 0.64583 0.64912 0.55817 0.59783 0.50822 0.65008 0.68635 0.64811 0.56041 0.84309 0.75753 0.80786 0.83157 0.84925
0.20550 0.21323 0.22105 0.39335 0.48715 0.25667 0.33528 0.51536 0.64857 0.62785 0.52632 0.60450 0.51202 0.59476 0.42286 0.51347 0.45022 0.59009 0.51458 0.29094 0.72425 0.85577 0.85687 0.85715 0.85727
0.00000 0.18911 0.20033 0.37106 0.00000 0.17014 0.23750 0.56577 0.58446 0.46117 0.44791 0.42937 0.16977 0.48681 0.29733 0.41025 0.50609 0.46852 0.38270 0.28486 0.66699 0.79632 0.83950 0.86922 0.86817
0.00000 0.00000 0.00000 0.00000 0.27169 0.25996 0.50155 0.59298 0.64597 0.71317 0.51481 0.45359 0.44606 0.65721 0.53608 0.57097 0.41238 0.20539 0.00000 0.00000 0.56438 0.71958 0.82606 0.88738 0.88940
0.00000 0.00000 0.00000 0.00000 0.60240 0.55738 0.29773 0.63650 0.72844 0.73859 0.75104 0.51576 0.61531 0.56854 0.47070 0.53280 0.22231 0.18530 0.13466 0.14909 0.40286 0.56464 0.66278 0.73747 0.90150
0.00000 0.00000 0.00000 0.00000 0.59404 0.62231 0.35356 0.66597 0.81062 0.79766 0.74036 0.65518 0.60334 0.55773 0.14008 0.19985 0.07876 0.09749 0.11356 0.41228 0.52107 0.70740 0.81530 0.74551 0.91178
0.00000 0.00000 0.00000 0.00000 0.67890 0.68470 0.70708 0.76676 0.84761 0.84026 0.78985 0.80661 0.78025 0.69066 0.54359 0.19593 0.30491 0.08850 0.29952 0.18297 0.69346 0.74637 0.82867 0.92091 0.61856
0.57560 0.87096 0.82397 0.77227 0.77744 0.81954 0.81263 0.76898 0.56883 0.77185 0.79060 0.79670 0.74464 0.75913 0.69528 0.67391 0.59938 0.38813 0.29604 0.31572 0.69448 0.81628 0.91145 0.91451 0.00000
0.57556 0.87723 0.88105 0.81745 0.85466 0.83882 0.78454 0.79467 0.60194 0.82113 0.85068 0.84998 0.83806 0.84801 0.79029 0.77327 0.52768 0.50136 0.61684 0.37764 0.50237 0.60167 0.90649 0.90846 0.00000
0.88162 0.88587 0.89023 0.89443 0.87187 0.85255 0.81437 0.80973 0.64955 0.86390 0.88829 0.73205 0.90986 0.90115 0.85799 0.83331 0.59961 0.47425 0.65781 0.42653 0.54386 0.60174 0.60174 0.60174 0.00000
0.60797 0.89498 0.89871 0.90189 0.88941 0.87232 0.84565 0.82472 0.53749 0.72274 0.76295 0.76078 0.93433 0.92427 0.91139 0.89300 0.53860 0.51245 0.70455 0.44156 0.54993 0.60181 0.60181 0.60181 0.00000
0.00000 0.60797 0.60797 0.60797 0.89491 0.87492 0.84832 0.82641 0.53749 0.88370 0.93336 0.79377 0.96038 0.94702 0.92742 0.90810 0.54305 0.51565 0.47634 0.30094 0.60187 0.60187 0.60188 0.60188 0.00000
