# name=grid_streets_mixed field=200x200 stride=8
25 25
0.55309 0.52642 1.00000 0.93397 0.94494 0.92769 0.96383 0.92727 0.96261 0.98394 0.88938 0.94224 0.88915 0.95941 0.90494 0.88661 0.96294 0.89561 0.88802 0.89591 0.72043 0.95018 1.00000 0.54386 0.33333
0.52251 1.00000 0.96862 1.00000 0.97400 1.00000 0.97011 0.97578 0.96913 0.97351 1.00000 0.95007 1.00000 0.94735 1.00000 1.00000 0.96811 0.96231 0.97533 0.97682 1.00000 0.95701 1.00000 1.00000 0.33333
0.95391 0.96009 0.97746 0.97160 0.98079 1.00000 1.00000 0.99117 1.00000 1.00000 1.00000 1.00000 1.00000 1.00000 1.00000 1.00000 1.00000 1.00000 0.95554 1.00000 0.97113 1.00000 0.96384 0.95699 0.33333
0.72116 1.00000 0.97715 1.00000 0.98814 1.00000 0.98634 0.98830 1.00000 0.98775 1.00000 1.00000 1.00000 0.99249 1.00000 1.00000 1.00000 1.00000 0.98606 1.00000 1.00000 1.00000 1.00000 1.00000 0.57277
0.94625 0.97588 0.97860 0.98731 1.00000 0.98611 0.99093 0.96913 0.99293 0.98556 1.00000 0.98657 1.00000 0.98650 0.98690 0.98701 0.98614 1.00000 0.99029 1.00000 0.99018 1.00000 0.97819 0.93452 0.56788
0.71629 1.00000 0.97604 1.00000 1.00000 1.00000 0.99177 0.98335 1.00000 0.98258 1.00000 1.00000 1.00000 0.98628 1.00000 1.00000 1.00000 1.00000 0.98120 1.00000 1.00000 1.00000 1.00000 0.94213 0.57742
0.74485 1.00000 0.97765 1.00000 1.00000 1.00000 1.00000 0.99120 1.00000 0.99080 1.00000 1.00000 1.00000 1.00000 1.00000 1.00000 1.00000 1.00000 0.98175 1.00000 1.00000 1.00000 1.00000 0.93117 0.57451
0.88502 0.94217 0.97952 1.00000 0.98574 1.00000 1.00000 0.98180 1.00000 0.98069 1.00000 0.96211 1.00000 1.00000 1.00000 1.00000 1.00000 1.00000 0.98146 1.00000 1.00000 1.00000 1.00000 0.94587 0.57607
0.89006 1.00000 0.97555 1.00000 1.00000 1.00000 0.98622 0.99033 1.00000 0.98989 1.00000 0.96085 1.00000 0.98600 1.00000 1.00000 1.00000 1.00000 0.98849 1.00000 1.00000 1.00000 1.00000 0.94224 0.57943
0.94119 0.98697 0.98188 1.00000 0.98270 1.00000 0.99058 1.00000 0.99000 1.00000 1.00000 0.98601 1.00000 0.98593 0.98635 0.98610 0.98555 1.00000 0.98349 1.00000 1.00000 1.00000 0.97927 0.94628 0.56913
0.88687 1.00000 0.97622 1.00000 0.99085 1.00000 0.98946 0.98169 0.98727 0.98731 1.00000 1.00000 1.00000 1.00000 1.00000 1.00000 0.98504 1.00000 0.98555 0.99040 1.00000 0.96899 1.00000 1.00000 0.57668
0.95383 0.95934 1.00000 1.00000 1.00000 1.00000 1.00000 1.00000 1.00000 1.00000 1.00000 1.00000 1.00000 1.00000 1.00000 1.00000 1.00000 1.00000 0.98469 1.00000 1.00000 1.00000 0.98006 0.97553 0.56431
0.64871 1.00000 0.97708 1.00000 0.98969 1.00000 0.98813 0.98633 0.98772 0.98569 1.00000 1.00000 1.00000 0.99361 1.00000 1.00000 0.98313 1.00000 0.98203 0.99074 1.00000 0.97010 1.00000 1.00000 0.57307
0.92968 0.92271 1.00000 1.00000 1.00000 1.00000 1.00000 1.00000 1.00000 1.00000 1.00000 1.00000 1.00000 1.00000 1.00000 1.00000 1.00000 1.00000 1.00000 1.00000 1.00000 1.00000 1.00000 0.97636 0.88348
0.64465 1.00000 0.97750 1.00000 0.98913 1.00000 0.98748 0.98658 1.00000 0.98596 1.00000 1.00000 1.00000 0.99373 1.00000 1.00000 1.00000 1.00000 0.98401 1.00000 1.00000 1.00000 1.00000 1.00000 0.57132
0.97150 0.97495 1.00000 0.98875 0.99200 0.98768 0.99030 1.00000 1.00000 1.00000 1.00000 0.98540 1.00000 1.00000 1.00000 1.00000 0.98236 1.00000 0.98419 1.00000 0.99126 1.00000 0.97331 0.98306 0.56476
0.72162 1.00000 0.97624 1.00000 0.98852 1.00000 0.97579 0.98171 1.00000 0.98407 1.00000 1.00000 1.00000 0.98636 1.00000 1.00000 1.00000 1.00000 0.98674 1.00000 1.00000 1.00000 1.00000 0.93680 0.57657
0.90286 0.90280 0.98028 1.00000 0.98281 1.00000 1.00000 1.00000 1.00000 1.00000 1.00000 1.00000 1.00000 1.00000 1.00000 1.00000 1.00000 1.00000 0.98411 1.00000 0.97085 1.00000 1.00000 0.89595 0.53746
0.49159 1.00000 0.97739 1.00000 0.98106 1.00000 0.98708 0.98260 1.00000 0.98095 1.00000 0.96373 1.00000 0.98699 1.00000 1.00000 1.00000 1.00000 0.98227 1.00000 1.00000 1.00000 1.00000 1.00000 0.28962
0.90533 0.91719 0.97957 0.97811 0.96664 0.97914 0.98063 0.98401 1.00000 1.00000 1.00000 0.98325 1.00000 0.98806 1.00000 1.00000 0.98270 1.00000 0.96386 1.00000 0.97835 1.00000 0.97280 0.91121 0.25910
0.47481 1.00000 0.97759 1.00000 0.98122 1.00000 1.00000 0.98275 1.00000 0.98896 1.00000 1.00000 1.00000 0.98716 1.00000 1.00000 1.00000 1.00000 0.98243 1.00000 1.00000 1.00000 1.00000 0.91633 0.27253
0.91541 1.00000 0.97863 1.00000 0.98154 1.00000 1.00000 0.98356 1.00000 1.00000 1.00000 1.00000 1.00000 1.00000 1.00000 1.00000 1.00000 1.00000 0.98325 1.00000 1.00000 1.00000 1.00000 0.92075 0.29966
0.54725 0.96592 0.94765 0.97581 0.95463 0.97692 0.95047 0.96862 0.97996 0.95623 0.98137 0.93688 1.00000 0.96628 0.98172 1.00000 0.98058 1.00000 0.95658 0.98067 0.97541 0.97737 0.96915 0.96325 0.33333
0.55780 1.00000 0.96487 0.93838 0.98475 0.93766 0.96495 0.97332 0.96545 0.97147 0.96638 0.94428 0.96192 0.98985 0.95187 0.96233 0.96429 0.88619 0.97234 0.95218 1.00000 0.95196 1.00000 0.53571 0.33333
0.00000 0.33333 0.33333 0.57509 0.57369 0.57059 0.62130 0.29524 0.57400 0.56582 0.75260 0.56465 0.75234 0.83080 0.83646 0.84254 0.83211 0.52762 0.28739 0.60642 0.57672 0.56876 0.33333 0.33333 0.00000
