# name=rect_scattered field=200x200 stride=8
25 25
0.00000 0.00000 0.00000 0.00000 0.00000 0.00000 0.00000 0.00000 0.00000 0.00000 0.00000 0.00000 0.00000 0.00000 0.00000 0.00000 0.00000 0.00000 0.00000 0.00000 0.00000 0.00000 0.00000 0.00000 0.00000
0.00000 0.00000 0.00000 0.00000 0.00000 0.00000 0.23228 0.11485 0.13971 0.10124 0.00000 0.00000 0.00000 0.07139 0.00000 0.08267 0.00000 0.00000 0.00000 0.00000 0.00000 0.00000 0.00000 0.00000 0.00000
0.00000 0.00000 0.11882 0.12206 0.22676 0.20915 0.19671 0.16392 0.13805 0.10714 0.00000 0.00000 0.09566 0.08470 0.00000 0.08329 0.07676 0.00000 0.00000 0.13558 0.23228 0.21423 0.00000 0.00000 0.00000
0.00000 0.00000 0.00000 0.26629 0.42403 0.38268 0.15845 0.14030 0.12635 0.00000 0.00000 0.16061 0.10339 0.10023 0.09280 0.08103 0.08154 0.16342 0.12842 0.12847 0.23204 0.52717 0.23053 0.23465 0.00000
0.00000 0.00000 0.21735 0.27375 0.41319 0.23496 0.13156 0.11089 0.00000 0.00000 0.00000 0.16285 0.09966 0.10932 0.00000 0.07410 0.08325 0.09876 0.11598 0.10628 0.22402 0.53259 0.22751 0.23394 0.00000
0.00000 0.00000 0.37148 0.34679 0.25947 0.00000 0.11964 0.00000 0.17587 0.00000 0.00000 0.14481 0.08863 0.10075 0.00000 0.00000 0.11778 0.07987 0.00000 0.00000 0.49068 0.38901 0.22456 0.23322 0.00000
0.00000 0.00000 0.32573 0.50681 0.54087 0.28654 0.25152 0.18099 0.19265 0.32223 0.00000 0.06189 0.05051 0.00000 0.00000 0.00000 0.08193 0.00000 0.00000 0.00000 0.12712 0.37236 0.36594 0.23270 0.00000
0.00000 0.00000 0.00000 0.15428 0.40605 0.41222 0.21159 0.35234 0.22698 0.19109 0.13886 0.00000 0.00000 0.00000 0.00000 0.00000 0.27928 0.09435 0.08471 0.00000 0.10515 0.10142 0.08740 0.32510 0.00000
0.00000 0.09166 0.11567 0.34794 0.62797 0.58930 0.48697 0.47242 0.21602 0.00000 0.16652 0.00000 0.00000 0.00000 0.00000 0.00000 0.15218 0.10843 0.10476 0.00000 0.09649 0.15589 0.06013 0.00000 0.00000
0.00000 0.00000 0.00000 0.00000 0.21413 0.20891 0.00000 0.17894 0.24147 0.28928 0.47931 0.00000 0.00000 0.00000 0.13203 0.29135 0.19975 0.19229 0.18452 0.11967 0.11530 0.10229 0.07118 0.00000 0.00000
0.00000 0.08978 0.15285 0.29427 0.21784 0.16724 0.13601 0.33441 0.23124 0.46733 0.51682 0.28589 0.00000 0.17795 0.16199 0.30540 0.19151 0.19203 0.19289 0.12826 0.19874 0.20767 0.00000 0.00000 0.00000
0.00000 0.15272 0.16090 0.30340 0.29774 0.34980 0.32396 0.53629 0.45001 0.66832 0.47748 0.33897 0.00000 0.33029 0.10793 0.20014 0.10728 0.10655 0.30237 0.29507 0.19180 0.12759 0.08871 0.00000 0.00000
0.00000 0.00000 0.15771 0.29462 0.39607 0.34968 0.56044 0.49572 0.60169 0.52481 0.52556 0.51418 0.30958 0.46430 0.47326 0.11788 0.24749 0.40721 0.40139 0.29122 0.10034 0.20011 0.10798 0.09807 0.00000
0.00000 0.00000 0.00000 0.07513 0.15132 0.23942 0.18865 0.23948 0.29254 0.30821 0.52760 0.50549 0.29083 0.46430 0.48887 0.11181 0.10776 0.31882 0.30644 0.07994 0.31413 0.13084 0.11394 0.09672 0.00000
0.00000 0.00000 0.00000 0.06533 0.22505 0.30891 0.18810 0.25559 0.30875 0.30013 0.26289 0.47624 0.17190 0.65038 0.60339 0.25927 0.19635 0.33323 0.32814 0.00000 0.00000 0.00000 0.12215 0.13801 0.00000
0.00000 0.00000 0.00000 0.12015 0.14945 0.32025 0.67845 0.55774 0.30375 0.29951 0.25755 0.00000 0.18101 0.19123 0.57260 0.60628 0.60699 0.46986 0.45197 0.12669 0.00000 0.15186 0.12007 0.13018 0.00000
0.00000 0.00000 0.00000 0.09795 0.34639 0.59574 0.65912 0.80490 0.80110 0.22130 0.17742 0.26826 0.17249 0.19153 0.61035 0.63640 0.65099 0.64294 0.62576 0.29904 0.12443 0.15972 0.19426 0.11181 0.00000
0.00000 0.00000 0.00000 0.00000 0.23998 0.17813 0.59257 0.81473 0.71756 0.22868 0.09216 0.00000 0.14017 0.18144 0.68759 0.69963 0.68886 0.66678 0.46080 0.62191 0.59351 0.35911 0.11692 0.00000 0.00000
0.00000 0.00000 0.08322 0.15716 0.16032 0.10225 0.44676 0.27550 0.00000 0.00000 0.00000 0.15802 0.16065 0.15001 0.36680 0.72237 0.56557 0.60340 0.46349 0.44622 0.25311 0.15100 0.00000 0.00000 0.00000
0.00000 0.00000 0.07899 0.14006 0.14403 0.13834 0.18613 0.00000 0.00000 0.00000 0.00000 0.18325 0.23991 0.44545 0.62710 0.40455 0.19896 0.25962 0.26940 0.26352 0.42216 0.28038 0.08328 0.00000 0.00000
0.00000 0.13614 0.11074 0.13995 0.00000 0.00000 0.00000 0.00000 0.07210 0.07926 0.38713 0.40958 0.61132 0.25235 0.25326 0.39157 0.30585 0.40915 0.41886 0.60986 0.24522 0.35714 0.07688 0.00000 0.00000
0.00000 0.11971 0.11416 0.09490 0.11308 0.00000 0.00000 0.10451 0.05606 0.12982 0.36667 0.57315 0.63415 0.23239 0.24254 0.39045 0.11972 0.11227 0.39130 0.40732 0.22316 0.20292 0.00000 0.00000 0.00000
0.00000 0.09852 0.09937 0.09716 0.08848 0.00000 0.00000 0.00000 0.00000 0.08265 0.08151 0.37938 0.42473 0.14402 0.15505 0.15747 0.12127 0.00000 0.08604 0.10792 0.06781 0.00000 0.00000 0.00000 0.00000
0.00000 0.00000 0.08210 0.00000 0.00000 0.00000 0.00000 0.00000 0.00000 0.00000 0.00000 0.00000 0.15059 0.11730 0.13288 0.14136 0.00000 0.00000 0.00000 0.04234 0.00000 0.00000 0.00000 0.00000 0.00000
0.00000 0.00000 0.00000 0.00000 0.00000 0.00000 0.00000 0.00000 0.00000 0.00000 0.00000 0.00000 0.00000 0.00000 0.00000 0.00000 0.00000 0.00000 0.00000 0.00000 0.00000 0.00000 0.00000 0.00000 0.00000
