# name=grid_rotated_30 field=200x200 stride=8
25 25
0.17736 0.19844 0.59923 0.64360 0.64043 0.63568 0.53606 0.59221 0.65597 0.65878 0.52883 0.61983 0.59981 0.60332 0.62093 0.55384 0.62234 0.61145 0.60690 0.65118 0.68722 0.67340 0.53488 0.47623 0.47241
0.23021 0.42237 0.58588 0.62792 0.66423 0.64904 0.64701 0.67263 0.62560 0.66016 0.62856 0.65574 0.59741 0.59519 0.63674 0.60444 0.63179 0.63655 0.66848 0.70826 0.68371 0.67927 0.63170 0.55642 0.47895
0.28502 0.56256 0.64180 0.64983 0.67406 0.64445 0.68375 0.68574 0.65796 0.64495 0.62675 0.66149 0.66329 0.63936 0.65184 0.66543 0.67060 0.66149 0.67907 0.69001 0.68537 0.65730 0.66018 0.62877 0.56773
0.55248 0.63471 0.66699 0.67995 0.69110 0.67701 0.66453 0.65731 0.66270 0.67404 0.65496 0.65939 0.67740 0.65744 0.66844 0.66510 0.67118 0.67760 0.69854 0.69937 0.68908 0.69462 0.67050 0.63282 0.60314
0.67340 0.67927 0.66695 0.69867 0.68373 0.68117 0.68603 0.68144 0.67669 0.66373 0.65934 0.66260 0.67699 0.67014 0.68604 0.67756 0.69354 0.67402 0.68355 0.69723 0.69687 0.67852 0.67888 0.65416 0.63572
0.68722 0.68371 0.68537 0.68908 0.69687 0.69219 0.68779 0.66942 0.66821 0.67565 0.65751 0.67547 0.67898 0.68387 0.67710 0.67893 0.69383 0.67976 0.69516 0.68480 0.69219 0.68117 0.66722 0.62649 0.62397
0.65118 0.70826 0.69001 0.69937 0.69723 0.68480 0.68097 0.68600 0.68359 0.67004 0.65582 0.68042 0.66845 0.68703 0.67917 0.69229 0.68031 0.67911 0.66996 0.68097 0.68779 0.68603 0.65809 0.67232 0.63160
0.60690 0.66848 0.67907 0.69854 0.68355 0.69516 0.66996 0.67739 0.68727 0.68514 0.68544 0.68660 0.68840 0.69225 0.66845 0.68020 0.67157 0.69206 0.67739 0.68600 0.66942 0.68059 0.65555 0.68263 0.66271
0.61145 0.63655 0.66149 0.67760 0.67402 0.67976 0.67911 0.69206 0.67952 0.67419 0.68040 0.69348 0.68484 0.69768 0.69734 0.69779 0.68461 0.67952 0.68727 0.68359 0.66821 0.67547 0.66018 0.65385 0.61999
0.62234 0.63179 0.67060 0.67118 0.69354 0.69383 0.68031 0.67157 0.68461 0.69530 0.69667 0.69916 0.70167 0.70332 0.68851 0.67748 0.69530 0.67419 0.68514 0.67004 0.67565 0.66262 0.67149 0.64152 0.65582
0.55384 0.60444 0.66543 0.66510 0.67756 0.67893 0.69229 0.68020 0.69779 0.67748 0.70217 0.70452 0.69608 0.69697 0.70594 0.70217 0.69667 0.68040 0.68544 0.65582 0.65751 0.65934 0.65445 0.62537 0.62699
0.62093 0.63674 0.65184 0.66844 0.68604 0.67710 0.67917 0.66845 0.69734 0.68851 0.70594 0.69579 0.71179 0.68968 0.69579 0.70452 0.69916 0.69348 0.68660 0.68042 0.67547 0.66337 0.66110 0.66317 0.65809
0.60332 0.59519 0.63936 0.65744 0.67014 0.68387 0.68703 0.69225 0.69768 0.70332 0.69697 0.68968 0.69989 0.69989 0.71179 0.69608 0.70167 0.68484 0.68840 0.66845 0.67898 0.67793 0.67950 0.66414 0.59854
0.59981 0.59741 0.66329 0.67740 0.67699 0.67898 0.66845 0.68840 0.68484 0.70167 0.69608 0.71179 0.69989 0.69989 0.68968 0.69697 0.70332 0.69768 0.69225 0.68703 0.68387 0.67108 0.65664 0.63792 0.59373
0.59538 0.65574 0.66149 0.65939 0.66260 0.67547 0.68042 0.68660 0.69348 0.69916 0.70452 0.69579 0.68968 0.71179 0.69579 0.70594 0.68851 0.69734 0.66845 0.67917 0.67710 0.67628 0.66684 0.64941 0.63436
0.53166 0.62856 0.62675 0.65496 0.65934 0.65751 0.65582 0.68544 0.68040 0.69667 0.70217 0.70594 0.69697 0.69608 0.70452 0.70217 0.67748 0.69779 0.68020 0.69229 0.67893 0.67610 0.66290 0.66220 0.60048
0.65878 0.66016 0.64495 0.67404 0.66373 0.67565 0.67004 0.68514 0.67419 0.69530 0.67748 0.68851 0.70332 0.70167 0.69916 0.69667 0.69530 0.68461 0.67157 0.68031 0.69383 0.68761 0.66888 0.66733 0.62828
0.65597 0.62560 0.65796 0.66270 0.67669 0.66821 0.68359 0.68727 0.67952 0.68461 0.69779 0.69734 0.69768 0.68484 0.69348 0.68040 0.67419 0.67952 0.69206 0.67911 0.67976 0.67402 0.67548 0.65852 0.63295
0.59866 0.67263 0.68574 0.65731 0.68144 0.66942 0.68600 0.67739 0.69206 0.67157 0.68020 0.66845 0.69225 0.68840 0.68660 0.68544 0.68514 0.68727 0.67739 0.66996 0.69516 0.68355 0.69512 0.67373 0.66190
0.54712 0.64701 0.68375 0.66453 0.68603 0.68779 0.68097 0.66996 0.67911 0.68031 0.69229 0.67917 0.68703 0.66845 0.68042 0.65582 0.67004 0.68359 0.68600 0.68097 0.68480 0.69459 0.69371 0.68023 0.69348
0.63568 0.64904 0.64445 0.67701 0.68117 0.69219 0.68480 0.69516 0.67976 0.69383 0.67893 0.67710 0.68387 0.67898 0.67547 0.65751 0.67565 0.66821 0.66942 0.68779 0.69219 0.69295 0.68082 0.67138 0.66281
0.64092 0.66466 0.67437 0.69110 0.68373 0.69295 0.69459 0.68355 0.67402 0.68761 0.67610 0.67628 0.67108 0.67793 0.66337 0.65934 0.66262 0.67547 0.68059 0.68603 0.68117 0.67852 0.67971 0.64468 0.65921
0.64495 0.62910 0.65068 0.67569 0.68272 0.68082 0.69371 0.69512 0.67548 0.66888 0.66290 0.66684 0.65664 0.67950 0.66110 0.65445 0.67149 0.66018 0.65555 0.65809 0.66722 0.67888 0.66724 0.65335 0.62064
0.60203 0.58824 0.64367 0.65878 0.65296 0.67138 0.68023 0.67373 0.65852 0.66733 0.66220 0.64941 0.63792 0.66414 0.66317 0.62537 0.64152 0.65385 0.68263 0.67232 0.62649 0.65448 0.63366 0.63062 0.55340
0.20203 0.41287 0.55827 0.62225 0.65921 0.66281 0.69348 0.66190 0.63295 0.62828 0.60048 0.63436 0.59373 0.59854 0.65809 0.62699 0.65582 0.61999 0.66271 0.63160 0.62397 0.63618 0.60433 0.57006 0.41201
