# name=grid_with_holes field=200x200 stride=8
25 25
0.00000 0.15408 0.15346 0.15334 0.36282 0.15460 0.00000 0.00000 0.00000 0.15408 0.15346 0.37012 0.84330 0.85001 0.84330 0.85001 0.84330 0.85001 0.84330 0.85001 0.37189 0.36475 0.15381 0.15460 0.00000
0.00000 0.15408 0.36283 0.34263 0.34173 0.35659 0.31087 0.28879 0.00000 0.36234 0.94106 0.84270 0.91118 0.94586 1.00000 0.94586 1.00000 0.94586 0.91863 0.87298 0.56513 0.36475 0.15381 0.15460 0.00000
0.15491 0.36962 0.85231 0.32587 0.53841 0.92273 0.78794 0.88673 0.44371 0.92303 0.93271 0.94619 0.91824 0.97112 0.96239 1.00000 0.96239 0.94882 0.93560 0.92966 0.83317 0.54109 0.15381 0.15460 0.00000
0.00000 0.84317 0.86688 0.87756 0.87371 0.94678 0.83553 0.87242 0.88509 1.00000 1.00000 0.97269 1.00000 0.98090 1.00000 1.00000 1.00000 0.96612 1.00000 0.95703 0.81878 0.80114 0.35729 0.15460 0.00000
0.31545 0.89777 0.91908 0.87528 0.92535 0.85319 0.93555 0.89206 0.93839 0.97824 0.96029 1.00000 0.96700 0.98446 0.97018 1.00000 0.98451 1.00000 0.98193 0.97379 0.86564 0.80445 0.80506 0.00000 0.00000
0.14291 0.92643 0.92129 0.89475 0.92909 0.95264 1.00000 0.95500 0.93566 0.94888 1.00000 1.00000 1.00000 0.97906 1.00000 1.00000 1.00000 0.96311 1.00000 1.00000 0.93316 0.95944 0.83284 0.30172 0.00000
0.35783 0.96302 0.93482 0.94182 0.93422 1.00000 0.96700 0.94677 0.93422 1.00000 0.98279 1.00000 0.96875 1.00000 0.97018 1.00000 0.97018 1.00000 0.98339 0.92011 0.89112 0.93503 0.94818 0.35578 0.00000
0.37012 0.93222 0.98019 0.97731 0.97727 0.98238 0.98446 0.97906 0.97601 0.94778 0.98314 0.94105 1.00000 1.00000 1.00000 1.00000 1.00000 1.00000 0.97601 0.91565 1.00000 0.94082 0.95169 0.96047 0.15408
0.84056 1.00000 0.98026 1.00000 0.97018 1.00000 0.97018 1.00000 0.96712 1.00000 0.98193 1.00000 0.96810 0.97727 0.97018 1.00000 0.98451 1.00000 0.96712 1.00000 0.98038 0.93947 0.94284 0.35008 0.15346
0.36475 0.95852 0.96452 0.95992 1.00000 1.00000 1.00000 0.96884 1.00000 0.96131 1.00000 0.95601 0.95485 0.98238 1.00000 0.96884 1.00000 0.92826 1.00000 1.00000 0.97150 0.97522 0.89554 0.57886 0.37012
0.36199 0.94195 0.90799 1.00000 0.96810 0.97727 0.98451 0.97967 0.93781 0.92928 0.95476 0.94557 0.93679 1.00000 0.96712 1.00000 0.98193 1.00000 0.96260 0.97150 0.98036 1.00000 0.93326 0.58043 0.37189
0.13253 0.93445 0.91934 1.00000 1.00000 0.98238 1.00000 0.96390 1.00000 0.94287 1.00000 1.00000 0.97857 0.96612 1.00000 1.00000 1.00000 0.95601 1.00000 0.97910 1.00000 1.00000 0.93955 0.88391 0.37012
0.31545 0.89777 0.94941 1.00000 0.96700 0.98359 0.98286 0.96631 0.91826 0.93283 0.95305 0.94734 0.94239 0.98314 0.96543 1.00000 0.96257 1.00000 0.96444 0.98279 0.98279 0.93777 0.94655 0.90695 0.37189
0.14291 0.92643 0.92129 1.00000 1.00000 0.95388 1.00000 0.95429 0.96672 0.97432 0.97876 0.95408 1.00000 0.94261 1.00000 1.00000 1.00000 1.00000 0.97529 0.96027 0.98446 0.97589 0.96735 0.94804 0.37012
0.35783 0.96302 0.93183 1.00000 0.98374 1.00000 0.96543 1.00000 0.95923 1.00000 0.98063 0.98308 0.96875 1.00000 0.96810 1.00000 0.96700 1.00000 0.98374 1.00000 0.98451 1.00000 0.97764 0.90695 0.37189
0.15334 1.00000 0.94994 0.95211 1.00000 0.96311 1.00000 1.00000 0.97079 0.93899 0.98151 0.92826 1.00000 1.00000 0.97727 0.98238 0.98359 0.95388 1.00000 0.96311 1.00000 1.00000 0.96735 0.94804 0.37012
0.36199 0.94195 0.90799 1.00000 0.96810 0.97640 0.96810 1.00000 0.96321 1.00000 0.96349 1.00000 0.96810 0.97727 0.97018 1.00000 0.96712 1.00000 0.96543 1.00000 1.00000 0.97273 0.97764 0.90695 0.37189
0.13253 0.93445 0.91934 1.00000 1.00000 0.98238 0.97727 0.94905 0.98196 0.97425 1.00000 1.00000 1.00000 0.98238 1.00000 0.96884 1.00000 1.00000 1.00000 0.96278 1.00000 0.93424 0.94504 0.94804 0.37012
0.31545 0.89777 0.94941 1.00000 0.98279 0.98446 0.98451 1.00000 0.98193 1.00000 0.96257 1.00000 0.96700 0.98446 0.98451 1.00000 0.98193 1.00000 0.95762 1.00000 1.00000 0.97828 0.93707 0.84153 0.37189
0.14291 0.92643 0.92926 0.96022 1.00000 0.94030 0.95849 0.92826 1.00000 0.95601 1.00000 1.00000 1.00000 0.97906 1.00000 0.92826 1.00000 0.91348 0.94165 0.95343 1.00000 0.91436 0.87144 0.87074 0.37012
0.35783 0.96019 0.91314 1.00000 0.98087 1.00000 0.93777 0.97250 0.98038 1.00000 0.98139 0.97529 0.98374 1.00000 0.98286 1.00000 1.00000 0.97349 0.91131 0.93614 0.90880 0.92967 0.55479 0.37189 0.37189
0.15334 0.35321 0.95499 0.96540 1.00000 0.95665 0.93084 0.97411 0.96398 0.97522 0.92717 0.95405 1.00000 0.96390 1.00000 1.00000 0.96398 0.96958 0.32707 0.91024 0.95382 0.96404 0.36475 0.36475 0.15334
0.15381 0.37477 0.83101 0.88962 0.88404 0.96121 0.96123 0.88962 0.92040 0.92583 0.95728 1.00000 1.00000 0.95856 0.91757 0.92294 0.88404 0.83918 0.94068 1.00000 1.00000 0.35154 0.15381 0.15381 0.15381
0.15460 0.15460 0.38267 0.83037 0.84666 0.80925 0.38267 0.83037 0.84666 0.92306 1.00000 0.92675 0.90695 0.95503 0.96349 0.93530 0.84666 0.80925 0.15460 0.35015 0.33150 0.37101 0.15460 0.15460 0.00000
0.00000 0.00000 0.00000 0.00000 0.00000 0.00000 0.00000 0.00000 0.00000 0.15408 0.15346 0.37012 0.37189 0.15334 0.15381 0.00000 0.00000 0.00000 0.00000 0.00000 0.00000 0.00000 0.00000 0.00000 0.00000
