# name=rect_scattered field=200x200 stride=8
25 25
0.00000 0.00000 0.00000 0.00000 0.00000 0.00000 0.00000 0.00000 0.00000 0.00000 0.00000 0.00000 0.00000 0.00000 0.00000 0.00000 0.00000 0.00000 0.00000 0.00000 0.00000 0.00000 0.00000 0.00000 0.00000
0.00000 0.00000 0.00000 0.00000 0.00000 0.00000 0.08325 0.02604 0.04674 0.03545 0.00000 0.00000 0.00000 0.01687 0.00000 0.02106 0.00000 0.00000 0.00000 0.00000 0.00000 0.00000 0.00000 0.00000 0.00000
0.00000 0.00000 0.02457 0.02678 0.08706 0.07071 0.06557 0.05331 0.04596 0.03975 0.00000 0.00000 0.02258 0.01860 0.00000 0.01958 0.01692 0.00000 0.00000 0.03368 0.09020 0.07962 0.00000 0.00000 0.00000
0.00000 0.00000 0.00000 0.09174 0.23739 0.21589 0.05040 0.04602 0.04533 0.00000 0.00000 0.06576 0.02211 0.02147 0.02197 0.01799 0.01719 0.05265 0.02999 0.03057 0.08642 0.36797 0.10230 0.10512 0.00000
0.00000 0.00000 0.06274 0.09439 0.22433 0.11329 0.04424 0.03900 0.00000 0.00000 0.00000 0.06328 0.02076 0.02459 0.00000 0.01642 0.01785 0.02192 0.02513 0.02493 0.08623 0.38180 0.09939 0.10344 0.00000
0.00000 0.00000 0.16558 0.14429 0.10133 0.00000 0.02079 0.00000 0.11668 0.00000 0.00000 0.05009 0.01971 0.02507 0.00000 0.00000 0.03564 0.01686 0.00000 0.00000 0.35637 0.23646 0.09716 0.10239 0.00000
0.00000 0.00000 0.14147 0.27792 0.30722 0.09620 0.09108 0.04480 0.04969 0.14014 0.00000 0.01377 0.01195 0.00000 0.00000 0.00000 0.02444 0.00000 0.00000 0.00000 0.03649 0.22155 0.21987 0.10218 0.00000
0.00000 0.00000 0.00000 0.04862 0.13364 0.22036 0.07873 0.14571 0.06118 0.05466 0.03779 0.00000 0.00000 0.00000 0.00000 0.00000 0.16817 0.02787 0.02511 0.00000 0.02951 0.02771 0.02397 0.19608 0.00000
0.00000 0.03432 0.04236 0.21950 0.48334 0.41853 0.24195 0.42843 0.07176 0.00000 0.05239 0.00000 0.00000 0.00000 0.00000 0.00000 0.06012 0.03130 0.03054 0.00000 0.02245 0.05477 0.01645 0.00000 0.00000
0.00000 0.00000 0.00000 0.00000 0.11390 0.10938 0.00000 0.07642 0.10151 0.12120 0.27421 0.00000 0.00000 0.00000 0.05860 0.18619 0.08874 0.08323 0.07790 0.03058 0.02607 0.02362 0.01835 0.00000 0.00000
0.00000 0.02379 0.06006 0.17154 0.11521 0.06954 0.05655 0.22398 0.09911 0.27334 0.31172 0.15093 0.00000 0.07853 0.07231 0.19503 0.08598 0.08479 0.08350 0.03320 0.06749 0.07520 0.00000 0.00000 0.00000
0.00000 0.05678 0.06085 0.17184 0.17081 0.25305 0.23319 0.45100 0.29961 0.50111 0.28836 0.16713 0.00000 0.19176 0.03438 0.09041 0.03436 0.03446 0.19057 0.16767 0.06668 0.03413 0.02260 0.00000 0.00000
0.00000 0.00000 0.05873 0.16402 0.26974 0.24018 0.45737 0.39584 0.49596 0.33281 0.32401 0.31221 0.13166 0.30567 0.33339 0.03726 0.14950 0.29901 0.28402 0.17504 0.02542 0.07595 0.02727 0.02609 0.00000
0.00000 0.00000 0.00000 0.01702 0.05955 0.13617 0.07788 0.10043 0.12838 0.13867 0.33682 0.31701 0.12579 0.30159 0.33748 0.03157 0.03049 0.18175 0.16192 0.02458 0.15837 0.03477 0.02884 0.02597 0.00000
0.00000 0.00000 0.00000 0.01508 0.08041 0.13542 0.07793 0.10671 0.13503 0.13203 0.11948 0.31522 0.06399 0.53632 0.50428 0.12331 0.07706 0.18208 0.16772 0.00000 0.00000 0.00000 0.02767 0.03406 0.00000
0.00000 0.00000 0.00000 0.03242 0.03987 0.13076 0.49865 0.35190 0.13394 0.13374 0.11880 0.00000 0.07468 0.07689 0.48018 0.50102 0.49885 0.30926 0.28413 0.04713 0.00000 0.04377 0.02460 0.02928 0.00000
0.00000 0.00000 0.00000 0.02759 0.21099 0.44795 0.49848 0.62286 0.62257 0.07973 0.06598 0.15063 0.07088 0.07705 0.53294 0.54539 0.54250 0.52282 0.47929 0.15694 0.04306 0.04572 0.05727 0.02448 0.00000
0.00000 0.00000 0.00000 0.00000 0.12554 0.06922 0.48546 0.64379 0.55904 0.08696 0.02519 0.00000 0.04904 0.07535 0.61437 0.61150 0.57754 0.54316 0.28122 0.46727 0.44065 0.19115 0.02737 0.00000 0.00000
0.00000 0.00000 0.02012 0.05413 0.05583 0.02554 0.30971 0.14444 0.00000 0.00000 0.00000 0.05863 0.05541 0.05666 0.22387 0.63049 0.44587 0.46586 0.28437 0.27336 0.11057 0.05191 0.00000 0.00000 0.00000
0.00000 0.00000 0.01966 0.05010 0.05247 0.05138 0.08004 0.00000 0.00000 0.00000 0.00000 0.08530 0.10312 0.31360 0.55778 0.28464 0.09492 0.11963 0.11644 0.11106 0.25776 0.13387 0.01906 0.00000 0.00000
0.00000 0.03841 0.03107 0.05523 0.00000 0.00000 0.00000 0.00000 0.02104 0.02364 0.27141 0.25319 0.49344 0.12647 0.12300 0.26305 0.20656 0.24822 0.23819 0.44108 0.09596 0.20350 0.01703 0.00000 0.00000
0.00000 0.03128 0.02979 0.02474 0.04168 0.00000 0.00000 0.04093 0.01622 0.05509 0.25662 0.45323 0.52130 0.11377 0.11565 0.26497 0.04229 0.04828 0.20364 0.21865 0.08382 0.08358 0.00000 0.00000 0.00000
0.00000 0.02684 0.02721 0.02674 0.02448 0.00000 0.00000 0.00000 0.00000 0.02490 0.02386 0.25502 0.29040 0.05584 0.05885 0.06030 0.04465 0.00000 0.02877 0.03497 0.01533 0.00000 0.00000 0.00000 0.00000
0.00000 0.00000 0.02471 0.00000 0.00000 0.00000 0.00000 0.00000 0.00000 0.00000 0.00000 0.00000 0.06047 0.04605 0.05184 0.05622 0.00000 0.00000 0.00000 0.01048 0.00000 0.00000 0.00000 0.00000 0.00000
0.00000 0.00000 0.00000 0.00000 0.00000 0.00000 0.00000 0.00000 0.00000 0.00000 0.00000 0.00000 0.00000 0.00000 0.00000 0.00000 0.00000 0.00000 0.00000 0.00000 0.00000 0.00000 0.00000 0.00000 0.00000
