# name=two_districts field=200x200 stride=8
25 25
0.00000 0.00000 0.50295 0.00000 0.45557 0.00000 0.45557 0.00000 0.45557 0.00000 0.42173 0.00000 0.21961 0.28744 0.42180 0.60251 0.61520 0.66995 0.73245 0.73126 0.50511 0.71264 0.76315 0.78913 0.78996
0.00000 0.52211 1.00000 0.93222 1.00000 0.89834 1.00000 0.89834 1.00000 0.95852 0.85299 0.34237 0.34313 0.42038 0.56308 0.64203 0.69815 0.71607 0.74584 0.74455 0.77802 0.76922 0.76132 0.76460 0.76762
0.50295 1.00000 0.95276 1.00000 0.96239 1.00000 0.96239 1.00000 0.98026 1.00000 0.87481 0.70238 0.40766 0.46594 0.63907 0.67653 0.72079 0.74696 0.75677 0.74193 0.77556 0.77091 0.75131 0.75454 0.74874
0.00000 0.93222 1.00000 1.00000 1.00000 1.00000 1.00000 1.00000 1.00000 1.00000 0.94243 0.79331 0.68034 0.65827 0.69024 0.71870 0.72940 0.74580 0.76283 0.77010 0.77256 0.76060 0.77157 0.76618 0.75742
0.45557 1.00000 0.96239 1.00000 0.97018 1.00000 0.97018 1.00000 0.98451 1.00000 0.92883 0.76486 0.48140 0.69401 0.73857 0.74185 0.75556 0.76793 0.75110 0.76806 0.75876 0.76997 0.76731 0.76084 0.77036
0.00000 0.89834 1.00000 1.00000 1.00000 1.00000 1.00000 1.00000 1.00000 1.00000 0.90481 0.70891 0.32784 0.69752 0.73950 0.74734 0.74257 0.74964 0.75396 0.76872 0.77069 0.76881 0.76698 0.76238 0.77185
0.45557 1.00000 0.96239 1.00000 0.97018 1.00000 0.97018 1.00000 0.98451 1.00000 0.91422 0.74036 0.55638 0.69124 0.76682 0.75675 0.77095 0.77221 0.77111 0.75788 0.77139 0.77470 0.76340 0.75413 0.78061
0.00000 0.89834 1.00000 1.00000 1.00000 1.00000 1.00000 1.00000 1.00000 1.00000 0.91958 0.74883 0.50664 0.70639 0.74702 0.74853 0.75970 0.77707 0.77443 0.77329 0.77290 0.76847 0.76169 0.76056 0.77909
0.45557 1.00000 0.96239 1.00000 0.97018 1.00000 0.97018 1.00000 0.98451 1.00000 0.97764 0.80333 0.56196 0.71857 0.74054 0.76114 0.78122 0.77975 0.76652 0.77655 0.77412 0.76753 0.76622 0.75840 0.74903
0.00000 0.89834 1.00000 1.00000 1.00000 1.00000 1.00000 1.00000 1.00000 1.00000 0.91735 0.71250 0.56602 0.73811 0.75078 0.77174 0.78312 0.78180 0.78051 0.77713 0.75721 0.76751 0.76209 0.75311 0.74289
0.45557 1.00000 0.96239 1.00000 0.97018 1.00000 0.97018 1.00000 0.98451 1.00000 0.91984 0.71345 0.60794 0.71575 0.72239 0.78017 0.78273 0.78269 0.77943 0.77615 0.77175 0.76937 0.75184 0.75190 0.73258
0.00000 0.89834 1.00000 1.00000 1.00000 1.00000 1.00000 1.00000 1.00000 1.00000 0.91774 0.75231 0.55675 0.66437 0.75800 0.78001 0.78156 0.78296 0.77992 0.76297 0.77034 0.75389 0.75960 0.75432 0.74710
0.45557 1.00000 0.96239 1.00000 0.97018 1.00000 0.97018 1.00000 0.98451 1.00000 0.97764 0.79334 0.43469 0.57523 0.71958 0.73605 0.76552 0.77127 0.77947 0.76108 0.76850 0.75471 0.75594 0.73018 0.72415
0.00000 0.89834 1.00000 1.00000 1.00000 1.00000 1.00000 1.00000 1.00000 1.00000 0.92687 0.75173 0.16420 0.68092 0.74166 0.73993 0.76750 0.78153 0.77959 0.76604 0.76181 0.77182 0.75607 0.74287 0.72272
0.45557 1.00000 0.96239 1.00000 0.97018 1.00000 0.97018 1.00000 0.98451 1.00000 0.92473 0.71304 0.50139 0.69429 0.71827 0.75419 0.76555 0.78062 0.77064 0.78091 0.77837 0.77048 0.76872 0.77422 0.77376
0.00000 0.89834 1.00000 1.00000 1.00000 1.00000 1.00000 1.00000 1.00000 1.00000 0.91613 0.75511 0.51360 0.67132 0.76287 0.77055 0.77574 0.77809 0.76901 0.78117 0.78069 0.78053 0.77936 0.77907 0.78068
0.45557 1.00000 0.96239 1.00000 0.97018 1.00000 0.97018 1.00000 0.98451 1.00000 0.97764 0.74446 0.00000 0.00000 0.00000 0.00000 0.74877 0.77518 0.77639 0.77882 0.77940 0.77336 0.78082 0.77380 0.77064
0.00000 0.89834 1.00000 1.00000 1.00000 1.00000 1.00000 1.00000 1.00000 1.00000 0.96735 0.77952 0.00000 0.00000 0.00000 0.00000 0.75820 0.77197 0.76101 0.77539 0.77635 0.77759 0.76974 0.76160 0.75179
0.45557 1.00000 0.98171 1.00000 0.98542 1.00000 0.98542 1.00000 1.00000 1.00000 0.95952 0.77063 0.00000 0.00000 0.00000 0.00000 0.77108 0.76948 0.75636 0.76984 0.76143 0.76569 0.76643 0.76108 0.75461
0.34694 0.96767 1.00000 1.00000 1.00000 1.00000 1.00000 1.00000 1.00000 1.00000 0.93302 0.83951 0.00000 0.00000 0.00000 0.00000 0.77320 0.77097 0.76674 0.76471 0.76771 0.76686 0.76068 0.76590 0.75109
0.72302 1.00000 0.98488 1.00000 0.98815 1.00000 0.98815 1.00000 1.00000 1.00000 0.96807 0.86508 0.62133 0.74307 0.77522 0.77492 0.77220 0.75017 0.76705 0.76575 0.76325 0.76318 0.76237 0.76200 0.76160
0.53881 0.97255 1.00000 1.00000 1.00000 1.00000 1.00000 1.00000 1.00000 1.00000 0.97418 0.92189 0.73229 0.73424 0.73416 0.73532 0.75942 0.76014 0.77457 0.76837 0.77493 0.76685 0.76388 0.75820 0.76458
0.74699 1.00000 1.00000 1.00000 1.00000 1.00000 1.00000 1.00000 1.00000 1.00000 1.00000 0.88176 0.76088 0.77356 0.75760 0.76420 0.77291 0.77737 0.77159 0.78543 0.78382 0.77928 0.77514 0.77153 0.76826
0.62600 0.77956 1.00000 1.00000 1.00000 1.00000 1.00000 1.00000 1.00000 1.00000 0.93903 0.90075 0.81075 0.79291 0.76297 0.77641 0.77428 0.78276 0.77297 0.78809 0.79456 0.78823 0.78178 0.77305 0.76613
0.00000 0.00000 0.00000 0.00000 0.00000 0.00000 0.00000 0.00000 0.00000 0.00000 0.00000 0.00000 0.00000 0.00000 0.00000 0.00000 0.76514 0.78934 0.77521 0.79535 0.80398 0.79518 0.78896 0.78397 0.77928
