# name=row_only field=200x200 stride=8
25 25
0.00000 0.00000 0.00000 0.00000 0.00000 0.00000 0.00000 0.00000 0.00000 0.00000 0.00000 0.00000 0.00000 0.00000 0.00000 0.00000 0.00000 0.00000 0.00000 0.00000 0.00000 0.00000 0.00000 0.00000 0.00000
0.00000 0.17069 0.57658 0.54648 0.00000 0.00000 0.00000 0.00000 0.83991 0.86202 0.82329 0.47091 0.00000 0.00000 0.00000 0.00000 0.76732 0.80191 0.75158 0.73505 0.00000 0.00000 0.00000 0.00000 0.00000
0.21288 0.21288 0.59002 0.86601 0.00000 0.00000 0.00000 0.00000 0.95620 0.93003 0.86556 0.83153 0.00000 0.00000 0.00000 0.00000 0.87402 0.86498 0.89085 0.90078 0.00000 0.00000 0.00000 0.00000 0.00000
0.30267 0.31020 0.75315 0.96340 0.00000 0.00000 0.00000 0.00000 0.95041 0.98126 0.93132 0.94789 0.00000 0.00000 0.00000 0.00000 0.93629 0.93973 0.92127 0.97529 0.00000 0.00000 0.00000 0.00000 0.00000
0.20936 0.65527 0.70721 0.94429 0.94145 0.91949 0.90630 0.87886 0.98774 0.95273 0.92283 0.89633 0.96236 0.99000 0.98496 0.96940 0.98654 0.98687 0.98798 1.00000 0.96552 0.94510 0.94910 0.93485 0.94764
0.18097 0.70720 0.73177 0.88585 0.92918 0.87577 0.88975 0.88883 0.95751 0.94059 0.89202 0.86727 0.89687 0.94862 0.95212 0.94542 0.98273 0.94127 0.95141 0.99042 0.95792 0.96557 0.97760 1.00000 1.00000
0.12004 0.68513 0.73573 0.89011 0.90517 0.84613 0.87839 0.88560 0.90229 0.88465 0.89875 0.89770 0.88404 0.96239 1.00000 0.94785 0.99051 0.97861 0.96938 0.98909 0.98594 0.97679 0.98801 1.00000 1.00000
0.00000 0.65600 0.80662 0.82258 0.88372 0.83480 0.80137 0.87316 0.81362 0.88848 0.88760 0.82815 0.90398 0.94629 0.94883 0.94487 0.95299 0.99136 0.99177 1.00000 0.97117 0.95317 0.97686 0.98320 0.75061
0.00000 0.47134 0.78324 0.85108 0.91311 0.89193 0.88228 0.88407 0.90820 0.92743 0.86133 0.79789 0.76783 0.82581 0.90054 0.92671 0.72182 0.73343 0.81483 0.87334 0.95649 0.98006 1.00000 0.95547 0.75410
0.00000 0.00000 0.82796 0.82828 0.92569 0.90526 0.89008 0.85074 0.91031 0.87543 0.85361 0.78217 0.82214 0.82188 0.89192 0.90957 0.50678 0.52908 0.75907 0.84202 0.98886 0.97485 1.00000 0.75872 0.81650
0.00000 0.00000 0.75536 0.87992 0.93510 0.84845 0.93617 0.92405 0.79983 0.81006 0.75284 0.85388 0.91868 0.84258 0.92179 0.88437 0.74470 0.79483 0.79779 0.81149 0.95380 0.97391 1.00000 1.00000 0.81650
0.00000 0.00000 0.81567 0.90211 0.87155 0.90988 0.94470 0.96452 0.79157 0.77069 0.83920 0.85073 0.93878 0.92467 0.92050 0.93003 0.83552 0.87480 0.87138 0.88227 0.95581 0.98568 1.00000 1.00000 0.81650
0.00000 0.00000 0.82753 0.85646 0.81697 0.83634 0.86446 0.91729 0.77921 0.78080 0.81964 0.81245 0.90006 0.81082 0.85402 0.94184 0.95442 0.96654 0.97449 0.94255 0.91221 0.97441 1.00000 1.00000 0.81650
0.00000 0.38343 0.75562 0.85725 0.78348 0.83583 0.86651 0.90763 0.83053 0.76439 0.77439 0.78429 0.82191 0.87572 0.93939 0.93945 0.96555 1.00000 0.97583 0.97865 0.94301 0.97609 0.98570 0.96725 1.00000
0.00000 0.00000 0.50232 0.87630 0.78480 0.88234 0.92307 0.77731 0.85284 0.77158 0.88474 0.88250 0.76066 0.84938 0.83126 0.83159 0.92544 0.85976 0.95873 0.98212 0.90994 0.96836 0.95126 0.96990 1.00000
0.00000 0.00000 0.79841 0.87728 0.98895 0.98515 0.97669 0.98248 0.91605 0.93692 0.95030 0.92043 0.85230 0.91993 0.88870 0.94488 0.92550 0.93061 0.84537 0.92584 0.94199 0.90583 0.94911 0.98955 1.00000
0.00000 0.00000 0.40680 0.91872 0.86812 0.76680 0.81264 0.84650 0.96978 0.95453 0.92108 0.89234 0.94938 0.96038 0.90204 0.87742 0.91042 0.89053 0.93822 0.98597 0.99130 0.95622 0.97392 1.00000 1.00000
0.23226 0.21421 0.80455 0.88787 0.85492 0.84514 0.86703 0.83633 0.98409 0.98017 0.93918 0.96231 0.90311 0.82323 0.88060 0.89577 0.86000 0.81056 0.82970 0.90506 0.93980 0.94791 0.98846 1.00000 1.00000
0.29626 0.73866 0.88788 0.89034 0.90323 0.87327 0.89702 0.90789 0.98393 0.97304 0.98239 0.91500 0.91036 0.89724 0.90988 0.90896 0.89269 0.84417 0.90224 0.91618 0.96042 0.97778 1.00000 1.00000 1.00000
0.53893 0.89760 0.94665 0.94802 0.95699 0.93365 0.89271 0.88544 0.96349 0.90889 0.91484 0.93084 0.91316 0.91039 0.95592 0.97261 0.93585 0.90555 0.94750 0.96167 0.98456 0.99189 1.00000 0.81650 0.81650
0.61893 0.94949 0.95192 0.97880 0.97920 0.96990 0.95525 0.95875 0.94093 0.95510 0.95747 0.95712 0.96480 0.97274 0.98481 0.99185 0.99066 0.97339 0.95533 0.98853 0.99278 0.99604 1.00000 1.00000 0.00000
0.70414 1.00000 0.97910 0.98072 0.99084 0.98201 0.97927 0.98649 0.98376 0.98608 0.97523 0.97197 0.98520 0.97603 0.99394 0.98532 0.98687 0.98176 0.98232 0.98565 1.00000 1.00000 0.99487 1.00000 0.00000
0.73909 1.00000 1.00000 1.00000 1.00000 1.00000 1.00000 0.99305 1.00000 1.00000 0.97268 1.00000 1.00000 1.00000 1.00000 1.00000 1.00000 1.00000 1.00000 1.00000 1.00000 1.00000 1.00000 1.00000 0.00000
0.61656 0.95018 0.98767 1.00000 1.00000 1.00000 0.98972 0.96452 1.00000 0.98415 0.96124 0.98495 0.97581 0.96382 1.00000 0.98724 0.96782 1.00000 0.97532 0.99084 1.00000 1.00000 1.00000 1.00000 0.00000
0.00000 0.00000 0.00000 0.00000 0.00000 0.00000 0.00000 0.00000 0.00000 0.00000 0.00000 0.00000 0.00000 0.00000 0.00000 0.00000 0.00000 0.00000 0.00000 0.00000 0.00000 0.00000 0.00000 0.00000 0.00000
