# name=grid_streets_w7 field=200x200 stride=8
25 25
0.00000 0.33333 0.33333 0.57569 0.58219 0.33333 0.58219 0.57569 0.57920 0.58052 0.57352 0.58253 0.57112 0.58152 0.57759 0.57759 0.58152 0.57112 0.58253 0.57352 0.58052 0.57920 0.33333 0.33333 0.00000
0.33333 0.53327 1.00000 0.94945 0.94568 0.98349 0.94568 0.94945 0.94633 0.94436 0.95488 1.00000 0.98550 0.94209 0.94803 0.94803 0.94209 0.98550 1.00000 0.95488 0.94436 0.94633 1.00000 0.53205 0.56476
0.33333 1.00000 1.00000 1.00000 1.00000 0.98637 1.00000 1.00000 1.00000 1.00000 0.96318 1.00000 0.98803 1.00000 1.00000 1.00000 1.00000 0.98803 1.00000 0.96318 1.00000 1.00000 1.00000 1.00000 0.55218
0.57569 0.94945 1.00000 1.00000 0.97872 1.00000 0.97872 1.00000 1.00000 1.00000 1.00000 0.97675 0.98547 0.98058 1.00000 1.00000 0.98058 0.98547 0.97675 1.00000 1.00000 1.00000 1.00000 0.95151 0.88238
0.58219 0.94568 1.00000 0.97872 1.00000 1.00000 1.00000 0.97872 1.00000 1.00000 0.97751 1.00000 1.00000 1.00000 0.97992 0.97992 1.00000 1.00000 1.00000 0.97751 1.00000 1.00000 1.00000 1.00000 0.89254
0.33333 0.98349 0.98637 1.00000 1.00000 1.00000 1.00000 1.00000 1.00000 1.00000 1.00000 1.00000 1.00000 1.00000 1.00000 1.00000 1.00000 1.00000 1.00000 1.00000 1.00000 1.00000 0.98721 0.98413 0.33333
0.58219 0.94568 1.00000 0.97872 1.00000 1.00000 1.00000 0.97872 1.00000 1.00000 0.97751 1.00000 1.00000 1.00000 0.97992 0.97992 1.00000 1.00000 1.00000 0.97751 1.00000 1.00000 1.00000 1.00000 0.89254
0.57569 0.94945 1.00000 1.00000 0.97872 1.00000 0.97872 1.00000 1.00000 1.00000 1.00000 0.97675 0.98547 0.98058 1.00000 1.00000 0.98058 0.98547 0.97675 1.00000 1.00000 1.00000 1.00000 0.95151 0.88238
0.57920 0.94633 1.00000 1.00000 1.00000 1.00000 1.00000 1.00000 1.00000 1.00000 0.98307 1.00000 1.00000 1.00000 1.00000 1.00000 1.00000 1.00000 1.00000 0.98307 1.00000 1.00000 1.00000 0.94441 0.88788
0.58052 0.94436 1.00000 1.00000 1.00000 1.00000 1.00000 1.00000 1.00000 1.00000 0.98133 1.00000 1.00000 1.00000 1.00000 1.00000 1.00000 1.00000 1.00000 0.98133 1.00000 1.00000 1.00000 0.94274 0.88994
0.57352 0.95488 0.96318 1.00000 0.97751 1.00000 0.97751 1.00000 0.98307 0.98133 1.00000 0.97542 1.00000 0.97948 1.00000 1.00000 0.97948 1.00000 0.97542 1.00000 0.98133 0.98307 1.00000 0.95674 0.87898
0.58253 1.00000 1.00000 0.97675 1.00000 1.00000 1.00000 0.97675 1.00000 1.00000 0.97542 1.00000 1.00000 1.00000 0.97806 0.97806 1.00000 1.00000 1.00000 0.97542 1.00000 1.00000 1.00000 1.00000 0.89307
0.57112 0.98550 0.98803 0.98547 1.00000 1.00000 1.00000 0.98547 1.00000 1.00000 1.00000 1.00000 1.00000 1.00000 0.98388 0.98388 1.00000 1.00000 1.00000 1.00000 1.00000 1.00000 0.96938 0.98606 0.87519
0.58152 0.94209 1.00000 0.98058 1.00000 1.00000 1.00000 0.98058 1.00000 1.00000 0.97948 1.00000 1.00000 1.00000 1.00000 1.00000 1.00000 1.00000 1.00000 0.97948 1.00000 1.00000 1.00000 1.00000 0.89150
0.57759 0.94803 1.00000 1.00000 0.97992 1.00000 0.97992 1.00000 1.00000 1.00000 1.00000 0.97806 0.98388 1.00000 1.00000 1.00000 1.00000 0.98388 0.97806 1.00000 1.00000 1.00000 1.00000 0.94580 0.88536
0.57759 0.94803 1.00000 1.00000 0.97992 1.00000 0.97992 1.00000 1.00000 1.00000 1.00000 0.97806 0.98388 1.00000 1.00000 1.00000 1.00000 0.98388 0.97806 1.00000 1.00000 1.00000 1.00000 0.94580 0.88536
0.58152 0.94209 1.00000 0.98058 1.00000 1.00000 1.00000 0.98058 1.00000 1.00000 0.97948 1.00000 1.00000 1.00000 1.00000 1.00000 1.00000 1.00000 1.00000 0.97948 1.00000 1.00000 1.00000 1.00000 0.89150
0.57112 0.98550 0.98803 0.98547 1.00000 1.00000 1.00000 0.98547 1.00000 1.00000 1.00000 1.00000 1.00000 1.00000 0.98388 0.98388 1.00000 1.00000 1.00000 1.00000 1.00000 1.00000 0.96938 0.98606 0.87519
0.58253 1.00000 1.00000 0.97675 1.00000 1.00000 1.00000 0.97675 1.00000 1.00000 0.97542 1.00000 1.00000 1.00000 0.97806 0.97806 1.00000 1.00000 1.00000 0.97542 1.00000 1.00000 1.00000 1.00000 0.89307
0.57352 0.95488 0.96318 1.00000 0.97751 1.00000 0.97751 1.00000 0.98307 0.98133 1.00000 0.97542 1.00000 0.97948 1.00000 1.00000 0.97948 1.00000 0.97542 1.00000 0.98133 0.98307 1.00000 0.95674 0.87898
0.58052 0.94436 1.00000 1.00000 1.00000 1.00000 1.00000 1.00000 1.00000 1.00000 0.98133 1.00000 1.00000 1.00000 1.00000 1.00000 1.00000 1.00000 1.00000 0.98133 1.00000 1.00000 1.00000 0.94274 0.88994
0.57920 0.94633 1.00000 1.00000 1.00000 1.00000 1.00000 1.00000 1.00000 1.00000 0.98307 1.00000 1.00000 1.00000 1.00000 1.00000 1.00000 1.00000 1.00000 0.98307 1.00000 1.00000 1.00000 0.94441 0.88788
0.33333 1.00000 1.00000 1.00000 1.00000 0.98721 1.00000 1.00000 1.00000 1.00000 1.00000 1.00000 0.96938 1.00000 1.00000 1.00000 1.00000 0.96938 1.00000 1.00000 1.00000 1.00000 1.00000 1.00000 0.54827
0.33333 0.53205 1.00000 0.95151 1.00000 0.98413 1.00000 0.95151 0.94441 0.94274 0.95674 1.00000 0.98606 1.00000 0.94580 0.94580 1.00000 0.98606 1.00000 0.95674 0.94274 0.94441 1.00000 1.00000 0.56208
0.00000 0.56476 0.55218 0.88238 0.89254 0.33333 0.89254 0.88238 0.88788 0.88994 0.87898 0.89307 0.87519 0.89150 0.88536 0.88536 0.89150 0.87519 0.89307 0.87898 0.88994 0.88788 0.54827 0.56208 0.00000
