# name=hexagonal field=200x200 stride=8
25 25
0.26948 0.90262 0.88305 0.89553 0.89402 0.89216 0.89667 0.88745 0.89783 0.78228 0.89744 0.88997 0.89553 0.89402 0.89216 0.89667 0.88745 0.89783 0.78228 0.89744 0.88997 0.89553 0.89402 0.88609 0.90426
0.89371 0.89450 0.95453 0.95289 0.95742 0.95846 0.95444 0.96768 0.91187 0.96803 0.91153 0.96699 0.95608 0.95742 0.95846 0.95444 0.96768 0.91187 0.96803 0.91153 0.96699 0.95608 0.95404 0.94479 0.89497
0.85610 0.88350 0.93585 0.95796 0.96223 0.96227 0.96133 0.97695 0.94336 0.97720 0.97824 0.96204 0.96192 0.96223 0.96227 0.96133 0.97695 0.94336 0.97720 0.97824 0.96204 0.97476 0.95808 0.96606 0.87189
0.56497 0.96910 0.94482 0.97801 0.97233 0.97860 0.97638 0.96390 0.97713 0.93606 0.97688 0.97643 0.98253 0.98064 0.97860 0.97638 0.96390 0.97713 0.93606 0.97688 0.97643 0.97308 0.97770 0.95216 0.97379
0.93832 0.99054 0.97944 0.96358 0.97632 0.96716 0.96696 0.98084 0.98095 0.98157 0.98074 0.96675 0.96726 0.96733 0.96716 0.96696 0.98084 0.98095 0.98157 0.98074 0.96675 0.97693 0.97316 0.98122 0.93021
0.98262 0.96840 0.99141 0.97908 0.98064 0.98253 0.97642 0.97688 0.93605 0.97713 0.97410 0.97638 0.97860 0.98064 0.98253 0.97642 0.97688 0.93605 0.97713 0.97410 0.97638 0.97860 0.98110 1.00000 0.97055
0.94265 0.95067 0.97944 0.97022 0.97637 0.96669 0.96632 0.98019 0.98095 0.98095 0.98019 0.96632 0.96669 0.96681 0.96669 0.96632 0.98019 0.98095 0.98095 0.98019 0.96632 0.97698 0.96296 0.98121 0.93411
0.56742 0.97035 0.94681 0.97801 0.97232 0.97860 0.97638 0.97410 0.97713 0.93605 0.97688 0.97642 0.98253 0.98064 0.97860 0.97638 0.97410 0.97713 0.93605 0.97688 0.97642 0.97308 0.97770 0.95028 0.97262
0.94268 0.95095 0.98011 0.96361 0.96733 0.96726 0.96675 0.98074 0.98157 0.98095 0.98084 0.96696 0.96716 0.96733 0.96726 0.96675 0.98074 0.98157 0.98095 0.98084 0.96696 0.97773 0.97135 0.98183 0.93413
0.98262 0.96840 0.99141 0.97909 0.98064 0.98253 0.97643 0.97688 0.93606 0.97713 0.96390 0.97638 0.97860 0.98064 0.98253 0.97643 0.97688 0.93606 0.97713 0.96390 0.97638 0.97860 0.98110 1.00000 0.97055
0.88435 0.99024 0.97882 0.97206 0.97562 0.96663 0.96656 0.98088 0.98038 0.95041 0.98016 0.96617 0.96682 0.96685 0.96663 0.96656 0.98088 0.98038 0.95041 0.98016 0.96617 0.97625 0.96287 0.98065 0.93015
0.56929 0.97159 0.94878 0.97806 0.97239 0.97866 0.97644 0.96395 0.97718 0.93620 0.97693 0.97648 0.98258 0.98069 0.97866 0.97644 0.96395 0.97718 0.93620 0.97693 0.97648 0.97314 0.97766 0.94838 0.97143
0.94578 0.93521 0.98056 0.96325 0.96699 0.96703 0.96618 0.97987 0.95037 0.98009 0.96542 0.96683 0.96671 0.96699 0.96703 0.96618 0.97987 0.95037 0.98009 0.96542 0.96683 0.97830 0.97041 0.98225 0.93672
0.98229 0.94916 0.99126 0.96355 0.96500 0.98225 0.94905 0.97651 0.92040 0.97676 0.94772 0.97600 0.96276 0.96500 0.98225 0.94905 0.97651 0.92040 0.97676 0.94772 0.97600 0.96276 0.96579 1.00000 0.95101
0.88335 0.99012 0.97859 0.97353 0.97531 0.96679 0.98643 0.93699 0.98018 0.95393 0.97996 0.96628 0.96709 0.96706 0.96679 0.98643 0.93699 0.98018 0.95393 0.97996 0.96628 0.97594 0.96303 0.98043 1.00000
0.58581 0.97037 0.93594 0.97807 0.95824 0.96342 0.97644 0.94810 0.97719 0.94668 0.97694 0.94934 0.98258 0.96563 0.96342 0.97644 0.94810 0.97719 0.94668 0.97694 0.94934 0.97315 0.96303 0.93202 0.97061
0.95044 0.93952 1.00000 0.96323 0.96695 0.96703 0.96608 0.97964 0.95444 0.97986 0.93709 0.98621 0.96664 0.96695 0.96703 0.96608 0.97964 0.95444 0.97986 0.93709 0.98621 0.97859 0.98335 0.98247 0.94109
0.98277 0.94778 0.97455 0.96224 0.96364 0.96578 0.94729 0.96188 0.94465 0.96265 0.94606 0.96091 0.96141 0.96364 0.96578 0.94729 0.96188 0.94465 0.96265 0.94606 0.96091 0.96141 0.96446 0.98146 0.94955
0.87932 0.98997 0.97826 0.98457 0.97486 0.96717 0.98621 0.93745 0.97986 0.95509 0.97963 0.96656 0.98465 0.96754 0.96717 0.98621 0.93745 0.97986 0.95509 0.97963 0.96656 0.97624 0.96343 0.98013 1.00000
0.58272 0.96792 0.93570 0.96185 0.95641 0.96142 0.96093 0.94563 0.96266 0.94427 0.96189 0.94681 0.96579 0.96365 0.96142 0.96093 0.94563 0.96266 0.94427 0.96189 0.94681 0.95753 0.96091 0.92823 0.96804
0.95386 0.94251 0.99229 0.95778 0.96713 0.98430 0.94120 0.97917 0.95822 0.97940 0.94014 0.97872 0.94208 0.96713 0.98430 0.94120 0.97917 0.95822 0.97940 0.94014 0.97872 0.95567 0.98297 1.00000 0.94415
0.95544 0.94382 0.99216 0.95893 0.96028 0.98405 0.94337 0.97885 0.94084 0.97908 0.94219 0.97839 0.95803 0.96028 0.98405 0.94337 0.97885 0.94084 0.97908 0.94219 0.97839 0.95803 0.96118 1.00000 0.94551
0.87640 0.98980 0.97793 0.98542 0.97521 0.94299 0.97888 0.94096 0.97956 0.95920 0.97933 0.94206 0.98442 0.98271 0.94299 0.97888 0.94096 0.97956 0.95920 0.97933 0.94206 0.97589 0.97876 0.97982 0.99081
0.87135 0.97538 0.95493 0.97854 0.97297 0.96437 0.97694 0.96270 0.97767 0.98188 0.97743 0.96366 0.98296 0.98111 0.96437 0.97694 0.96270 0.97767 0.98188 0.97743 0.96366 0.97371 0.97723 0.94227 0.96753
0.90535 0.87849 0.96946 0.93091 0.93515 0.93597 0.93287 0.97387 0.95438 0.97416 0.93142 0.97331 0.93412 0.93515 0.93597 0.93287 0.97387 0.95438 0.97416 0.93142 0.97331 0.93412 0.93176 0.91218 0.86659
