# name=organic_walks field=200x200 stride=8
25 25
0.00000 0.00000 0.00000 0.00000 0.00000 0.00000 0.45088 0.15382 0.00000 0.30819 0.30901 0.00000 0.00000 0.00000 0.00000 0.00000 0.00000 0.00000 0.00000 0.00000 0.00000 0.00000 0.00000 0.00000 0.00000
0.00000 0.00000 0.00000 0.00000 0.00000 0.42585 0.46041 0.47614 0.42646 0.43242 0.30954 0.31046 0.00000 0.00000 0.00000 0.00000 0.00000 0.00000 0.00000 0.00000 0.00000 0.00000 0.00000 0.00000 0.00000
0.00000 0.00000 0.00000 0.00000 0.41097 0.43277 0.47193 0.61809 0.41871 0.42973 0.43615 0.31089 0.00000 0.00000 0.00000 0.00000 0.00000 0.00000 0.00000 0.13267 0.11760 0.00000 0.00000 0.00000 0.00000
0.00000 0.00000 0.00000 0.40486 0.43355 0.44178 0.48488 0.59326 0.40710 0.42035 0.49678 0.56802 0.47935 0.56345 0.26642 0.08269 0.17251 0.19024 0.00000 0.12431 0.11387 0.24392 0.15982 0.15965 0.15947
0.00000 0.00000 0.00000 0.39625 0.42874 0.45248 0.49851 0.61375 0.52653 0.56693 0.49097 0.31151 0.54843 0.50106 0.45438 0.16315 0.17218 0.18162 0.18813 0.11181 0.17888 0.22945 0.15894 0.15871 0.15848
0.00000 0.00000 0.12610 0.11083 0.36422 0.13701 0.45539 0.60313 0.47605 0.72693 0.75089 0.28302 0.67295 0.74101 0.53189 0.17318 0.18277 0.20034 0.12000 0.00000 0.28866 0.31240 0.33240 0.12961 0.13319
0.00000 0.00000 0.11785 0.10514 0.29283 0.29583 0.30917 0.15617 0.67617 0.70917 0.43148 0.45639 0.66524 0.69942 0.80366 0.46458 0.37306 0.11372 0.12613 0.00000 0.29194 0.34034 0.12996 0.13181 0.13378
0.00000 0.12297 0.13308 0.14141 0.15740 0.55194 0.54607 0.43689 0.44788 0.22868 0.42536 0.43587 0.56127 0.54483 0.58900 0.26751 0.22625 0.10783 0.08880 0.35175 0.47235 0.68090 0.38033 0.24970 0.24399
0.15560 0.15603 0.15644 0.28566 0.28342 0.41666 0.48847 0.54331 0.23407 0.20420 0.24516 0.24635 0.54582 0.57276 0.39541 0.27212 0.22358 0.17452 0.48302 0.35069 0.66854 0.41036 0.40147 0.38076 0.23013
0.15511 0.15549 0.15591 0.27309 0.27155 0.57847 0.43396 0.82352 0.39772 0.53537 0.77066 0.78286 0.39578 0.67533 0.67142 0.35343 0.42507 0.54004 0.29948 0.34222 0.33877 0.49033 0.39355 0.38089 0.39408
0.15472 0.15501 0.15537 0.59027 0.51000 0.52806 0.77434 0.84331 0.84623 0.83999 0.59391 0.37601 0.38920 0.43937 0.41684 0.28435 0.34637 0.20758 0.20701 0.13923 0.59201 0.68117 0.73966 0.72923 0.71488
0.00000 0.13093 0.12444 0.57962 0.63779 0.71652 0.43806 0.42582 0.85934 0.82345 0.41436 0.42893 0.42545 0.65882 0.41050 0.37028 0.33347 0.20255 0.48239 0.44709 0.57085 0.69186 0.74923 0.70334 0.23344
0.00000 0.00000 0.00000 0.57239 0.60189 0.45065 0.60173 0.42489 0.36918 0.55452 0.43946 0.39359 0.38252 0.26786 0.38778 0.32261 0.32276 0.60943 0.63281 0.64048 0.57458 0.58663 0.61236 0.38924 0.15339
0.00000 0.00000 0.00000 0.50864 0.74882 0.74273 0.69688 0.44701 0.64118 0.49274 0.49469 0.35011 0.35032 0.50616 0.43817 0.71844 0.73272 0.69110 0.64515 0.58673 0.45729 0.66302 0.38184 0.37684 0.15432
0.00000 0.00000 0.42353 0.53565 0.55124 0.51439 0.45786 0.41121 0.43049 0.44515 0.46250 0.37516 0.37224 0.53806 0.65908 0.72318 0.70451 0.63054 0.62710 0.48650 0.45581 0.45776 0.11783 0.12645 0.15564
0.00000 0.00000 0.20472 0.22039 0.52928 0.62082 0.46577 0.36033 0.58729 0.13805 0.44318 0.23473 0.40012 0.39094 0.76261 0.74968 0.70628 0.63207 0.69030 0.77504 0.69577 0.53382 0.11588 0.13166 0.15579
0.00000 0.00000 0.18815 0.20812 0.52229 0.51852 0.39763 0.40128 0.37445 0.25234 0.27628 0.25129 0.20027 0.22083 0.49689 0.24742 0.51363 0.26157 0.58083 0.49770 0.45280 0.68008 0.25735 0.26058 0.12385
0.00000 0.00000 0.23789 0.46824 0.50965 0.38060 0.40448 0.41612 0.39906 0.28028 0.20385 0.19924 0.17080 0.16870 0.11320 0.63706 0.61086 0.23230 0.49384 0.57930 0.61125 0.60310 0.45163 0.15625 0.15626
0.00000 0.00000 0.12835 0.47051 0.48900 0.71000 0.41076 0.42629 0.56883 0.30098 0.21808 0.10742 0.17157 0.08246 0.34948 0.38298 0.53855 0.51065 0.62528 0.58077 0.47902 0.49463 0.53338 0.15630 0.15630
0.00000 0.00000 0.00000 0.48569 0.49691 0.51168 0.81770 0.77445 0.50381 0.52755 0.39695 0.20270 0.17926 0.12638 0.60116 0.63136 0.63415 0.70487 0.47961 0.54241 0.66637 0.47665 0.52079 0.21986 0.15634
0.00000 0.00000 0.00000 0.00000 0.24223 0.43944 0.37870 0.21556 0.49824 0.51831 0.36546 0.21083 0.35762 0.35589 0.34945 0.45839 0.73314 0.63318 0.64198 0.56851 0.56611 0.23608 0.24228 0.15679 0.00000
0.00000 0.00000 0.00000 0.00000 0.26899 0.42596 0.41426 0.50697 0.52069 0.53055 0.38711 0.38040 0.33484 0.32127 0.69561 0.43814 0.46923 0.61404 0.62833 0.48380 0.55323 0.23261 0.15725 0.15692 0.00000
0.00000 0.00000 0.00000 0.00000 0.15636 0.15652 0.43767 0.52775 0.26578 0.24937 0.25428 0.40214 0.35206 0.32102 0.12714 0.43306 0.22773 0.46083 0.44505 0.26061 0.15744 0.21244 0.15743 0.15707 0.00000
0.00000 0.00000 0.00000 0.00000 0.15641 0.15658 0.00000 0.31351 0.28489 0.27360 0.26581 0.27548 0.25413 0.15533 0.15454 0.15457 0.23297 0.23370 0.43273 0.15698 0.15723 0.15749 0.00000 0.00000 0.00000
0.00000 0.00000 0.00000 0.00000 0.00000 0.00000 0.00000 0.00000 0.31352 0.31354 0.31356 0.00000 0.00000 0.15542 0.00000 0.15457 0.15495 0.15539 0.15578 0.00000 0.00000 0.00000 0.00000 0.00000 0.00000
