# name=grid_nonrect_buildings field=200x200 stride=8
25 25
0.00000 0.00000 0.11860 0.12021 0.11688 0.12744 0.14358 0.13052 0.14646 0.12630 0.11776 0.11379 0.08938 0.00000 0.07851 0.08838 0.10039 0.26770 0.11313 0.28764 0.29179 0.12166 0.12530 0.00000 0.00000
0.00000 0.28227 0.26976 0.77461 0.26994 0.27711 0.44637 0.47852 0.96813 0.29075 0.27087 0.25346 0.23524 0.20912 0.20835 0.21502 0.23768 0.24961 0.72814 0.40093 0.41158 0.27212 0.30175 0.32076 0.00000
0.09778 0.26135 0.73792 0.74850 0.73943 0.80700 0.87555 0.92599 0.91038 0.83254 0.79554 0.75107 0.74272 0.68794 0.64580 0.67014 0.72553 0.76794 0.74169 0.77614 0.73006 0.79609 0.81791 0.29988 0.12921
0.09170 0.70175 0.70770 0.71514 0.76724 0.81706 0.87801 0.90148 0.91465 0.86801 0.83533 0.76757 0.77067 0.73275 0.74485 0.75937 0.77764 0.78865 0.75859 0.77375 0.77284 0.78403 0.80986 0.26875 0.12832
0.23412 0.48242 0.70727 0.71071 0.75347 0.80748 0.83501 0.84385 0.86288 0.86438 0.83442 0.79267 0.76223 0.75426 0.78390 0.79267 0.77699 0.80833 0.77719 0.77916 0.76461 0.76345 0.72913 0.25797 0.11155
0.23900 0.49154 0.67011 0.72046 0.76046 0.81346 0.83641 0.85008 0.86467 0.87371 0.84409 0.80462 0.78677 0.77655 0.80421 0.81206 0.78647 0.78316 0.78308 0.77469 0.75940 0.74755 0.71633 0.24196 0.10110
0.09970 0.38053 0.71057 0.71808 0.76639 0.80439 0.83986 0.87342 0.91868 0.85670 0.83869 0.81588 0.80863 0.81856 0.79867 0.79960 0.77453 0.79390 0.77059 0.75906 0.73772 0.74445 0.70307 0.24578 0.09472
0.25640 0.40001 0.75648 0.76174 0.75055 0.81093 0.85460 0.89275 0.88300 0.87957 0.82697 0.81694 0.83751 0.81446 0.77910 0.77703 0.79190 0.81390 0.78657 0.79242 0.73848 0.75721 0.74267 0.47647 0.24631
0.09823 0.39470 0.72552 0.74407 0.77118 0.79432 0.82561 0.85876 0.87486 0.84097 0.82849 0.83346 0.82565 0.82828 0.80480 0.79847 0.82321 0.79805 0.77457 0.77698 0.77021 0.78330 0.74262 0.09589 0.09571
0.24461 0.23383 0.69306 0.74208 0.76304 0.73340 0.76456 0.81764 0.80448 0.83445 0.83837 0.81513 0.84206 0.82873 0.85540 0.84643 0.80095 0.81511 0.79661 0.81633 0.82069 0.81557 0.74571 0.35043 0.27428
0.24515 0.23244 0.68424 0.72513 0.68774 0.72970 0.71681 0.71907 0.76422 0.80305 0.80776 0.80580 0.79674 0.83395 0.86362 0.85415 0.80715 0.77929 0.79648 0.82855 0.83348 0.83689 0.78256 0.40573 0.29368
0.09970 0.69408 0.69084 0.72249 0.69497 0.68579 0.68193 0.69746 0.71328 0.76307 0.78022 0.75175 0.79562 0.81969 0.83378 0.82661 0.82124 0.80510 0.80865 0.79210 0.80524 0.83881 0.83326 0.32401 0.12845
0.25640 0.48279 0.74143 0.73893 0.68932 0.69592 0.69014 0.73686 0.74007 0.75900 0.76919 0.77740 0.80120 0.78535 0.77700 0.80390 0.81242 0.82377 0.79174 0.76811 0.79081 0.84959 0.79440 0.51007 0.33558
0.09823 0.70871 0.71909 0.75507 0.73329 0.72456 0.75150 0.73783 0.76389 0.78450 0.78409 0.75262 0.75458 0.74821 0.77589 0.80258 0.80724 0.79868 0.78386 0.79262 0.80151 0.84223 0.84308 0.13862 0.13875
0.24461 0.40503 0.70865 0.79688 0.80828 0.77265 0.78684 0.76107 0.80718 0.82583 0.82545 0.78019 0.74120 0.76139 0.80650 0.83365 0.82984 0.79524 0.80586 0.82318 0.83705 0.86351 0.83603 0.30138 0.13192
0.24515 0.38543 0.75916 0.82670 0.81873 0.85497 0.83093 0.80959 0.81936 0.84214 0.84166 0.79344 0.76777 0.79103 0.83633 0.86181 0.84647 0.82671 0.82248 0.84887 0.86274 0.88728 0.87591 0.30506 0.00000
0.09970 0.39365 0.79212 0.83867 0.86145 0.87049 0.85713 0.83900 0.81293 0.82916 0.83088 0.81366 0.81082 0.81993 0.84666 0.86103 0.88938 0.87087 0.84201 0.85389 0.86696 0.87527 0.88765 0.48996 0.00000
0.27354 0.42385 0.83841 0.86908 0.84910 0.86789 0.84822 0.86051 0.82585 0.82179 0.81817 0.82727 0.85444 0.83672 0.83275 0.88226 0.89373 0.90581 0.87548 0.85051 0.84188 0.88772 0.89504 0.41964 0.10968
0.11069 0.78487 0.80566 0.83426 0.86199 0.86141 0.83759 0.82124 0.79907 0.83119 0.83138 0.81902 0.82070 0.82776 0.86110 0.87651 0.90289 0.89856 0.87309 0.85156 0.83590 0.83486 0.81944 0.35896 0.10811
0.10029 0.25940 0.77936 0.83210 0.83510 0.79887 0.81536 0.84993 0.83177 0.85213 0.80474 0.79526 0.78283 0.79183 0.83929 0.85722 0.84617 0.88637 0.85147 0.84989 0.79330 0.79581 0.73254 0.32956 0.09335
0.09377 0.25944 0.75651 0.80242 0.76414 0.80053 0.78981 0.79503 0.83824 0.80682 0.83613 0.78377 0.73750 0.74664 0.77965 0.79829 0.79779 0.78928 0.82173 0.77679 0.79430 0.76588 0.69371 0.34782 0.08381
0.00000 0.79914 0.78664 0.76999 0.76325 0.76389 0.75143 0.81875 0.82678 0.85189 0.83200 0.78714 0.74838 0.70480 0.72039 0.73417 0.75987 0.77652 0.76724 0.78630 0.77138 0.74764 0.72724 0.00000 0.00000
0.00000 0.28559 0.78415 0.75810 0.69632 0.71011 0.73772 0.74246 0.81397 0.80520 0.78880 0.75147 0.74698 0.68684 0.63807 0.65957 0.68126 0.66867 0.73486 0.73862 0.72530 0.76759 0.74948 0.26642 0.00000
0.00000 0.30332 0.27516 0.24413 0.51022 0.50043 0.43109 0.43640 0.43603 0.27683 0.26711 0.24444 0.24206 0.22214 0.21611 0.20812 0.20788 0.22681 0.71075 0.35595 0.39371 0.78175 0.28107 0.00000 0.00000
0.00000 0.00000 0.11455 0.10689 0.26468 0.10257 0.10824 0.29920 0.13142 0.11656 0.00000 0.00000 0.09926 0.10099 0.08818 0.07761 0.00000 0.08700 0.10512 0.10127 0.09391 0.00000 0.00000 0.00000 0.00000
