# name=grid_sheared field=200x200 stride=8
25 25
0.73845 0.73178 0.81461 0.81197 0.85885 0.84743 0.87989 0.84743 0.87989 0.84743 0.87989 0.84743 0.87989 0.84743 0.87989 0.84743 0.87989 0.84743 0.87989 0.84743 0.87989 0.87984 0.87982 0.87973 0.12106
0.79112 0.77814 0.85156 0.80043 0.86518 0.83459 0.86238 0.83459 0.86238 0.83459 0.86238 0.83459 0.86238 0.83459 0.86238 0.83459 0.86238 0.83459 0.86238 0.83459 0.86238 0.85844 0.85839 0.84717 0.52224
0.78377 0.85170 0.86186 0.87057 0.85995 0.87868 0.85885 0.87868 0.85885 0.87868 0.85885 0.87868 0.85885 0.87868 0.85885 0.87868 0.85885 0.87868 0.85885 0.87868 0.85885 0.87863 0.85490 0.87856 0.52183
0.85919 0.83023 0.85473 0.86223 0.86428 0.86557 0.86281 0.86557 0.86281 0.86557 0.86281 0.86557 0.86281 0.86557 0.86281 0.86557 0.86281 0.86557 0.86281 0.86557 0.86281 0.87804 0.86004 0.87786 0.78648
0.78314 0.87495 0.87645 0.88028 0.86118 0.87771 0.86006 0.87771 0.86006 0.87771 0.86006 0.87771 0.86006 0.87771 0.86006 0.87771 0.86006 0.87771 0.86006 0.87771 0.86006 0.87771 0.85808 0.85479 0.87773
0.71542 0.86144 0.86165 0.87900 0.86148 0.86373 0.86148 0.86373 0.86148 0.86373 0.86148 0.86373 0.86148 0.86373 0.86148 0.86373 0.86148 0.86373 0.86148 0.86373 0.86148 0.86373 0.86007 0.86131 0.79586
0.77601 0.80494 0.85076 0.84659 0.87754 0.84207 0.87754 0.84207 0.87754 0.84207 0.87754 0.84207 0.87754 0.84207 0.87754 0.84207 0.87754 0.84207 0.87754 0.84207 0.87754 0.84207 0.87913 0.83859 0.86263
0.68429 0.80663 0.83272 0.83659 0.86459 0.86207 0.86459 0.86207 0.86459 0.86207 0.86459 0.86207 0.86459 0.86207 0.86459 0.86207 0.86459 0.86207 0.86459 0.86207 0.86459 0.86334 0.88049 0.87607 0.82286
0.66748 0.78437 0.83192 0.83835 0.86375 0.86193 0.87753 0.86193 0.87753 0.86193 0.87753 0.86193 0.87753 0.86193 0.87753 0.86193 0.87753 0.86193 0.87753 0.86193 0.87753 0.86360 0.87346 0.85233 0.84314
0.74945 0.81410 0.85104 0.83244 0.86529 0.86148 0.86373 0.86148 0.86373 0.86148 0.86373 0.86148 0.86373 0.86148 0.86373 0.86148 0.86373 0.86148 0.86373 0.86148 0.86373 0.85796 0.85394 0.84139 0.80940
0.77755 0.83120 0.84285 0.86897 0.84314 0.87754 0.84207 0.87754 0.84207 0.87754 0.84207 0.87754 0.84207 0.87754 0.84207 0.87754 0.84207 0.87754 0.84207 0.87754 0.84207 0.86376 0.80880 0.84924 0.73915
0.85697 0.82815 0.85325 0.86124 0.86357 0.86459 0.86207 0.86459 0.86207 0.86459 0.86207 0.86459 0.86207 0.86459 0.86207 0.86459 0.86207 0.86459 0.86207 0.86459 0.86207 0.86155 0.83623 0.82748 0.78070
0.78635 0.87459 0.86422 0.88012 0.86306 0.87753 0.86193 0.87753 0.86193 0.87753 0.86193 0.87753 0.86193 0.87753 0.86193 0.87753 0.86193 0.87753 0.86193 0.87753 0.86193 0.87753 0.83388 0.84454 0.80334
0.71542 0.86144 0.86165 0.87900 0.86148 0.86373 0.86148 0.86373 0.86148 0.86373 0.86148 0.86373 0.86148 0.86373 0.86148 0.86373 0.86148 0.86373 0.86148 0.86373 0.86148 0.86373 0.84499 0.83098 0.80153
0.77601 0.80494 0.85076 0.84659 0.87754 0.84207 0.87754 0.84207 0.87754 0.84207 0.87754 0.84207 0.87754 0.84207 0.87754 0.84207 0.87754 0.84207 0.87754 0.84207 0.87754 0.84207 0.87913 0.83859 0.86057
0.68429 0.80663 0.83272 0.83659 0.86459 0.86207 0.86459 0.86207 0.86459 0.86207 0.86459 0.86207 0.86459 0.86207 0.86459 0.86207 0.86459 0.86207 0.86459 0.86207 0.86459 0.86334 0.88049 0.87607 0.82286
0.66748 0.78437 0.83192 0.83835 0.86375 0.86193 0.87753 0.86193 0.87753 0.86193 0.87753 0.86193 0.87753 0.86193 0.87753 0.86193 0.87753 0.86193 0.87753 0.86193 0.87753 0.86360 0.87346 0.85233 0.84314
0.74945 0.81410 0.85104 0.83244 0.86529 0.86148 0.86373 0.86148 0.86373 0.86148 0.86373 0.86148 0.86373 0.86148 0.86373 0.86148 0.86373 0.86148 0.86373 0.86148 0.86373 0.85796 0.85394 0.84139 0.80940
0.77755 0.83120 0.84285 0.86897 0.84314 0.87754 0.84207 0.87754 0.84207 0.87754 0.84207 0.87754 0.84207 0.87754 0.84207 0.87754 0.84207 0.87754 0.84207 0.87754 0.84207 0.86376 0.80880 0.84924 0.73915
0.85697 0.82815 0.85325 0.86124 0.86357 0.86459 0.86207 0.86459 0.86207 0.86459 0.86207 0.86459 0.86207 0.86459 0.86207 0.86459 0.86207 0.86459 0.86207 0.86459 0.86207 0.86155 0.83623 0.82748 0.78070
0.78635 0.87459 0.86422 0.88012 0.86306 0.87753 0.86193 0.87753 0.86193 0.87753 0.86193 0.87753 0.86193 0.87753 0.86193 0.87753 0.86193 0.87753 0.86193 0.87753 0.86193 0.87753 0.83388 0.84454 0.80334
0.77213 0.88246 0.88066 0.87928 0.87774 0.86298 0.87774 0.86298 0.87774 0.86298 0.87774 0.86298 0.87774 0.86298 0.87774 0.86298 0.87774 0.86298 0.87774 0.86298 0.87774 0.86298 0.86102 0.82609 0.82013
0.83747 0.84881 0.87913 0.85716 0.87773 0.83578 0.87773 0.83578 0.87773 0.83578 0.87773 0.83578 0.87773 0.83578 0.87773 0.83578 0.87773 0.83578 0.87773 0.83578 0.87773 0.83578 0.87772 0.82643 0.85075
0.30534 0.87795 0.85257 0.87800 0.78338 0.84862 0.78338 0.84862 0.78338 0.84862 0.78338 0.84862 0.78338 0.84862 0.78338 0.84862 0.78338 0.84862 0.78338 0.84862 0.78338 0.84862 0.80296 0.84207 0.29949
0.12492 0.31382 0.87818 0.49965 0.79319 0.51513 0.79319 0.51513 0.79319 0.51513 0.79319 0.51513 0.79319 0.51513 0.79319 0.51513 0.79319 0.51513 0.79319 0.51513 0.79319 0.51513 0.79319 0.30298 0.30884
