# name=grid_rotated_30 field=200x200 stride=8
25 25
0.18193 0.18849 0.57243 0.61696 0.61591 0.61090 0.49846 0.55944 0.61620 0.61798 0.46972 0.51979 0.56572 0.57276 0.63704 0.58482 0.59120 0.56876 0.57041 0.62473 0.66241 0.65062 0.47672 0.46577 0.45934
0.27128 0.32587 0.55883 0.60078 0.63644 0.62050 0.61377 0.63427 0.58681 0.61835 0.58800 0.61367 0.56231 0.56323 0.63623 0.58096 0.59445 0.59250 0.62863 0.67654 0.65608 0.65202 0.60455 0.53182 0.46687
0.27849 0.53580 0.60931 0.61797 0.64190 0.61311 0.64604 0.64359 0.61651 0.60324 0.58576 0.61837 0.62201 0.60241 0.63709 0.63068 0.62878 0.61823 0.63917 0.65594 0.65334 0.62709 0.63027 0.60015 0.54554
0.45382 0.60684 0.63569 0.64574 0.65411 0.63960 0.62621 0.61656 0.62015 0.63017 0.61155 0.61555 0.63295 0.61712 0.64016 0.62734 0.63001 0.63578 0.66010 0.66178 0.65296 0.65927 0.63818 0.60494 0.58081
0.65062 0.65202 0.63602 0.66271 0.64466 0.64023 0.64412 0.63915 0.63307 0.62039 0.61523 0.61896 0.63297 0.62756 0.64445 0.64597 0.65427 0.63491 0.64323 0.65751 0.65748 0.64050 0.64420 0.62533 0.61160
0.66241 0.65608 0.65334 0.65296 0.65748 0.65060 0.64593 0.62750 0.62515 0.63155 0.61388 0.63138 0.63524 0.64124 0.63661 0.63999 0.65503 0.64087 0.65467 0.64342 0.65060 0.64023 0.63171 0.59785 0.59882
0.62473 0.67654 0.65594 0.66178 0.65751 0.64342 0.63999 0.64402 0.64086 0.62730 0.61414 0.63779 0.62672 0.64516 0.63895 0.65276 0.64233 0.64022 0.63035 0.63999 0.64593 0.64412 0.62120 0.63782 0.60176
0.57041 0.62863 0.63917 0.66010 0.64323 0.65467 0.63035 0.63727 0.64596 0.64341 0.64373 0.64482 0.64665 0.65048 0.62903 0.64121 0.63415 0.65254 0.63727 0.64402 0.62750 0.63935 0.61704 0.64430 0.62944
0.56876 0.59250 0.61823 0.63578 0.63491 0.64087 0.64022 0.65254 0.64054 0.63532 0.64028 0.65234 0.64427 0.65613 0.65716 0.65812 0.64647 0.64054 0.64596 0.64086 0.62515 0.63331 0.62067 0.61735 0.58792
0.59120 0.59445 0.62878 0.63001 0.65427 0.65503 0.64233 0.63415 0.64647 0.65610 0.65611 0.65823 0.66085 0.66239 0.64849 0.63856 0.65610 0.63532 0.64341 0.62730 0.63155 0.62060 0.63061 0.60499 0.62094
0.58482 0.58096 0.63068 0.62734 0.64597 0.63999 0.65276 0.64121 0.65812 0.63856 0.66200 0.66434 0.65649 0.65752 0.66581 0.66200 0.65611 0.64028 0.64373 0.61414 0.61388 0.61523 0.61285 0.58835 0.59207
0.63704 0.63623 0.63709 0.64016 0.64445 0.63661 0.63895 0.62903 0.65716 0.64849 0.66581 0.65698 0.67303 0.65215 0.65698 0.66434 0.65823 0.65234 0.64482 0.63779 0.63138 0.61990 0.61773 0.62179 0.61889
0.57276 0.56323 0.60241 0.61712 0.62756 0.64124 0.64516 0.65048 0.65613 0.66239 0.65752 0.65215 0.66235 0.66235 0.67303 0.65649 0.66085 0.64427 0.64665 0.62672 0.63524 0.63415 0.63563 0.62514 0.56653
0.56572 0.56231 0.62201 0.63295 0.63297 0.63524 0.62672 0.64665 0.64427 0.66085 0.65649 0.67303 0.66235 0.66235 0.65215 0.65752 0.66239 0.65613 0.65048 0.64516 0.64124 0.62874 0.61818 0.60396 0.56574
0.46188 0.61367 0.61837 0.61555 0.61896 0.63138 0.63779 0.64482 0.65234 0.65823 0.66434 0.65698 0.65215 0.67303 0.65698 0.66581 0.64849 0.65716 0.62903 0.63895 0.63661 0.63674 0.63067 0.61713 0.60523
0.41380 0.58800 0.58576 0.61155 0.61523 0.61388 0.61414 0.64373 0.64028 0.65611 0.66200 0.66581 0.65752 0.65649 0.66434 0.66200 0.63856 0.65812 0.64121 0.65276 0.63999 0.63885 0.62796 0.62905 0.57370
0.61798 0.61835 0.60324 0.63017 0.62039 0.63155 0.62730 0.64341 0.63532 0.65610 0.63856 0.64849 0.66239 0.66085 0.65823 0.65611 0.65610 0.64647 0.63415 0.64233 0.65503 0.65007 0.63286 0.63270 0.59721
0.61620 0.58681 0.61651 0.62015 0.63307 0.62515 0.64086 0.64596 0.64054 0.64647 0.65812 0.65716 0.65613 0.64427 0.65234 0.64028 0.63532 0.64054 0.65254 0.64022 0.64087 0.63491 0.63836 0.62318 0.59986
0.55944 0.63427 0.64359 0.61656 0.63915 0.62750 0.64402 0.63727 0.65254 0.63415 0.64121 0.62903 0.65048 0.64665 0.64482 0.64373 0.64341 0.64596 0.63727 0.63035 0.65467 0.64323 0.65679 0.63807 0.62853
0.45413 0.61377 0.64604 0.62621 0.64412 0.64593 0.63999 0.63035 0.64022 0.64233 0.65276 0.63895 0.64516 0.62672 0.63779 0.61414 0.62730 0.64086 0.64402 0.63999 0.64342 0.65500 0.65633 0.64639 0.66194
0.61090 0.62050 0.61311 0.63960 0.64023 0.65060 0.64342 0.65467 0.64087 0.65503 0.63999 0.63661 0.64124 0.63524 0.63138 0.61388 0.63155 0.62515 0.62750 0.64593 0.65060 0.65379 0.64509 0.63987 0.63579
0.61657 0.63702 0.64232 0.65411 0.64466 0.65379 0.65500 0.64323 0.63491 0.65007 0.63885 0.63674 0.62874 0.63415 0.61990 0.61523 0.62060 0.63331 0.63935 0.64412 0.64023 0.64050 0.64504 0.61456 0.63290
0.61866 0.60225 0.61904 0.64193 0.64789 0.64509 0.65633 0.65679 0.63836 0.63286 0.62796 0.63067 0.61818 0.63563 0.61773 0.61285 0.63061 0.62067 0.61704 0.62120 0.63171 0.64420 0.63522 0.62379 0.59364
0.57579 0.56164 0.61156 0.62809 0.62280 0.63987 0.64639 0.63807 0.62318 0.63270 0.62905 0.61713 0.60396 0.62514 0.62179 0.58835 0.60499 0.61735 0.64430 0.63782 0.59785 0.62575 0.60600 0.60238 0.52949
0.19067 0.39766 0.53230 0.59524 0.63290 0.63579 0.66194 0.62853 0.59986 0.59721 0.57370 0.60523 0.56574 0.56653 0.61889 0.59207 0.62094 0.58792 0.62944 0.60176 0.59882 0.61221 0.58229 0.54833 0.32786
