# name=mixed_regions field=200x200 stride=8
25 25
0.00000 0.14257 0.33530 0.33835 0.61250 0.64974 0.61250 0.64974 0.61250 0.33482 0.35204 0.14510 0.00000 0.00000 0.00000 0.00000 0.00000 0.00000 0.00000 0.00000 0.00000 0.00000 0.00000 0.00000 0.00000
0.15003 0.34807 1.00000 0.93222 1.00000 0.89834 1.00000 0.89834 1.00000 0.95852 1.00000 0.35647 0.23372 0.00000 0.00000 0.00000 0.00000 0.00000 0.00000 0.00000 0.00000 0.00000 0.00000 0.00000 0.00000
0.33530 1.00000 0.95276 1.00000 0.96239 1.00000 0.96239 1.00000 0.98026 1.00000 0.97159 1.00000 0.22562 0.16634 0.00000 0.00000 0.00000 0.00000 0.00000 0.00000 0.13081 0.36269 0.43013 0.07913 0.03515
0.35898 0.93222 1.00000 1.00000 1.00000 1.00000 1.00000 1.00000 1.00000 1.00000 1.00000 0.84314 0.23729 0.16216 0.00000 0.00000 0.00000 0.00000 0.00000 0.13321 0.13009 0.36418 0.40547 0.45902 0.18629
0.65829 1.00000 0.96239 1.00000 0.97018 1.00000 0.97018 1.00000 0.98451 1.00000 0.97764 0.90428 0.25026 0.17842 0.00000 0.00000 0.00000 0.00000 0.05145 0.05512 0.36448 0.38154 0.38557 0.42469 0.17211
0.68495 0.89834 1.00000 1.00000 1.00000 1.00000 1.00000 1.00000 1.00000 1.00000 0.96735 0.89061 0.46049 0.35820 0.00000 0.07428 0.09682 0.07132 0.17479 0.14225 0.40277 0.42635 0.39787 0.28029 0.16596
0.65829 1.00000 0.96239 1.00000 0.97018 1.00000 0.97018 1.00000 0.98451 1.00000 0.97764 0.90428 0.34896 0.23287 0.00000 0.14845 0.12893 0.23232 0.05756 0.13166 0.36888 0.40743 0.25908 0.26112 0.27782
0.68495 0.89834 1.00000 1.00000 1.00000 1.00000 1.00000 1.00000 1.00000 1.00000 0.96735 0.85852 0.58284 0.06505 0.00000 0.11869 0.14196 0.16094 0.06010 0.36574 0.35633 0.39524 0.37375 0.14775 0.14011
0.65829 1.00000 0.96239 1.00000 0.97018 1.00000 0.97018 1.00000 0.98451 1.00000 0.97764 0.73946 0.44566 0.19516 0.06844 0.10282 0.08876 0.16333 0.27237 0.36319 0.24192 0.28449 0.41553 0.41395 0.02444
0.68495 0.89834 1.00000 1.00000 1.00000 1.00000 1.00000 1.00000 1.00000 1.00000 0.96735 0.72613 0.31268 0.17334 0.14849 0.34803 0.35474 0.40601 0.24942 0.20915 0.24414 0.20027 0.10423 0.10432 0.00000
0.65829 1.00000 0.96239 1.00000 0.97018 1.00000 0.97018 1.00000 0.98451 1.00000 0.90808 0.71244 0.30455 0.35534 0.13312 0.31544 0.31605 0.38728 0.19627 0.21722 0.23753 0.19477 0.18746 0.18346 0.00000
0.68495 0.89834 1.00000 1.00000 1.00000 1.00000 1.00000 1.00000 1.00000 1.00000 0.89798 0.70998 0.50413 0.36291 0.13635 0.13851 0.31774 0.39627 0.21244 0.10235 0.25486 0.16107 0.14870 0.15125 0.00000
0.65829 1.00000 0.96239 1.00000 0.97018 1.00000 0.97018 1.00000 0.98451 1.00000 0.97764 0.79493 0.57691 0.21556 0.15735 0.06373 0.17759 0.40807 0.27815 0.43763 0.34249 0.36995 0.36056 0.37393 0.00000
0.68495 0.89834 1.00000 1.00000 1.00000 1.00000 1.00000 1.00000 1.00000 1.00000 0.96735 0.82539 0.33716 0.20030 0.12625 0.14054 0.30534 0.23529 0.43068 0.40145 0.31053 0.30385 0.19370 0.05998 0.03033
0.65829 1.00000 0.96239 1.00000 0.97018 1.00000 0.97018 1.00000 0.98451 1.00000 0.97764 0.82187 0.24605 0.36810 0.12829 0.13099 0.13549 0.22473 0.32811 0.12216 0.30153 0.12473 0.05178 0.05660 0.02812
0.68495 0.89834 1.00000 1.00000 1.00000 1.00000 1.00000 1.00000 1.00000 1.00000 0.96735 0.78228 0.54843 0.45729 0.10891 0.35580 0.37957 0.41698 0.12951 0.12760 0.32299 0.26536 0.26374 0.06197 0.06357
0.65829 1.00000 0.96239 1.00000 0.97018 1.00000 0.97018 1.00000 0.98451 1.00000 0.97764 0.77545 0.53512 0.48629 0.06625 0.23930 0.25340 0.27299 0.14848 0.12406 0.15713 0.16756 0.06265 0.05830 0.05893
0.68495 0.89834 1.00000 1.00000 1.00000 1.00000 1.00000 1.00000 1.00000 1.00000 0.96735 0.78814 0.24729 0.53073 0.21404 0.22678 0.35828 0.36725 0.35895 0.31578 0.08907 0.08279 0.07510 0.07779 0.00000
0.65829 1.00000 0.96239 1.00000 0.97018 1.00000 0.97018 1.00000 0.98451 1.00000 0.97764 0.87577 0.53077 0.24523 0.24362 0.32195 0.30342 0.30224 0.33881 0.39779 0.35049 0.07755 0.07922 0.03214 0.03211
0.68495 0.89834 1.00000 1.00000 1.00000 1.00000 1.00000 1.00000 1.00000 1.00000 0.96735 0.81549 0.58735 0.27013 0.14086 0.34141 0.31199 0.16089 0.06016 0.32411 0.12931 0.02647 0.02853 0.03150 0.03151
0.65829 1.00000 0.98026 1.00000 0.98451 1.00000 0.98451 1.00000 1.00000 1.00000 1.00000 0.74959 0.37267 0.28775 0.06238 0.05623 0.06196 0.13743 0.12530 0.14163 0.14271 0.15077 0.02815 0.03307 0.03311
0.35424 0.95852 1.00000 1.00000 1.00000 1.00000 1.00000 1.00000 1.00000 1.00000 0.96094 0.77771 0.21602 0.15361 0.07167 0.05855 0.12930 0.13199 0.13210 0.14837 0.14983 0.02663 0.02959 0.03169 0.00000
0.35204 1.00000 0.97159 1.00000 0.97764 0.96735 0.97764 0.96735 1.00000 0.96094 1.00000 0.38743 0.23174 0.00000 0.00000 0.06567 0.13287 0.05520 0.02525 0.13894 0.14977 0.00000 0.00000 0.00000 0.00000
0.15124 0.35647 1.00000 0.92675 0.90428 0.89061 0.90428 0.89061 0.90428 0.95503 0.34879 0.36684 0.00000 0.00000 0.00000 0.00000 0.05280 0.02511 0.02618 0.02838 0.00000 0.00000 0.00000 0.00000 0.00000
0.00000 0.14257 0.13944 0.33835 0.33955 0.33835 0.33955 0.33835 0.33955 0.13887 0.14119 0.00000 0.00000 0.00000 0.00000 0.00000 0.00000 0.00000 0.00000 0.00000 0.00000 0.00000 0.00000 0.00000 0.00000
