# name=organic_walks field=200x200 stride=8
25 25
0.00000 0.00000 0.00000 0.00000 0.00000 0.00000 0.12483 0.02620 0.00000 0.08582 0.08488 0.00000 0.00000 0.00000 0.00000 0.00000 0.00000 0.00000 0.00000 0.00000 0.00000 0.00000 0.00000 0.00000 0.00000
0.00000 0.00000 0.00000 0.00000 0.00000 0.12044 0.12086 0.12853 0.13287 0.13236 0.08553 0.08917 0.00000 0.00000 0.00000 0.00000 0.00000 0.00000 0.00000 0.00000 0.00000 0.00000 0.00000 0.00000 0.00000
0.00000 0.00000 0.00000 0.00000 0.14929 0.12755 0.12441 0.23880 0.12200 0.12387 0.13999 0.09201 0.00000 0.00000 0.00000 0.00000 0.00000 0.00000 0.00000 0.03129 0.02846 0.00000 0.00000 0.00000 0.00000
0.00000 0.00000 0.00000 0.13715 0.14159 0.13214 0.13380 0.23026 0.11400 0.15920 0.19103 0.22145 0.18734 0.26218 0.07376 0.01457 0.04231 0.04985 0.00000 0.02775 0.02616 0.07407 0.03788 0.03708 0.03628
0.00000 0.00000 0.00000 0.13133 0.13603 0.13940 0.14541 0.35745 0.24368 0.25279 0.18115 0.08013 0.25621 0.22316 0.20686 0.04146 0.04063 0.04639 0.05325 0.02381 0.04628 0.05824 0.03444 0.03385 0.03337
0.00000 0.00000 0.02405 0.01992 0.11481 0.02417 0.13890 0.34000 0.21998 0.37462 0.39437 0.06732 0.34807 0.37100 0.23076 0.04232 0.04132 0.05038 0.02321 0.00000 0.09473 0.10954 0.13187 0.02546 0.02643
0.00000 0.00000 0.02241 0.01913 0.09243 0.11355 0.12309 0.02151 0.35400 0.34983 0.13212 0.20310 0.33364 0.33884 0.40045 0.16930 0.14174 0.02117 0.02424 0.00000 0.10479 0.12298 0.02294 0.02377 0.02499
0.00000 0.02300 0.02628 0.02964 0.03408 0.26675 0.26073 0.16984 0.21775 0.04557 0.12717 0.19750 0.20156 0.21118 0.23308 0.06263 0.05335 0.01873 0.01500 0.13327 0.20683 0.35615 0.12904 0.06045 0.05989
0.02886 0.02932 0.03059 0.08067 0.08095 0.15539 0.17177 0.19639 0.07142 0.06154 0.05283 0.05351 0.21648 0.23911 0.13372 0.06346 0.05109 0.03922 0.19220 0.13194 0.37210 0.13995 0.13322 0.12526 0.05398
0.02935 0.02888 0.02911 0.07068 0.07229 0.27761 0.16821 0.50425 0.15500 0.21613 0.34382 0.31033 0.09564 0.37785 0.36896 0.12445 0.21670 0.27231 0.07868 0.13277 0.11850 0.17489 0.13072 0.12310 0.12828
0.03039 0.02956 0.02896 0.29705 0.22131 0.26325 0.48256 0.51081 0.49890 0.47786 0.30545 0.14868 0.13191 0.19663 0.18766 0.09784 0.14062 0.05915 0.05702 0.02185 0.31645 0.37292 0.37105 0.34745 0.33284
0.00000 0.02533 0.02358 0.29031 0.35110 0.42810 0.18650 0.17647 0.52971 0.52208 0.18342 0.18783 0.18512 0.33165 0.15440 0.14798 0.13290 0.05538 0.20405 0.18802 0.30751 0.35478 0.35980 0.32403 0.05081
0.00000 0.00000 0.00000 0.27781 0.34784 0.18833 0.30659 0.18252 0.15208 0.29635 0.19831 0.17672 0.16188 0.08673 0.15915 0.10348 0.12708 0.33823 0.33509 0.33109 0.30755 0.30438 0.31577 0.12370 0.01916
0.00000 0.00000 0.00000 0.22463 0.40526 0.44425 0.42733 0.23334 0.39151 0.26934 0.26813 0.15262 0.14476 0.26771 0.16147 0.34791 0.35176 0.35062 0.33602 0.28978 0.18944 0.34653 0.17872 0.12939 0.02376
0.00000 0.00000 0.19068 0.26150 0.26312 0.24425 0.23422 0.19001 0.19287 0.24731 0.25719 0.14352 0.13293 0.27292 0.33703 0.36747 0.36086 0.33281 0.33955 0.20377 0.17486 0.20036 0.02390 0.02612 0.03223
0.00000 0.00000 0.05528 0.05636 0.25586 0.33615 0.22372 0.14047 0.36112 0.03363 0.25410 0.06240 0.13972 0.13058 0.39574 0.39331 0.38297 0.35288 0.38144 0.41757 0.37669 0.30261 0.02360 0.02668 0.03146
0.00000 0.00000 0.04817 0.05268 0.22616 0.22432 0.13871 0.16799 0.16585 0.08290 0.08164 0.06345 0.04926 0.05245 0.23635 0.06478 0.23362 0.08125 0.30751 0.21569 0.19492 0.38035 0.09258 0.09409 0.02714
0.00000 0.00000 0.09650 0.19546 0.22173 0.12907 0.13457 0.16998 0.17028 0.09959 0.06732 0.04792 0.04150 0.03949 0.02105 0.35563 0.31594 0.07005 0.25457 0.32153 0.35993 0.36350 0.17407 0.02998 0.02985
0.00000 0.00000 0.02420 0.18316 0.18135 0.35399 0.13895 0.15033 0.26434 0.08849 0.06438 0.01963 0.04442 0.01483 0.11416 0.12250 0.25400 0.26143 0.31476 0.35757 0.21524 0.24704 0.28092 0.03004 0.03024
0.00000 0.00000 0.00000 0.19008 0.18248 0.19705 0.47377 0.42132 0.20700 0.21174 0.14083 0.05423 0.04803 0.02546 0.30334 0.30284 0.31770 0.37328 0.18459 0.21928 0.35684 0.24258 0.27806 0.06975 0.03211
0.00000 0.00000 0.00000 0.00000 0.05508 0.19409 0.13335 0.04830 0.17834 0.19631 0.12917 0.05589 0.12977 0.13710 0.12838 0.20930 0.36035 0.33502 0.34100 0.23249 0.26463 0.06699 0.07357 0.03491 0.00000
0.00000 0.00000 0.00000 0.00000 0.07095 0.14512 0.15086 0.19410 0.18721 0.19623 0.13797 0.14039 0.11807 0.12055 0.41099 0.18425 0.19215 0.33117 0.33922 0.20254 0.27314 0.06927 0.03404 0.03444 0.00000
0.00000 0.00000 0.00000 0.00000 0.03068 0.02726 0.17688 0.22164 0.06512 0.05576 0.06222 0.15444 0.12803 0.12436 0.02766 0.19045 0.06150 0.21773 0.21169 0.06621 0.03484 0.06366 0.03432 0.03411 0.00000
0.00000 0.00000 0.00000 0.00000 0.02874 0.02842 0.00000 0.08956 0.06971 0.06162 0.06629 0.07450 0.06766 0.03089 0.03132 0.02856 0.06494 0.05990 0.21394 0.03458 0.03447 0.03502 0.00000 0.00000 0.00000
0.00000 0.00000 0.00000 0.00000 0.00000 0.00000 0.00000 0.00000 0.07876 0.07192 0.07632 0.00000 0.00000 0.03102 0.00000 0.02858 0.02743 0.02807 0.03043 0.00000 0.00000 0.00000 0.00000 0.00000 0.00000
