# name=rect_rotated_scattered field=200x200 stride=8
25 25
0.00000 0.00000 0.00000 0.00000 0.00000 0.00000 0.00000 0.00000 0.00000 0.00000 0.00000 0.00000 0.00000 0.00000 0.00000 0.00000 0.00000 0.00000 0.00000 0.00000 0.00000 0.00000 0.00000 0.00000 0.00000
0.00000 0.00000 0.00000 0.00000 0.00000 0.00000 0.00000 0.00000 0.00000 0.00000 0.00000 0.00000 0.00000 0.00000 0.00000 0.00000 0.00000 0.00000 0.00000 0.00000 0.00000 0.00000 0.00000 0.00000 0.00000
0.00000 0.00000 0.00000 0.00000 0.00000 0.00000 0.00000 0.00000 0.00000 0.00000 0.00000 0.00000 0.00000 0.00000 0.00000 0.00000 0.00000 0.00000 0.00000 0.00000 0.00000 0.00000 0.00000 0.00000 0.00000
0.00000 0.00000 0.00000 0.00000 0.00000 0.00000 0.00000 0.01803 0.01586 0.00000 0.00000 0.00000 0.00000 0.00000 0.00000 0.00000 0.00000 0.00000 0.00000 0.00000 0.00000 0.00000 0.00000 0.00000 0.00000
0.00000 0.00000 0.00000 0.00000 0.00000 0.05113 0.01889 0.01631 0.01705 0.00000 0.00000 0.00000 0.00000 0.00000 0.00000 0.00000 0.00000 0.02355 0.00000 0.00000 0.00000 0.00000 0.00000 0.00000 0.00000
0.00000 0.00000 0.00000 0.00000 0.00000 0.04420 0.01579 0.01592 0.00000 0.01534 0.03369 0.00000 0.00000 0.00000 0.04617 0.05643 0.00000 0.00000 0.00000 0.04838 0.13528 0.15757 0.17161 0.00000 0.00000
0.00000 0.00000 0.00000 0.00000 0.04305 0.00000 0.01371 0.08693 0.02183 0.01933 0.04177 0.06583 0.04164 0.00000 0.06526 0.03404 0.03918 0.00000 0.07844 0.05179 0.12926 0.15487 0.16850 0.18564 0.00000
0.00000 0.00000 0.00000 0.00000 0.01803 0.02149 0.05688 0.02509 0.02254 0.04489 0.05116 0.04160 0.03659 0.00000 0.03566 0.03345 0.03643 0.00000 0.05904 0.14371 0.26980 0.16425 0.17152 0.03460 0.03628
0.00000 0.00000 0.01918 0.01975 0.01835 0.01968 0.04897 0.05204 0.02321 0.04790 0.22307 0.02921 0.03247 0.03659 0.08023 0.05976 0.06615 0.05804 0.07370 0.06705 0.07533 0.08271 0.03295 0.03336 0.03460
0.00000 0.02221 0.02164 0.02448 0.02915 0.06172 0.04388 0.04601 0.05809 0.09845 0.24325 0.02476 0.02845 0.07197 0.06293 0.23354 0.06105 0.07321 0.21397 0.07954 0.03782 0.08561 0.06165 0.06042 0.06063
0.00000 0.02644 0.02603 0.02718 0.02568 0.02346 0.04838 0.04313 0.05632 0.09455 0.04146 0.05023 0.05982 0.05991 0.02466 0.23498 0.07333 0.08012 0.35321 0.17929 0.15390 0.12332 0.01587 0.00000 0.00000
0.00000 0.07053 0.06544 0.06084 0.05037 0.04627 0.00000 0.05237 0.05737 0.04452 0.04092 0.00000 0.06547 0.13175 0.24866 0.16660 0.19259 0.19318 0.20695 0.16540 0.12303 0.11729 0.02384 0.00000 0.00000
0.03130 0.03118 0.06763 0.06048 0.05164 0.03920 0.02860 0.00000 0.06161 0.04073 0.02899 0.04845 0.04528 0.22275 0.21534 0.37598 0.17477 0.16290 0.17161 0.17838 0.07498 0.15825 0.07095 0.07940 0.03278
0.06918 0.07130 0.07324 0.14768 0.20591 0.04067 0.00000 0.00000 0.00000 0.02116 0.10823 0.11007 0.04881 0.23991 0.21927 0.18538 0.37107 0.15161 0.15894 0.17810 0.15867 0.05551 0.06670 0.07215 0.03204
0.06577 0.06856 0.07171 0.16598 0.14765 0.12353 0.00000 0.00000 0.05309 0.07062 0.13212 0.11975 0.12631 0.13456 0.23037 0.03901 0.03258 0.07097 0.06137 0.07290 0.13959 0.11544 0.12965 0.14060 0.07190
0.00000 0.06243 0.06607 0.17102 0.16759 0.13326 0.00000 0.00000 0.06616 0.08299 0.14484 0.13479 0.13913 0.17313 0.03343 0.03331 0.03389 0.06656 0.05715 0.06345 0.38133 0.35743 0.36610 0.06456 0.06536
0.00000 0.00000 0.00000 0.17947 0.27336 0.27586 0.14956 0.25872 0.06469 0.15642 0.16496 0.15129 0.14753 0.20736 0.02453 0.02365 0.04523 0.00000 0.05213 0.05112 0.42067 0.43228 0.42539 0.05952 0.00000
0.00000 0.02327 0.02163 0.39532 0.39765 0.47390 0.18900 0.27236 0.23971 0.05839 0.00733 0.02767 0.11823 0.12621 0.05339 0.01332 0.00000 0.00000 0.00000 0.03719 0.13798 0.16968 0.19263 0.00000 0.00000
0.00000 0.00000 0.02047 0.02064 0.05584 0.31520 0.21459 0.28638 0.26565 0.02638 0.01261 0.01510 0.05140 0.14012 0.02989 0.06274 0.03750 0.04154 0.05079 0.44163 0.18371 0.30779 0.33449 0.00000 0.00000
0.00000 0.00000 0.02600 0.17935 0.15506 0.18090 0.39860 0.03441 0.06613 0.25587 0.05295 0.05821 0.14252 0.08041 0.06713 0.06029 0.05019 0.04423 0.24303 0.16055 0.45382 0.17070 0.18587 0.00000 0.00000
0.00000 0.03371 0.08492 0.07556 0.06898 0.40626 0.39643 0.02818 0.02879 0.24857 0.22670 0.03326 0.08479 0.17493 0.41503 0.12797 0.11748 0.16456 0.26382 0.18204 0.53335 0.15319 0.00000 0.00000 0.00000
0.00000 0.03137 0.03063 0.07315 0.25951 0.39720 0.07200 0.08376 0.01995 0.08999 0.06932 0.00000 0.07592 0.17454 0.41229 0.34011 0.02816 0.03234 0.20627 0.20730 0.21263 0.00000 0.00000 0.00000 0.00000
0.03054 0.03045 0.03105 0.03232 0.27541 0.25645 0.07812 0.08672 0.00000 0.06129 0.07279 0.00000 0.03638 0.16614 0.38977 0.31396 0.03269 0.03785 0.19652 0.00000 0.00000 0.00000 0.00000 0.00000 0.00000
0.00000 0.03264 0.03447 0.03647 0.07323 0.03435 0.03190 0.03242 0.00000 0.00000 0.00000 0.00000 0.03882 0.03346 0.03374 0.08451 0.03804 0.03748 0.18535 0.00000 0.00000 0.00000 0.00000 0.00000 0.00000
0.00000 0.00000 0.00000 0.00000 0.03972 0.03481 0.03198 0.03232 0.00000 0.00000 0.00000 0.00000 0.04319 0.03886 0.03808 0.03976 0.03921 0.03816 0.03752 0.00000 0.00000 0.00000 0.00000 0.00000 0.00000
