# name=two_districts field=200x200 stride=8
25 25
0.00000 0.13417 0.33530 0.31490 0.67514 0.66464 0.67514 0.66464 0.67514 0.31282 0.27735 0.07056 0.17234 0.16526 0.50870 0.51103 0.52312 0.57142 0.62603 0.57402 0.26828 0.55792 0.63068 0.67209 0.22120
0.13417 0.34807 1.00000 0.93222 1.00000 0.89834 1.00000 0.89834 1.00000 0.95852 0.84474 0.22238 0.50303 0.47021 0.47308 0.53948 0.58324 0.60272 0.61160 0.59340 0.59209 0.63862 0.62419 0.62655 0.63444
0.33530 1.00000 0.95276 1.00000 0.96239 1.00000 0.96239 1.00000 0.98026 1.00000 0.86917 0.65258 0.60524 0.50581 0.53261 0.56906 0.60068 0.62492 0.62738 0.59811 0.59119 0.64003 0.60662 0.60987 0.60520
0.31490 0.93222 1.00000 1.00000 1.00000 1.00000 1.00000 1.00000 1.00000 1.00000 0.93897 0.72348 0.58072 0.53956 0.57313 0.59113 0.60234 0.61974 0.63177 0.63183 0.61996 0.62891 0.63479 0.62596 0.60916
0.67612 1.00000 0.96239 1.00000 0.97018 1.00000 0.97018 1.00000 0.98451 1.00000 0.92475 0.69346 0.57095 0.57034 0.61658 0.61187 0.62239 0.62824 0.62019 0.62375 0.62991 0.63164 0.62146 0.59679 0.54939
0.66464 0.89834 1.00000 1.00000 1.00000 1.00000 1.00000 1.00000 1.00000 1.00000 0.89960 0.66058 0.44868 0.57379 0.60926 0.61505 0.60952 0.61553 0.61945 0.62763 0.62650 0.63584 0.63930 0.61316 0.58753
0.67612 1.00000 0.96239 1.00000 0.97018 1.00000 0.97018 1.00000 0.98451 1.00000 0.90898 0.72729 0.49635 0.58110 0.63360 0.62041 0.62347 0.62520 0.60264 0.61885 0.61237 0.63457 0.62357 0.61115 0.59500
0.66464 0.89834 1.00000 1.00000 1.00000 1.00000 1.00000 1.00000 1.00000 1.00000 0.91557 0.71104 0.49135 0.53373 0.61037 0.60630 0.61227 0.63020 0.62069 0.62664 0.62682 0.63028 0.61495 0.60911 0.59850
0.67612 1.00000 0.96239 1.00000 0.97018 1.00000 0.97018 1.00000 0.98451 1.00000 0.97764 0.73726 0.46533 0.58808 0.60391 0.60917 0.62683 0.62158 0.61490 0.62070 0.62677 0.62156 0.61164 0.60549 0.58628
0.66464 0.89834 1.00000 1.00000 1.00000 1.00000 1.00000 1.00000 1.00000 1.00000 0.90390 0.66221 0.50828 0.60791 0.60834 0.62174 0.63597 0.62514 0.62934 0.62699 0.61310 0.62180 0.59646 0.59180 0.57390
0.67612 1.00000 0.96239 1.00000 0.97018 1.00000 0.97018 1.00000 0.98451 1.00000 0.90478 0.69967 0.50628 0.59277 0.58634 0.63326 0.62807 0.61943 0.62876 0.62406 0.63767 0.62928 0.61532 0.61561 0.59051
0.66464 0.89834 1.00000 1.00000 1.00000 1.00000 1.00000 1.00000 1.00000 1.00000 0.90460 0.70692 0.50443 0.53899 0.61945 0.64140 0.63671 0.62658 0.63574 0.61805 0.63028 0.61283 0.62720 0.61777 0.59824
0.67612 1.00000 0.96239 1.00000 0.97018 1.00000 0.97018 1.00000 0.98451 1.00000 0.97764 0.70627 0.42071 0.48829 0.56879 0.58981 0.61811 0.63361 0.64356 0.63385 0.63610 0.62537 0.62758 0.59070 0.58339
0.66464 0.89834 1.00000 1.00000 1.00000 1.00000 1.00000 1.00000 1.00000 1.00000 0.91659 0.67694 0.37134 0.58167 0.60645 0.61864 0.62509 0.63570 0.63770 0.62204 0.62992 0.62847 0.61381 0.58545 0.58576
0.67612 1.00000 0.96239 1.00000 0.97018 1.00000 0.97018 1.00000 0.98451 1.00000 0.91105 0.62197 0.47313 0.57036 0.56908 0.60861 0.62167 0.63519 0.63445 0.63601 0.63913 0.62706 0.63291 0.63358 0.63445
0.66464 0.89834 1.00000 1.00000 1.00000 1.00000 1.00000 1.00000 1.00000 1.00000 0.90218 0.72052 0.47092 0.54106 0.62873 0.63302 0.62781 0.63008 0.61396 0.62153 0.62732 0.63077 0.63865 0.61523 0.62555
0.67612 1.00000 0.96239 1.00000 0.97018 1.00000 0.97018 1.00000 0.98451 1.00000 0.97764 0.70168 0.47996 0.47043 0.60344 0.61521 0.61167 0.64033 0.62796 0.63002 0.62500 0.62232 0.64038 0.62188 0.62916
0.66464 0.89834 1.00000 1.00000 1.00000 1.00000 1.00000 1.00000 1.00000 1.00000 0.96735 0.70004 0.45630 0.53459 0.60474 0.58927 0.62049 0.63340 0.61727 0.63301 0.62213 0.62691 0.61852 0.60738 0.61548
0.67612 1.00000 0.96239 1.00000 0.97018 1.00000 0.97018 1.00000 0.98451 1.00000 0.92588 0.72315 0.24171 0.59084 0.61392 0.62860 0.64368 0.63322 0.61771 0.62222 0.60057 0.62065 0.62413 0.62494 0.62467
0.66464 0.89834 1.00000 1.00000 1.00000 1.00000 1.00000 1.00000 1.00000 1.00000 0.91086 0.73735 0.49168 0.59234 0.59686 0.64411 0.64192 0.63352 0.63653 0.62593 0.61355 0.62509 0.61243 0.64498 0.58151
0.67612 1.00000 0.98026 1.00000 0.98451 1.00000 0.98451 1.00000 1.00000 1.00000 0.94843 0.80435 0.47802 0.53927 0.63302 0.63818 0.63125 0.61802 0.63078 0.62650 0.62127 0.63241 0.62379 0.62217 0.60714
0.31282 0.95852 1.00000 1.00000 1.00000 1.00000 1.00000 1.00000 1.00000 1.00000 0.96094 0.80787 0.49203 0.46930 0.60331 0.60295 0.62889 0.63555 0.63766 0.62611 0.62948 0.61876 0.62839 0.61651 0.62527
0.35204 1.00000 0.97159 1.00000 0.97764 0.96735 0.97764 0.96735 1.00000 0.96094 1.00000 0.49912 0.52964 0.60093 0.63441 0.62554 0.65614 0.63678 0.62702 0.64416 0.63342 0.62185 0.60078 0.59556 0.57789
0.13827 0.35647 1.00000 0.92675 0.90428 0.89061 0.90428 0.89061 0.90428 0.95503 0.44579 0.40712 0.26567 0.64581 0.64430 0.63843 0.66122 0.63520 0.62634 0.62621 0.62975 0.61310 0.56215 0.55539 0.51023
0.00000 0.13417 0.12904 0.31490 0.31566 0.31490 0.31566 0.31490 0.31566 0.12808 0.29789 0.00000 0.27019 0.67358 0.67312 0.64449 0.59723 0.63295 0.61802 0.62431 0.63118 0.60011 0.55164 0.49699 0.39204
