# name=grid_streets_w2 field=200x200 stride=8
25 25
0.53751 0.53302 0.94260 1.00000 0.97080 0.97050 0.97352 0.98056 0.97839 0.97604 0.96883 0.97080 0.97050 0.97352 0.98056 0.97839 0.97604 0.96883 0.97080 0.97050 0.97352 0.93171 0.94746 0.53369 0.54189
0.53302 1.00000 1.00000 0.97984 1.00000 0.98923 1.00000 0.96760 0.96521 1.00000 0.99052 1.00000 0.98923 1.00000 0.96760 0.96521 1.00000 0.99052 1.00000 0.98923 1.00000 1.00000 0.95403 1.00000 0.53680
0.94260 1.00000 1.00000 0.98570 1.00000 0.99245 1.00000 1.00000 1.00000 1.00000 0.99338 1.00000 0.99245 1.00000 1.00000 1.00000 1.00000 0.99338 1.00000 0.99245 1.00000 1.00000 1.00000 1.00000 0.94274
1.00000 0.97984 0.98570 0.98689 1.00000 1.00000 1.00000 0.99291 0.99211 0.99124 0.99367 1.00000 1.00000 1.00000 0.99291 0.99211 0.99124 0.99367 1.00000 1.00000 1.00000 0.98659 0.98511 0.97943 0.93463
0.97080 1.00000 1.00000 1.00000 1.00000 1.00000 1.00000 1.00000 1.00000 1.00000 1.00000 1.00000 1.00000 1.00000 1.00000 1.00000 1.00000 1.00000 1.00000 1.00000 1.00000 1.00000 1.00000 1.00000 0.97048
0.97050 0.98923 0.99245 1.00000 1.00000 1.00000 1.00000 1.00000 1.00000 1.00000 0.99423 1.00000 1.00000 1.00000 1.00000 1.00000 1.00000 0.99423 1.00000 1.00000 1.00000 1.00000 0.99215 0.98902 0.93830
0.97352 1.00000 1.00000 1.00000 1.00000 1.00000 1.00000 1.00000 1.00000 1.00000 1.00000 1.00000 1.00000 1.00000 1.00000 1.00000 1.00000 1.00000 1.00000 1.00000 1.00000 1.00000 1.00000 1.00000 0.97322
0.98056 0.96760 1.00000 0.99291 1.00000 1.00000 1.00000 1.00000 1.00000 1.00000 1.00000 1.00000 1.00000 1.00000 1.00000 1.00000 1.00000 1.00000 1.00000 1.00000 1.00000 1.00000 1.00000 0.96695 0.98034
0.97839 0.96521 1.00000 0.99211 1.00000 1.00000 1.00000 1.00000 1.00000 1.00000 1.00000 1.00000 1.00000 1.00000 1.00000 1.00000 1.00000 1.00000 1.00000 1.00000 1.00000 1.00000 1.00000 0.96451 0.97815
0.97604 1.00000 1.00000 0.99124 1.00000 1.00000 1.00000 1.00000 1.00000 1.00000 1.00000 1.00000 1.00000 1.00000 1.00000 1.00000 1.00000 1.00000 1.00000 1.00000 1.00000 1.00000 1.00000 1.00000 0.97578
0.96883 0.99052 0.99338 0.99367 1.00000 0.99423 1.00000 1.00000 1.00000 1.00000 1.00000 1.00000 0.99423 1.00000 1.00000 1.00000 1.00000 1.00000 1.00000 0.99423 1.00000 1.00000 0.99312 0.99034 0.98236
0.97080 1.00000 1.00000 1.00000 1.00000 1.00000 1.00000 1.00000 1.00000 1.00000 1.00000 1.00000 1.00000 1.00000 1.00000 1.00000 1.00000 1.00000 1.00000 1.00000 1.00000 1.00000 1.00000 1.00000 0.97048
0.97050 0.98923 0.99245 1.00000 1.00000 1.00000 1.00000 1.00000 1.00000 1.00000 0.99423 1.00000 1.00000 1.00000 1.00000 1.00000 1.00000 0.99423 1.00000 1.00000 1.00000 1.00000 0.99215 0.98902 0.93830
0.97352 1.00000 1.00000 1.00000 1.00000 1.00000 1.00000 1.00000 1.00000 1.00000 1.00000 1.00000 1.00000 1.00000 1.00000 1.00000 1.00000 1.00000 1.00000 1.00000 1.00000 1.00000 1.00000 1.00000 0.97322
0.98056 0.96760 1.00000 0.99291 1.00000 1.00000 1.00000 1.00000 1.00000 1.00000 1.00000 1.00000 1.00000 1.00000 1.00000 1.00000 1.00000 1.00000 1.00000 1.00000 1.00000 1.00000 1.00000 0.96695 0.98034
0.97839 0.96521 1.00000 0.99211 1.00000 1.00000 1.00000 1.00000 1.00000 1.00000 1.00000 1.00000 1.00000 1.00000 1.00000 1.00000 1.00000 1.00000 1.00000 1.00000 1.00000 1.00000 1.00000 0.96451 0.97815
0.97604 1.00000 1.00000 0.99124 1.00000 1.00000 1.00000 1.00000 1.00000 1.00000 1.00000 1.00000 1.00000 1.00000 1.00000 1.00000 1.00000 1.00000 1.00000 1.00000 1.00000 1.00000 1.00000 1.00000 0.97578
0.96883 0.99052 0.99338 0.99367 1.00000 0.99423 1.00000 1.00000 1.00000 1.00000 1.00000 1.00000 0.99423 1.00000 1.00000 1.00000 1.00000 1.00000 1.00000 0.99423 1.00000 1.00000 0.99312 0.99034 0.98236
0.97080 1.00000 1.00000 1.00000 1.00000 1.00000 1.00000 1.00000 1.00000 1.00000 1.00000 1.00000 1.00000 1.00000 1.00000 1.00000 1.00000 1.00000 1.00000 1.00000 1.00000 1.00000 1.00000 1.00000 0.97048
0.97050 0.98923 0.99245 1.00000 1.00000 1.00000 1.00000 1.00000 1.00000 1.00000 0.99423 1.00000 1.00000 1.00000 1.00000 1.00000 1.00000 0.99423 1.00000 1.00000 1.00000 1.00000 0.99215 0.98902 0.93830
0.97352 1.00000 1.00000 1.00000 1.00000 1.00000 1.00000 1.00000 1.00000 1.00000 1.00000 1.00000 1.00000 1.00000 1.00000 1.00000 1.00000 1.00000 1.00000 1.00000 1.00000 1.00000 1.00000 1.00000 0.97322
0.93171 1.00000 1.00000 0.98659 1.00000 1.00000 1.00000 1.00000 1.00000 1.00000 1.00000 1.00000 1.00000 1.00000 1.00000 1.00000 1.00000 1.00000 1.00000 1.00000 1.00000 1.00000 1.00000 1.00000 0.93088
0.94746 0.95403 1.00000 0.98511 1.00000 0.99215 1.00000 1.00000 1.00000 1.00000 0.99312 1.00000 0.99215 1.00000 1.00000 1.00000 1.00000 0.99312 1.00000 0.99215 1.00000 1.00000 1.00000 0.95313 0.94674
0.53369 1.00000 1.00000 0.97943 1.00000 0.98902 1.00000 0.96695 0.96451 1.00000 0.99034 1.00000 0.98902 1.00000 0.96695 0.96451 1.00000 0.99034 1.00000 0.98902 1.00000 1.00000 0.95313 1.00000 0.53755
0.54189 0.53680 0.94274 0.93463 0.97048 0.93830 0.97322 0.98034 0.97815 0.97578 0.98236 0.97048 0.93830 0.97322 0.98034 0.97815 0.97578 0.98236 0.97048 0.93830 0.97322 0.93088 0.94674 0.53755 0.54240
