# name=row_only field=200x200 stride=8
25 25
0.00000 0.00000 0.33333 0.33333 0.56677 0.57839 0.55872 0.56777 0.56370 0.57298 0.56465 0.33333 0.59395 0.33333 0.33333 0.33333 0.33333 0.33333 0.33333 0.33333 0.33333 0.00000 0.00000 0.00000 0.00000
0.00000 0.00000 0.45829 0.48957 0.82600 0.63152 0.86361 0.85527 0.84357 0.86672 0.84753 0.63157 0.88936 0.61994 0.86557 0.68661 0.51443 0.91183 0.95528 0.67917 0.71165 0.27771 0.00000 0.00000 0.00000
0.00000 0.00000 0.41968 0.64003 0.81040 0.82618 0.93670 0.85760 0.94585 0.87132 0.84788 0.91336 0.88449 0.78229 0.89624 0.83894 0.78221 0.90168 0.93337 0.70952 0.68892 0.70622 0.00000 0.00000 0.00000
0.00000 0.00000 0.37443 0.91700 0.90123 0.94134 0.90068 0.86099 0.93739 0.93836 0.92159 0.95759 0.92796 0.84053 0.85817 0.74050 0.75539 0.93073 0.85524 0.85452 0.61328 0.61570 0.40564 0.00000 0.00000
0.00000 0.30182 0.29321 0.91300 0.87200 0.95671 0.90483 0.89184 0.93436 0.93142 0.94798 0.93759 0.90725 0.92049 0.89972 0.83709 0.80800 0.80169 0.86247 0.83810 0.76227 0.40366 0.41431 0.00000 0.00000
0.00000 0.37676 0.55211 0.87947 0.87135 0.87929 0.87583 0.91181 0.94828 0.93899 0.89267 0.87817 0.86934 0.89371 0.82814 0.82654 0.86327 0.80437 0.82982 0.83820 0.70466 0.67323 0.42622 0.08432 0.00000
0.13545 0.40451 0.40024 0.84888 0.85899 0.96549 0.86673 0.90194 0.95725 0.97207 0.97350 0.92847 0.83546 0.89689 0.90137 0.88696 0.91781 0.93874 0.94801 0.93511 0.89560 0.88192 0.29066 0.11900 0.12487
0.00000 0.41683 0.59914 0.79248 0.85884 0.96364 0.81460 0.91919 0.93785 0.94622 0.95919 0.85825 0.89604 0.91032 0.84480 0.91475 0.87139 0.94538 0.96989 0.89505 0.90752 0.85617 0.38341 0.43048 0.16667
0.21278 0.39631 0.77494 0.88434 0.86216 0.96314 0.92299 0.91973 0.88297 0.90910 0.93480 0.92678 0.92275 0.92421 0.92871 0.92228 0.93144 0.98702 0.91710 0.98363 1.00000 1.00000 0.83516 0.64647 0.00000
0.24802 0.25482 0.89773 0.86734 0.86491 0.93480 0.92934 0.89683 0.92317 0.91870 0.94187 0.92089 0.93032 0.94635 0.93299 0.94721 0.92346 0.95950 0.94713 0.96997 0.98447 0.91897 0.90034 0.63925 0.00000
0.16667 0.48953 0.89547 0.94471 0.88719 0.92872 0.91105 0.89973 0.90761 0.92706 0.95848 0.93030 0.93426 0.91895 0.89587 0.94999 0.87075 0.91544 0.90333 0.91162 0.93257 0.95453 0.77489 0.78366 0.21240
0.50238 0.50223 0.88266 0.93744 0.92553 0.91538 0.91892 0.94937 0.95326 0.93079 0.94146 0.90284 0.95145 0.95938 0.89230 0.90965 0.88995 0.93561 0.93462 0.92243 0.94685 0.93083 0.89706 0.78492 0.24833
0.16667 0.43548 0.83824 0.84404 0.91225 0.93240 0.92877 0.92354 0.92193 0.88349 0.93015 0.85483 0.94893 0.90712 0.90481 0.89084 0.85321 0.89358 0.92717 0.88147 0.88952 0.92875 0.88154 0.87580 0.16667
0.12811 0.39354 0.58938 0.84296 0.94655 0.97101 0.93432 0.98093 0.98609 0.92207 0.96248 0.95056 0.98101 1.00000 0.94291 0.93070 0.91530 0.93936 0.92372 0.94536 0.89701 0.88343 0.84992 0.83465 0.49625
0.00000 0.11952 0.48494 0.84987 0.93914 0.89793 0.88694 0.91785 0.96425 0.91522 0.90277 0.92232 0.91308 0.93853 0.91130 0.83161 0.89507 0.90446 0.91587 0.92393 0.82875 0.86600 0.83680 0.78568 0.48220
0.00000 0.00000 0.67744 0.79828 0.87452 0.89622 0.85359 0.90705 0.89929 0.90440 0.94421 0.94432 0.90498 0.95510 0.90611 0.83923 0.95432 0.95473 0.88820 0.94932 0.90950 0.80762 0.76990 0.37399 0.16667
0.00000 0.00000 0.35326 0.81417 0.80295 0.90949 0.89768 0.88738 0.90464 0.87738 0.89034 0.92972 0.97215 0.95520 0.86099 0.86901 0.96536 0.94493 0.94184 0.94466 0.88871 0.87686 0.73008 0.13018 0.13439
0.00000 0.00000 0.46838 0.73635 0.75817 0.90132 0.88051 0.80499 0.90452 0.97984 0.90972 0.94778 0.92664 0.93216 0.95755 0.92071 0.90819 0.82533 0.89268 0.94220 0.86369 0.73047 0.45277 0.18941 0.00000
0.00000 0.20431 0.49821 0.53848 0.81382 0.88461 0.90733 0.89485 0.89669 0.96422 0.95797 0.93171 0.93200 0.96072 0.95384 0.88033 0.83790 0.84929 0.89176 0.76330 0.83926 0.86127 0.26401 0.24481 0.22252
0.13140 0.56377 0.82952 0.87795 0.93065 0.90091 0.88733 0.83485 0.85922 0.86963 0.85505 0.86570 0.82657 0.85854 0.90332 0.87048 0.88339 0.79022 0.88426 0.86415 0.85487 0.88988 0.62688 0.33333 0.33333
0.14390 0.58894 0.88938 0.94931 0.97475 0.98385 0.96019 0.90906 0.83527 0.84763 0.95513 0.79639 0.84281 0.88842 0.83561 0.93016 0.86972 0.79347 0.85531 0.89858 0.87717 0.83944 0.68605 0.55380 0.00000
0.16667 1.00000 0.95130 0.95256 0.98865 0.97075 0.96797 0.90952 0.89201 0.79460 0.91159 0.75020 0.81832 0.85668 0.86650 0.89495 0.87655 0.84447 0.87997 0.88731 0.86483 0.65277 0.51055 0.16667 0.16667
0.16667 0.52122 1.00000 1.00000 1.00000 0.94180 0.97063 0.94814 0.94916 0.82788 0.45538 0.57735 0.83533 0.84106 0.87154 0.92378 0.92379 0.87673 0.90786 0.66827 0.69655 0.71399 0.16667 0.16667 0.00000
0.16667 0.55607 0.52880 1.00000 0.89555 0.93213 1.00000 0.87338 0.95924 0.28632 0.51435 0.28858 0.51672 0.51281 0.87571 0.92760 0.74499 0.87792 0.61763 0.68522 0.71979 0.16667 0.16667 0.00000 0.00000
0.00000 0.00000 0.33333 0.33333 0.58220 0.58135 0.33333 0.59085 0.33333 0.33333 0.60119 0.33333 0.58958 0.33333 0.33333 0.57839 0.57193 0.33333 0.58756 0.33333 0.33333 0.00000 0.00000 0.00000 0.00000
