# name=grid_mixed_sizes field=200x200 stride=8
25 25
0.00000 0.00000 0.00000 0.00000 0.00000 0.00000 0.00000 0.00000 0.00000 0.00000 0.00000 0.00000 0.00000 0.00000 0.00000 0.00000 0.00000 0.00000 0.00000 0.00000 0.59889 0.00000 0.00000 0.00000 0.00000
0.00000 0.00000 0.00000 0.00000 0.00000 0.00000 0.20722 0.22849 0.23446 0.26659 0.56741 0.00000 0.48175 0.00000 0.44442 0.00000 0.00000 0.00000 0.39997 0.58108 0.59486 0.55672 0.95245 0.00000 0.00000
0.00000 0.00000 0.55107 0.00000 0.26474 0.15704 0.20698 0.37629 0.63245 0.58648 0.87021 0.86727 0.96327 0.90449 0.81631 0.50192 0.40957 0.73582 0.50808 0.56948 0.91630 0.93378 0.91738 0.92186 0.00000
0.00000 0.55107 0.91961 0.87022 0.81550 0.52416 0.71394 0.75333 0.79193 0.84978 0.85459 0.92165 0.92363 0.88617 0.85131 0.86741 0.74772 0.81973 0.79154 0.92965 0.90735 0.94547 0.93493 0.87166 0.00000
0.00000 0.45212 0.91200 0.86533 0.78726 0.72250 0.72634 0.87473 0.77486 0.80569 0.85180 0.94356 0.91728 0.89124 0.86411 0.79683 0.77414 0.82847 0.82852 0.94408 0.96353 0.93203 0.88873 0.64635 0.00000
0.00000 0.50995 0.88218 0.86043 0.85643 0.69248 0.75098 0.86154 0.55592 0.84009 0.85368 0.58814 0.90603 0.89949 0.72010 0.80918 0.68160 0.87239 0.89982 0.86738 0.93344 0.81243 0.62625 0.63444 0.00000
0.51496 0.50243 0.95642 0.96065 0.92367 0.82700 0.83222 0.56301 0.75607 0.78585 0.79742 0.42936 0.80297 0.79804 0.82725 0.77323 0.91392 0.96706 0.92931 0.89310 0.83612 0.78580 0.59277 0.23959 0.00000
0.00000 1.00000 1.00000 1.00000 0.96877 0.93775 0.78899 0.80694 0.81146 0.85164 0.91134 0.76848 0.80704 0.78942 0.81779 0.74933 0.66527 0.55831 0.78013 0.83443 0.78670 0.74341 0.52091 0.20150 0.00000
0.00000 1.00000 1.00000 0.95798 0.90289 0.80023 0.80953 0.61017 0.85485 0.84038 0.95721 0.78041 0.81616 0.76712 0.77273 0.79589 0.23735 0.55074 0.54830 0.75128 0.46692 0.48308 0.49380 0.00000 0.00000
0.56648 0.54105 1.00000 0.87223 0.53768 0.82844 0.51952 0.54166 0.78325 0.82706 0.77593 0.53396 0.51729 0.43094 0.14289 0.60395 0.24293 0.59050 0.82253 0.78810 0.53689 0.54410 0.24093 0.00000 0.00000
0.00000 0.46274 0.46134 0.38515 0.45574 0.72033 0.53360 0.53700 0.75677 0.77420 0.42672 0.53200 0.72160 0.71340 0.36374 0.41329 0.78210 0.81800 0.47242 0.81646 0.57735 0.54830 0.57735 0.00000 0.00000
0.00000 0.42693 0.38270 0.33896 0.46059 0.62412 0.76842 0.43444 0.39000 0.64240 0.58732 0.75298 0.79216 0.81054 0.68329 0.36863 0.77412 0.74894 0.82636 0.30247 0.51190 0.50491 0.24998 0.00000 0.00000
0.00000 0.00000 0.32922 0.26195 0.00000 0.49300 0.43634 0.87404 0.83710 0.75366 0.80356 0.82955 0.72697 0.68143 0.67070 0.86124 0.19843 0.59888 0.50473 0.48200 0.46775 0.11595 0.12497 0.00000 0.00000
0.00000 0.00000 0.00000 0.23866 0.25848 0.70005 0.81296 0.91870 0.89412 0.82667 0.78458 0.83165 0.79341 0.23452 0.30155 0.00000 0.18881 0.11009 0.27708 0.33333 0.33333 0.48676 0.10606 0.00000 0.00000
0.00000 0.00000 0.00000 0.22504 0.31715 0.33625 0.87639 0.87241 0.61033 0.60207 0.69385 0.65744 0.79955 0.69491 0.76758 0.51581 0.55850 0.41534 0.64015 0.28144 0.47121 0.47913 0.00000 0.00000 0.00000
0.00000 0.00000 0.26474 0.24747 0.23452 0.35544 0.00000 0.24242 0.26043 0.67500 0.49366 0.71133 0.84061 0.80650 0.78693 0.69628 0.50459 0.60409 0.68923 0.72120 0.54410 0.24093 0.00000 0.00000 0.00000
0.00000 0.00000 0.00000 0.25478 0.24055 0.66082 0.23649 0.52555 0.51675 0.72155 0.48718 0.71526 0.72782 0.78946 0.78678 0.55356 0.60598 0.37847 0.71865 0.78861 0.57735 0.57735 0.00000 0.00000 0.00000
0.00000 0.00000 0.00000 0.24187 0.77923 0.72981 0.71786 0.48403 0.50604 0.21155 0.81458 0.70869 0.42264 0.39240 0.86651 0.56883 0.81639 0.79458 0.75820 0.75403 0.55191 0.27289 0.00000 0.00000 0.00000
0.00000 0.00000 0.00000 0.00000 0.84406 0.77339 0.26079 0.44586 0.49422 0.40344 0.83461 0.86087 0.95306 0.91992 0.92077 0.91960 0.91577 0.86108 0.80449 0.85710 0.57735 0.57735 0.00000 0.00000 0.00000
0.00000 0.00000 0.00000 0.65124 0.58715 0.00000 0.34262 0.60676 0.49366 0.83504 0.89593 0.93928 0.96351 0.95363 0.92047 0.93161 0.96359 0.89847 0.93925 0.84140 0.80842 0.57735 0.00000 0.00000 0.00000
0.00000 0.00000 0.22848 0.21443 0.29029 0.46841 0.32444 0.62169 0.66978 0.71526 0.89578 0.84343 0.93994 0.91048 0.86201 0.96091 0.90528 0.93156 0.87540 0.95326 0.84380 0.70339 0.00000 0.00000 0.00000
0.00000 0.00000 0.25720 0.23334 0.26935 0.42233 0.21191 0.22106 0.72979 0.70869 0.42276 0.39240 0.00000 0.30879 0.39188 0.83310 0.91147 0.92165 0.90806 0.83164 0.39840 0.32246 0.00000 0.00000 0.00000
0.00000 0.29423 0.27263 0.24093 0.19265 0.17324 0.22653 0.23373 0.22861 0.00000 0.00000 0.00000 0.00000 0.31522 0.51709 0.84113 0.93160 0.96862 0.93964 0.60537 0.40307 0.00000 0.00000 0.00000 0.00000
0.00000 0.00000 0.00000 0.00000 0.00000 0.00000 0.00000 0.00000 0.00000 0.00000 0.00000 0.00000 0.00000 0.00000 0.40648 0.60709 0.93943 1.00000 0.63408 0.62149 0.00000 0.00000 0.00000 0.00000 0.00000
0.00000 0.00000 0.00000 0.00000 0.00000 0.00000 0.00000 0.00000 0.00000 0.00000 0.00000 0.00000 0.00000 0.00000 0.00000 0.00000 0.00000 0.00000 0.00000 0.00000 0.00000 0.00000 0.00000 0.00000 0.00000
