# name=mixed_regions field=200x200 stride=8
25 25
0.00000 0.00000 0.50295 0.00000 0.45557 0.00000 0.45557 0.00000 0.45557 0.00000 0.52806 0.00000 0.00000 0.00000 0.00000 0.00000 0.00000 0.00000 0.00000 0.00000 0.00000 0.00000 0.00000 0.00000 0.00000
0.00000 0.52211 1.00000 0.93222 1.00000 0.89834 1.00000 0.89834 1.00000 0.95852 1.00000 0.53470 0.44965 0.00000 0.00000 0.00000 0.00000 0.00000 0.00000 0.00000 0.00000 0.00000 0.00000 0.00000 0.00000
0.50295 1.00000 0.95276 1.00000 0.96239 1.00000 0.96239 1.00000 0.98026 1.00000 0.97159 1.00000 0.44372 0.35436 0.00000 0.00000 0.00000 0.00000 0.00000 0.00000 0.07529 0.45704 0.56347 0.26448 0.15704
0.00000 0.93222 1.00000 1.00000 1.00000 1.00000 1.00000 1.00000 1.00000 1.00000 1.00000 0.89632 0.42303 0.34345 0.00000 0.00000 0.00000 0.00000 0.00000 0.05399 0.07544 0.45963 0.56758 0.62234 0.46813
0.45557 1.00000 0.96239 1.00000 0.97018 1.00000 0.97018 1.00000 0.98451 1.00000 0.97764 0.90428 0.40420 0.17966 0.00000 0.00000 0.00000 0.00000 0.00000 0.00000 0.36869 0.47510 0.56564 0.60375 0.46458
0.00000 0.89834 1.00000 1.00000 1.00000 1.00000 1.00000 1.00000 1.00000 1.00000 0.96735 0.89061 0.20846 0.30410 0.00000 0.00000 0.20186 0.00000 0.00000 0.00000 0.36707 0.65221 0.76109 0.63802 0.45798
0.45557 1.00000 0.96239 1.00000 0.97018 1.00000 0.97018 1.00000 0.98451 1.00000 0.97764 0.90428 0.19751 0.29288 0.00000 0.36831 0.28280 0.35250 0.00000 0.00000 0.27362 0.61056 0.58996 0.61195 0.63577
0.00000 0.89834 1.00000 1.00000 1.00000 1.00000 1.00000 1.00000 1.00000 1.00000 0.96735 0.89559 0.39517 0.15167 0.00000 0.14317 0.16040 0.16666 0.08238 0.20306 0.00000 0.32657 0.37825 0.39937 0.40578
0.45557 1.00000 0.96239 1.00000 0.97018 1.00000 0.97018 1.00000 0.98451 1.00000 0.97764 0.82242 0.48818 0.33493 0.00000 0.00000 0.00000 0.17230 0.21177 0.23469 0.14666 0.00000 0.29221 0.31019 0.00000
0.00000 0.89834 1.00000 1.00000 1.00000 1.00000 1.00000 1.00000 1.00000 1.00000 0.96735 0.84235 0.52426 0.30495 0.25452 0.38103 0.39438 0.38939 0.00000 0.27478 0.28094 0.00000 0.00000 0.00000 0.00000
0.45557 1.00000 0.96239 1.00000 0.97018 1.00000 0.97018 1.00000 0.98451 1.00000 0.95310 0.83603 0.52205 0.54780 0.28512 0.41416 0.43231 0.61271 0.42221 0.29578 0.29302 0.00000 0.00000 0.00000 0.00000
0.00000 0.89834 1.00000 1.00000 1.00000 1.00000 1.00000 1.00000 1.00000 1.00000 0.94351 0.82958 0.67222 0.57012 0.29790 0.31380 0.43805 0.69318 0.46559 0.17234 0.17222 0.00000 0.00000 0.00000 0.00000
0.45557 1.00000 0.96239 1.00000 0.97018 1.00000 0.97018 1.00000 0.98451 1.00000 0.97764 0.89103 0.50136 0.23822 0.00000 0.18459 0.15363 0.62620 0.44053 0.78707 0.36244 0.19391 0.20511 0.19891 0.00000
0.00000 0.89834 1.00000 1.00000 1.00000 1.00000 1.00000 1.00000 1.00000 1.00000 0.96735 0.88188 0.39619 0.19306 0.08144 0.08063 0.21802 0.14142 0.70545 0.78603 0.45692 0.43543 0.23651 0.08587 0.00000
0.45557 1.00000 0.96239 1.00000 0.97018 1.00000 0.97018 1.00000 0.98451 1.00000 0.97764 0.85280 0.19792 0.54539 0.10719 0.09291 0.07610 0.14426 0.19798 0.18613 0.53437 0.19891 0.10693 0.09450 0.00000
0.00000 0.89834 1.00000 1.00000 1.00000 1.00000 1.00000 1.00000 1.00000 1.00000 0.96735 0.82299 0.21150 0.62806 0.19261 0.16534 0.13851 0.10614 0.13595 0.18122 0.48654 0.52322 0.51788 0.21684 0.21763
0.45557 1.00000 0.96239 1.00000 0.97018 1.00000 0.97018 1.00000 0.98451 1.00000 0.97764 0.82257 0.21123 0.61686 0.12245 0.10284 0.08400 0.06357 0.00000 0.17746 0.21384 0.38067 0.20299 0.20270 0.20427
0.00000 0.89834 1.00000 1.00000 1.00000 1.00000 1.00000 1.00000 1.00000 1.00000 0.96735 0.82647 0.20402 0.70287 0.20335 0.18271 0.15176 0.12933 0.29346 0.34065 0.33031 0.30438 0.00000 0.00000 0.00000
0.45557 1.00000 0.96239 1.00000 0.97018 1.00000 0.97018 1.00000 0.98451 1.00000 0.97764 0.90276 0.65296 0.43146 0.16656 0.54361 0.51776 0.12259 0.07243 0.54195 0.39300 0.00000 0.00000 0.00000 0.00000
0.00000 0.89834 1.00000 1.00000 1.00000 1.00000 1.00000 1.00000 1.00000 1.00000 0.96735 0.85911 0.67316 0.42383 0.52420 0.61984 0.59205 0.35852 0.11788 0.42239 0.16960 0.00000 0.00000 0.00000 0.00000
0.45557 1.00000 0.98026 1.00000 0.98451 1.00000 0.98451 1.00000 1.00000 1.00000 1.00000 0.81549 0.19474 0.43171 0.42198 0.41379 0.41189 0.38212 0.36897 0.19460 0.20735 0.21253 0.00000 0.00000 0.00000
0.00000 0.95852 1.00000 1.00000 1.00000 1.00000 1.00000 1.00000 1.00000 1.00000 0.96094 0.85094 0.21163 0.16062 0.43337 0.42878 0.40072 0.36678 0.37390 0.22098 0.22800 0.00000 0.00000 0.00000 0.00000
0.52806 1.00000 0.97159 1.00000 0.97764 0.96735 0.97764 0.96735 1.00000 0.96094 1.00000 0.46861 0.22682 0.00000 0.00000 0.43555 0.39014 0.00000 0.00000 0.22400 0.24305 0.00000 0.00000 0.00000 0.00000
0.00000 0.53470 1.00000 0.92675 0.90428 0.89061 0.90428 0.89061 0.90428 0.95503 0.52318 0.55026 0.00000 0.00000 0.00000 0.00000 0.00000 0.00000 0.00000 0.00000 0.00000 0.00000 0.00000 0.00000 0.00000
0.00000 0.00000 0.00000 0.00000 0.00000 0.00000 0.00000 0.00000 0.00000 0.00000 0.00000 0.00000 0.00000 0.00000 0.00000 0.00000 0.00000 0.00000 0.00000 0.00000 0.00000 0.00000 0.00000 0.00000 0.00000
