# name=grid_streets_mixed field=200x200 stride=8
25 25
0.36873 0.35095 1.00000 0.91642 0.93186 0.91921 0.88932 0.90786 0.87903 0.88517 0.87085 0.94224 0.86523 0.95941 0.85208 0.85848 0.96294 0.88242 0.88802 0.89591 0.49367 0.95018 1.00000 0.36021 0.15361
0.34834 1.00000 0.96862 1.00000 0.97365 1.00000 0.96803 0.97578 0.96606 0.97351 1.00000 0.95007 1.00000 0.94735 1.00000 1.00000 0.96811 0.96231 0.97533 0.96243 1.00000 0.95701 1.00000 1.00000 0.15258
0.95391 0.96009 0.97746 0.97160 0.98079 1.00000 1.00000 0.98225 1.00000 1.00000 1.00000 1.00000 1.00000 1.00000 1.00000 1.00000 1.00000 1.00000 0.95554 1.00000 0.97113 1.00000 0.96384 0.95699 0.15204
0.53521 1.00000 0.97715 1.00000 0.98086 1.00000 0.97671 0.98242 1.00000 0.98075 1.00000 0.96336 1.00000 0.98687 1.00000 1.00000 1.00000 1.00000 0.98208 1.00000 1.00000 1.00000 1.00000 1.00000 0.36465
0.93000 0.97588 0.97832 0.98241 0.96566 0.98324 0.98442 0.96913 0.98568 0.98556 1.00000 0.98657 1.00000 0.98650 0.98690 0.98701 0.98614 1.00000 0.96799 1.00000 0.98266 1.00000 0.97819 0.93452 0.35933
0.50182 1.00000 0.97604 1.00000 0.97932 1.00000 0.97558 0.98155 1.00000 0.97980 1.00000 0.96161 1.00000 0.98628 1.00000 1.00000 1.00000 1.00000 0.98120 1.00000 1.00000 1.00000 1.00000 0.92533 0.35159
0.51507 1.00000 0.97673 1.00000 0.97997 1.00000 1.00000 0.98209 1.00000 0.98040 1.00000 0.96270 1.00000 1.00000 1.00000 1.00000 1.00000 1.00000 0.98175 1.00000 1.00000 1.00000 1.00000 0.93117 0.34523
0.68464 0.94164 0.97636 1.00000 0.97969 1.00000 1.00000 0.98180 1.00000 0.98008 1.00000 0.96211 1.00000 1.00000 1.00000 1.00000 1.00000 1.00000 0.98146 1.00000 1.00000 1.00000 1.00000 0.93724 0.35251
0.70942 1.00000 0.97555 1.00000 0.97889 1.00000 0.97508 0.98117 1.00000 0.97939 1.00000 0.96085 1.00000 0.98600 1.00000 1.00000 1.00000 1.00000 0.98082 1.00000 1.00000 1.00000 1.00000 0.92363 0.36248
0.94119 0.92405 0.97802 0.98170 0.96485 0.98257 0.98382 0.96738 0.98470 0.98450 1.00000 0.98601 1.00000 0.98593 0.98635 0.98610 0.98555 1.00000 0.96710 1.00000 0.94419 1.00000 0.97722 0.94505 0.36506
0.71878 1.00000 0.97622 1.00000 0.98007 1.00000 0.97576 0.98169 0.97425 0.97996 1.00000 0.96189 1.00000 0.98632 1.00000 1.00000 0.97582 1.00000 0.98134 0.97146 1.00000 0.96727 1.00000 1.00000 0.36649
0.90298 0.91510 1.00000 0.97425 1.00000 1.00000 1.00000 1.00000 1.00000 1.00000 1.00000 1.00000 1.00000 1.00000 1.00000 1.00000 1.00000 1.00000 0.97739 1.00000 0.93738 1.00000 0.96801 0.90899 0.35681
0.43016 1.00000 0.97708 1.00000 0.98079 1.00000 0.97664 0.98236 0.97518 0.98069 1.00000 0.96324 1.00000 0.98712 1.00000 1.00000 0.97670 1.00000 0.98203 0.97249 1.00000 0.96844 1.00000 1.00000 0.36417
0.89532 0.90826 1.00000 1.00000 1.00000 1.00000 1.00000 1.00000 1.00000 1.00000 1.00000 1.00000 1.00000 1.00000 1.00000 1.00000 1.00000 1.00000 1.00000 1.00000 0.93213 1.00000 1.00000 0.90173 0.78981
0.42550 1.00000 0.97750 1.00000 0.98115 1.00000 0.97706 0.98268 1.00000 0.98104 1.00000 0.96390 1.00000 0.98736 1.00000 1.00000 1.00000 1.00000 0.98236 1.00000 1.00000 1.00000 1.00000 1.00000 0.36946
0.90344 0.91552 1.00000 0.97768 0.97954 0.97873 0.98024 1.00000 1.00000 1.00000 1.00000 0.98292 1.00000 1.00000 1.00000 1.00000 0.98236 1.00000 0.98044 1.00000 0.97793 1.00000 0.97229 0.90943 0.36553
0.51261 1.00000 0.97624 1.00000 0.98009 1.00000 0.97579 0.98171 1.00000 0.97998 1.00000 0.96193 1.00000 0.98636 1.00000 1.00000 1.00000 1.00000 0.98136 1.00000 1.00000 1.00000 1.00000 0.91101 0.32823
0.88924 0.90280 0.98028 1.00000 0.98281 1.00000 1.00000 0.98448 1.00000 1.00000 1.00000 1.00000 1.00000 1.00000 1.00000 1.00000 1.00000 1.00000 0.98411 1.00000 0.97085 1.00000 1.00000 0.89595 0.68211
0.35752 1.00000 0.97739 1.00000 0.98106 1.00000 0.97696 0.98260 1.00000 0.98095 1.00000 0.96373 1.00000 0.98699 1.00000 1.00000 1.00000 1.00000 0.98227 1.00000 1.00000 1.00000 1.00000 1.00000 0.22668
0.90533 0.91719 0.97957 0.97811 0.96144 0.97914 0.98063 0.98401 1.00000 1.00000 1.00000 0.98325 1.00000 0.98806 1.00000 1.00000 0.98270 1.00000 0.96386 1.00000 0.97835 1.00000 0.97280 0.91121 0.22256
0.46746 1.00000 0.97759 1.00000 0.98122 1.00000 1.00000 0.98275 1.00000 0.98112 1.00000 0.96404 1.00000 0.98716 1.00000 1.00000 1.00000 1.00000 0.98243 1.00000 1.00000 1.00000 1.00000 0.91633 0.30108
0.91541 1.00000 0.97863 1.00000 0.98154 1.00000 1.00000 0.98356 1.00000 1.00000 1.00000 1.00000 1.00000 1.00000 1.00000 1.00000 1.00000 1.00000 0.98325 1.00000 1.00000 1.00000 1.00000 0.92075 0.30255
0.33735 0.96592 0.94765 0.97581 0.95463 0.97692 0.95047 0.95811 0.97996 0.95623 0.98137 0.93688 1.00000 0.96628 0.98172 1.00000 0.98058 1.00000 0.95658 0.98067 0.97541 0.97737 0.96915 0.96325 0.15297
0.36367 1.00000 0.96487 0.91926 0.90550 0.92196 0.88806 0.97284 0.96202 0.97031 0.94872 0.94428 0.94544 0.94127 0.95187 0.95142 0.96429 0.88619 0.97234 0.89933 1.00000 0.95196 1.00000 0.35596 0.15384
0.00000 0.12398 0.11721 0.31523 0.32351 0.35037 0.73999 0.34425 0.75748 0.35736 0.71653 0.33925 0.63798 0.61175 0.61540 0.61922 0.61401 0.65087 0.30251 0.64534 0.31921 0.32448 0.13775 0.14205 0.00000
