# name=grid_sheared field=200x200 stride=8
25 25
0.74782 0.79302 0.82666 0.83043 0.87309 0.86178 0.89480 0.86178 0.89480 0.86178 0.89480 0.86178 0.89480 0.86178 0.89480 0.86178 0.89480 0.86178 0.89480 0.86178 0.89480 0.89475 0.89473 0.89464 0.13060
0.79927 0.78703 0.86297 0.81312 0.87949 0.84877 0.87706 0.84877 0.87706 0.84877 0.87706 0.84877 0.87706 0.84877 0.87706 0.84877 0.87706 0.84877 0.87706 0.84877 0.87706 0.87304 0.87301 0.86159 0.67284
0.79041 0.86074 0.87255 0.88317 0.87442 0.89369 0.87352 0.89369 0.87352 0.89369 0.87352 0.89369 0.87352 0.89369 0.87352 0.89369 0.87352 0.89369 0.87352 0.89369 0.87352 0.89365 0.86952 0.89359 0.68033
0.86547 0.83751 0.86463 0.87420 0.87801 0.88043 0.87761 0.88043 0.87761 0.88043 0.87761 0.88043 0.87761 0.88043 0.87761 0.88043 0.87761 0.88043 0.87761 0.88043 0.87761 0.89311 0.87481 0.89294 0.80424
0.79939 0.88319 0.88703 0.89296 0.87492 0.89281 0.87487 0.89281 0.87487 0.89281 0.87487 0.89281 0.87487 0.89281 0.87487 0.89281 0.87487 0.89281 0.87487 0.89281 0.87487 0.89281 0.87286 0.86950 0.89287
0.74417 0.87176 0.87370 0.89266 0.87633 0.87862 0.87633 0.87862 0.87633 0.87862 0.87633 0.87862 0.87633 0.87862 0.87633 0.87862 0.87633 0.87862 0.87633 0.87862 0.87633 0.87862 0.87490 0.87486 0.81106
0.78638 0.81662 0.86417 0.86111 0.89267 0.85659 0.89267 0.85659 0.89267 0.85659 0.89267 0.85659 0.89267 0.85659 0.89267 0.85659 0.89267 0.85659 0.89267 0.85659 0.89267 0.85659 0.89265 0.84991 0.87285
0.69526 0.81987 0.84666 0.85088 0.87949 0.87693 0.87949 0.87693 0.87949 0.87693 0.87949 0.87693 0.87949 0.87693 0.87949 0.87693 0.87949 0.87693 0.87949 0.87693 0.87949 0.87699 0.89290 0.88652 0.83031
0.67776 0.79688 0.84557 0.85243 0.87856 0.87679 0.89266 0.87679 0.89266 0.87679 0.89266 0.87679 0.89266 0.87679 0.89266 0.87679 0.89266 0.87679 0.89266 0.87679 0.89266 0.87724 0.88553 0.86224 0.85070
0.75886 0.82516 0.86360 0.84627 0.87998 0.87633 0.87862 0.87633 0.87862 0.87633 0.87862 0.87633 0.87862 0.87633 0.87862 0.87633 0.87862 0.87633 0.87862 0.87633 0.87862 0.87171 0.86650 0.85232 0.81843
0.78504 0.84093 0.85397 0.88201 0.85746 0.89267 0.85659 0.89267 0.85659 0.89267 0.85659 0.89267 0.85659 0.89267 0.85659 0.89267 0.85659 0.89267 0.85659 0.89267 0.85659 0.87840 0.82219 0.86167 0.74890
0.86378 0.83579 0.86340 0.87336 0.87733 0.87949 0.87693 0.87949 0.87693 0.87949 0.87693 0.87949 0.87693 0.87949 0.87693 0.87949 0.87693 0.87949 0.87693 0.87949 0.87693 0.87631 0.85024 0.84100 0.79310
0.80101 0.88301 0.87476 0.89281 0.87684 0.89266 0.87679 0.89266 0.87679 0.89266 0.87679 0.89266 0.87679 0.89266 0.87679 0.89266 0.87679 0.89266 0.87679 0.89266 0.87679 0.89266 0.84810 0.85863 0.81650
0.74417 0.87176 0.87370 0.89266 0.87633 0.87862 0.87633 0.87862 0.87633 0.87862 0.87633 0.87862 0.87633 0.87862 0.87633 0.87862 0.87633 0.87862 0.87633 0.87862 0.87633 0.87862 0.85947 0.84389 0.81305
0.78638 0.81662 0.86417 0.86111 0.89267 0.85659 0.89267 0.85659 0.89267 0.85659 0.89267 0.85659 0.89267 0.85659 0.89267 0.85659 0.89267 0.85659 0.89267 0.85659 0.89267 0.85659 0.89265 0.84991 0.87068
0.69526 0.81987 0.84666 0.85088 0.87949 0.87693 0.87949 0.87693 0.87949 0.87693 0.87949 0.87693 0.87949 0.87693 0.87949 0.87693 0.87949 0.87693 0.87949 0.87693 0.87949 0.87699 0.89290 0.88652 0.83031
0.67776 0.79688 0.84557 0.85243 0.87856 0.87679 0.89266 0.87679 0.89266 0.87679 0.89266 0.87679 0.89266 0.87679 0.89266 0.87679 0.89266 0.87679 0.89266 0.87679 0.89266 0.87724 0.88553 0.86224 0.85070
0.75886 0.82516 0.86360 0.84627 0.87998 0.87633 0.87862 0.87633 0.87862 0.87633 0.87862 0.87633 0.87862 0.87633 0.87862 0.87633 0.87862 0.87633 0.87862 0.87633 0.87862 0.87171 0.86650 0.85232 0.81843
0.78504 0.84093 0.85397 0.88201 0.85746 0.89267 0.85659 0.89267 0.85659 0.89267 0.85659 0.89267 0.85659 0.89267 0.85659 0.89267 0.85659 0.89267 0.85659 0.89267 0.85659 0.87840 0.82219 0.86167 0.74890
0.86378 0.83579 0.86340 0.87336 0.87733 0.87949 0.87693 0.87949 0.87693 0.87949 0.87693 0.87949 0.87693 0.87949 0.87693 0.87949 0.87693 0.87949 0.87693 0.87949 0.87693 0.87631 0.85024 0.84100 0.79310
0.80101 0.88301 0.87476 0.89281 0.87684 0.89266 0.87679 0.89266 0.87679 0.89266 0.87679 0.89266 0.87679 0.89266 0.87679 0.89266 0.87679 0.89266 0.87679 0.89266 0.87679 0.89266 0.84810 0.85863 0.81650
0.78595 0.89284 0.89280 0.89279 0.89287 0.87786 0.89287 0.87786 0.89287 0.87786 0.89287 0.87786 0.89287 0.87786 0.89287 0.87786 0.89287 0.87786 0.89287 0.87786 0.89287 0.87786 0.87577 0.84016 0.83397
0.84849 0.86095 0.89280 0.87194 0.89286 0.85019 0.89286 0.85019 0.89286 0.85019 0.89286 0.85019 0.89286 0.85019 0.89286 0.85019 0.89286 0.85019 0.89286 0.85019 0.89286 0.85019 0.89285 0.84068 0.86526
0.31060 0.89309 0.86727 0.89313 0.79729 0.86325 0.79729 0.86325 0.79729 0.86325 0.79729 0.86325 0.79729 0.86325 0.79729 0.86325 0.79729 0.86325 0.79729 0.86325 0.79729 0.86325 0.81680 0.85659 0.30466
0.13272 0.31923 0.89332 0.65545 0.80686 0.68768 0.80686 0.68768 0.80686 0.68768 0.80686 0.68768 0.80686 0.68768 0.80686 0.68768 0.80686 0.68768 0.80686 0.68768 0.80686 0.68768 0.80686 0.45423 0.31417
