# name=rect_rotated_scattered field=200x200 stride=8
25 25
0.00000 0.00000 0.00000 0.00000 0.00000 0.00000 0.00000 0.00000 0.00000 0.00000 0.00000 0.00000 0.00000 0.00000 0.00000 0.00000 0.00000 0.00000 0.00000 0.00000 0.00000 0.00000 0.00000 0.00000 0.00000
0.00000 0.00000 0.00000 0.00000 0.00000 0.00000 0.03097 0.03104 0.00000 0.00000 0.00000 0.00000 0.00000 0.00000 0.00000 0.00000 0.00000 0.00000 0.00000 0.00000 0.00000 0.00000 0.00000 0.00000 0.00000
0.00000 0.00000 0.00000 0.00000 0.00000 0.00000 0.03060 0.03166 0.03959 0.00000 0.00000 0.00000 0.00000 0.00000 0.00000 0.00000 0.00000 0.00000 0.00000 0.00000 0.00000 0.00000 0.00000 0.00000 0.00000
0.00000 0.00000 0.00000 0.00000 0.00000 0.03355 0.03032 0.02805 0.03500 0.00000 0.00000 0.00000 0.00000 0.00000 0.00000 0.00000 0.00000 0.00000 0.00000 0.00000 0.00000 0.00000 0.00000 0.00000 0.00000
0.00000 0.00000 0.00000 0.00000 0.00000 0.03340 0.02352 0.02419 0.03023 0.00000 0.00000 0.00000 0.00000 0.00000 0.00000 0.00000 0.00000 0.02023 0.00000 0.00000 0.00000 0.00000 0.00000 0.00000 0.00000
0.00000 0.00000 0.00000 0.00000 0.01345 0.03556 0.01767 0.01797 0.00000 0.01984 0.04152 0.00000 0.00000 0.00000 0.00000 0.00000 0.00000 0.00000 0.00000 0.05369 0.03720 0.02051 0.02431 0.00000 0.00000
0.00000 0.00000 0.00000 0.00000 0.04043 0.01608 0.01098 0.10874 0.02869 0.02748 0.05535 0.07440 0.04436 0.00000 0.00000 0.00000 0.00000 0.00000 0.08447 0.05786 0.04633 0.02355 0.02722 0.03152 0.00000
0.00000 0.00000 0.00000 0.00000 0.01792 0.02130 0.07101 0.03339 0.03248 0.07279 0.06522 0.08462 0.08672 0.00000 0.00000 0.00000 0.02016 0.00000 0.14393 0.26586 0.25387 0.02878 0.02997 0.03469 0.03679
0.00000 0.00000 0.05454 0.06260 0.01772 0.01947 0.06534 0.07566 0.03511 0.07625 0.27890 0.08097 0.07887 0.08164 0.08048 0.05876 0.05101 0.00000 0.15584 0.16702 0.19200 0.08395 0.03318 0.03330 0.03469
0.00000 0.06850 0.07214 0.07618 0.08002 0.06776 0.12593 0.12633 0.02934 0.12547 0.27714 0.07169 0.07058 0.07153 0.07009 0.13439 0.04554 0.00000 0.29587 0.16825 0.03178 0.08362 0.07116 0.07020 0.07000
0.00000 0.03475 0.03529 0.03644 0.07464 0.06573 0.12250 0.10657 0.02205 0.09931 0.05884 0.05528 0.06395 0.02997 0.02749 0.13737 0.00000 0.00000 0.33806 0.17945 0.16637 0.14117 0.06096 0.00000 0.00000
0.00000 0.03188 0.03123 0.03097 0.06118 0.05360 0.00000 0.01240 0.02422 0.01822 0.01670 0.00000 0.08493 0.05296 0.04801 0.02570 0.02308 0.16672 0.19087 0.17053 0.15514 0.15179 0.07205 0.00000 0.00000
0.03246 0.03210 0.03012 0.06143 0.05573 0.06442 0.03073 0.00000 0.02912 0.02471 0.02342 0.05505 0.05658 0.08082 0.06772 0.09660 0.02310 0.13354 0.15530 0.17610 0.07932 0.26756 0.07599 0.08425 0.03451
0.06844 0.07095 0.07381 0.16667 0.21069 0.06247 0.00000 0.02506 0.02674 0.02666 0.05598 0.05854 0.06075 0.09112 0.07759 0.04249 0.11831 0.13414 0.14726 0.17189 0.27076 0.06278 0.07071 0.07678 0.03353
0.06572 0.06920 0.07309 0.17633 0.14336 0.12500 0.00000 0.00000 0.07312 0.09648 0.06411 0.05295 0.05644 0.11281 0.05842 0.02559 0.02747 0.02315 0.13383 0.07533 0.26796 0.13842 0.15410 0.17810 0.20090
0.00000 0.06371 0.06788 0.16632 0.17332 0.13990 0.00000 0.00000 0.08458 0.10938 0.05788 0.05971 0.06265 0.12973 0.02990 0.02932 0.03184 0.05131 0.05854 0.06533 0.39641 0.36774 0.37732 0.19257 0.19430
0.00000 0.00000 0.00000 0.18472 0.27386 0.27617 0.17821 0.50775 0.17500 0.16459 0.04905 0.05457 0.06010 0.19029 0.02215 0.02078 0.04634 0.01961 0.05321 0.05196 0.43914 0.44674 0.44054 0.19117 0.00000
0.00000 0.00000 0.00000 0.39192 0.38395 0.41892 0.15258 0.47271 0.46667 0.18810 0.06661 0.01639 0.11578 0.11700 0.11495 0.01171 0.01739 0.02202 0.02908 0.03574 0.14437 0.17630 0.19919 0.00000 0.00000
0.00000 0.00000 0.02056 0.02188 0.13217 0.37318 0.17042 0.48192 0.49620 0.02696 0.06221 0.05555 0.05078 0.14179 0.03052 0.06643 0.01562 0.01708 0.01658 0.10506 0.07320 0.18519 0.21696 0.00000 0.00000
0.00000 0.00000 0.02815 0.17563 0.17921 0.15673 0.43250 0.02968 0.05176 0.19634 0.25818 0.23910 0.12527 0.07177 0.07016 0.06388 0.13419 0.02023 0.05548 0.05819 0.14490 0.07688 0.09339 0.04505 0.00000
0.00000 0.03748 0.08473 0.07432 0.07127 0.44937 0.40562 0.02507 0.02758 0.43732 0.44225 0.03216 0.07639 0.15787 0.37301 0.05158 0.05577 0.06363 0.07015 0.06537 0.18157 0.08198 0.04364 0.04371 0.04416
0.00000 0.03602 0.03560 0.07674 0.31162 0.45282 0.13167 0.12479 0.02207 0.23722 0.23950 0.00000 0.06813 0.15819 0.36584 0.30558 0.02897 0.03320 0.19405 0.07243 0.05471 0.00000 0.04430 0.04392 0.00000
0.03556 0.03562 0.03618 0.03722 0.33068 0.30703 0.14248 0.13487 0.00000 0.07105 0.26791 0.00000 0.03362 0.15317 0.34891 0.27457 0.03352 0.03863 0.17974 0.00000 0.00000 0.00000 0.00000 0.00000 0.00000
0.00000 0.03747 0.03888 0.04038 0.08472 0.03620 0.03404 0.03482 0.00000 0.00000 0.00000 0.00000 0.03659 0.03084 0.03225 0.08501 0.03898 0.03830 0.16770 0.00000 0.00000 0.00000 0.00000 0.00000 0.00000
0.00000 0.00000 0.00000 0.00000 0.04127 0.03663 0.03408 0.03469 0.00000 0.00000 0.00000 0.00000 0.04037 0.03519 0.03529 0.03879 0.04033 0.03912 0.03835 0.00000 0.00000 0.00000 0.00000 0.00000 0.00000
