# name=two_districts field=200x200 stride=8
25 25
0.00000 0.15408 0.35672 0.37012 0.84040 0.84635 0.84040 0.84635 0.84040 0.36475 0.28780 0.08034 0.17903 0.18912 0.54597 0.54198 0.55409 0.60451 0.66162 0.61166 0.32962 0.62778 0.66349 0.70707 0.23624
0.15408 0.34807 1.00000 0.93222 1.00000 0.94586 1.00000 0.94586 1.00000 0.95852 0.84887 0.22538 0.54175 0.55702 0.52726 0.57239 0.61817 0.63771 0.64663 0.62546 0.62318 0.67144 0.65710 0.65965 0.66815
0.35783 1.00000 0.95276 1.00000 0.96239 1.00000 0.96239 1.00000 0.98026 1.00000 0.87199 0.67458 0.60771 0.55247 0.56467 0.60175 0.63551 0.66139 0.66269 0.63083 0.62998 0.67312 0.63739 0.64135 0.63756
0.37012 0.93222 1.00000 1.00000 1.00000 1.00000 1.00000 1.00000 1.00000 1.00000 0.94070 0.73959 0.58833 0.58425 0.60680 0.62462 0.63625 0.65512 0.66746 0.66510 0.65099 0.65959 0.66775 0.65849 0.64188
0.84056 1.00000 0.96239 1.00000 0.97018 1.00000 0.97018 1.00000 0.98451 1.00000 0.92679 0.71958 0.58819 0.60774 0.65066 0.64598 0.65883 0.66426 0.65698 0.65843 0.66359 0.66289 0.65216 0.62754 0.57827
0.84635 0.94244 1.00000 1.00000 1.00000 1.00000 1.00000 1.00000 1.00000 1.00000 0.90220 0.68404 0.45300 0.61118 0.64272 0.64955 0.64485 0.65200 0.65823 0.66520 0.66056 0.67006 0.67302 0.64550 0.61949
0.84056 1.00000 0.96239 1.00000 0.97018 1.00000 0.97018 1.00000 0.98451 1.00000 0.91160 0.73383 0.49684 0.60547 0.67002 0.65767 0.66261 0.66831 0.64445 0.65628 0.64613 0.66807 0.65867 0.64634 0.62888
0.84635 0.94244 1.00000 1.00000 1.00000 1.00000 1.00000 1.00000 1.00000 1.00000 0.91758 0.75307 0.49751 0.56415 0.64614 0.64340 0.65082 0.67281 0.66401 0.66510 0.66123 0.66346 0.65069 0.64591 0.63491
0.84056 1.00000 0.96239 1.00000 0.97018 1.00000 0.97018 1.00000 0.98451 1.00000 0.97764 0.74979 0.48308 0.62140 0.64014 0.64818 0.67002 0.66547 0.65437 0.65559 0.65975 0.65538 0.64928 0.64311 0.62489
0.84635 0.94244 1.00000 1.00000 1.00000 1.00000 1.00000 1.00000 1.00000 1.00000 0.90582 0.73592 0.54162 0.64042 0.64369 0.65838 0.67555 0.66728 0.66801 0.66056 0.64430 0.65929 0.63429 0.63199 0.61456
0.84056 1.00000 0.96239 1.00000 0.97018 1.00000 0.97018 1.00000 0.98451 1.00000 0.90696 0.72054 0.55478 0.62397 0.63470 0.66946 0.66562 0.65625 0.66400 0.65708 0.67053 0.66762 0.65578 0.66095 0.63442
0.84635 0.94244 1.00000 1.00000 1.00000 1.00000 1.00000 1.00000 1.00000 1.00000 0.91798 0.80383 0.58904 0.57289 0.65059 0.67315 0.66974 0.66075 0.67007 0.65050 0.66440 0.64922 0.66673 0.66111 0.64138
0.84056 1.00000 0.96239 1.00000 0.97018 1.00000 0.97018 1.00000 0.98451 1.00000 0.97764 0.77180 0.50229 0.51159 0.61058 0.62263 0.65038 0.66668 0.67911 0.66874 0.67042 0.66038 0.66436 0.62499 0.61898
0.84635 0.94244 1.00000 1.00000 1.00000 1.00000 1.00000 1.00000 1.00000 1.00000 0.92503 0.71977 0.45480 0.58611 0.64379 0.65462 0.66006 0.66967 0.67235 0.65641 0.66321 0.66064 0.64552 0.61502 0.61555
0.84056 1.00000 0.96239 1.00000 0.97018 1.00000 0.97018 1.00000 0.98451 1.00000 0.92235 0.68405 0.37964 0.59441 0.61088 0.64855 0.65861 0.67071 0.66782 0.67003 0.67345 0.66015 0.66351 0.66338 0.66335
0.84635 0.94244 1.00000 1.00000 1.00000 1.00000 1.00000 1.00000 1.00000 1.00000 0.91381 0.75321 0.50812 0.56177 0.67497 0.67561 0.66605 0.66643 0.64506 0.65562 0.66343 0.66818 0.67470 0.64792 0.65382
0.84056 1.00000 0.96239 1.00000 0.97018 1.00000 0.97018 1.00000 0.98451 1.00000 0.97764 0.72759 0.54783 0.57472 0.64487 0.65433 0.64774 0.67310 0.66074 0.66634 0.66556 0.66165 0.67849 0.65562 0.66102
0.84635 0.94244 1.00000 1.00000 1.00000 1.00000 1.00000 1.00000 1.00000 1.00000 0.96735 0.76606 0.52462 0.59704 0.64192 0.62463 0.65608 0.66560 0.65068 0.67029 0.66542 0.67030 0.65797 0.64199 0.64860
0.84056 1.00000 0.96239 1.00000 0.97018 1.00000 0.97018 1.00000 0.98451 1.00000 0.92743 0.73626 0.26855 0.61943 0.64930 0.66396 0.67821 0.66733 0.65304 0.66336 0.64375 0.65996 0.66095 0.66097 0.65765
0.84635 0.94244 1.00000 1.00000 1.00000 1.00000 1.00000 1.00000 1.00000 1.00000 0.91255 0.76931 0.49453 0.62042 0.63558 0.67933 0.67573 0.66689 0.67349 0.66567 0.65629 0.66491 0.64822 0.68028 0.61071
0.84056 1.00000 0.98026 1.00000 0.98451 1.00000 0.98451 1.00000 1.00000 1.00000 0.94998 0.80883 0.50747 0.58541 0.66678 0.67191 0.66505 0.65127 0.66754 0.66446 0.65899 0.66845 0.65904 0.65425 0.63808
0.36475 0.95852 1.00000 1.00000 1.00000 1.00000 1.00000 1.00000 1.00000 1.00000 0.96094 0.79573 0.52840 0.54692 0.63557 0.63433 0.66085 0.66847 0.67258 0.66250 0.66576 0.65322 0.66152 0.64748 0.65740
0.36199 1.00000 0.97159 1.00000 0.97764 0.96735 0.97764 0.96735 1.00000 0.96094 1.00000 0.58771 0.56717 0.62413 0.66940 0.65952 0.69113 0.66939 0.65983 0.67911 0.66651 0.65398 0.63034 0.62535 0.60721
0.15460 0.35711 1.00000 0.92675 0.90428 0.94437 0.90428 0.94437 0.90428 0.95503 0.50552 0.42958 0.35673 0.67184 0.68042 0.67426 0.69815 0.67006 0.66007 0.65880 0.66117 0.64229 0.58723 0.58038 0.53417
0.00000 0.15408 0.15346 0.37012 0.37189 0.37012 0.37189 0.37012 0.37189 0.15334 0.32195 0.00000 0.35978 0.71034 0.71016 0.68076 0.63142 0.66852 0.65185 0.65680 0.66138 0.62682 0.57419 0.51746 0.42909
