# name=grid_streets_mixed field=200x200 stride=8
25 25
0.55309 0.52642 1.00000 0.91642 0.93186 0.91921 0.88433 0.90786 0.87903 0.87353 0.86582 0.94224 0.86523 1.00000 0.95784 0.89810 0.97362 0.95382 1.00000 1.00000 0.93612 0.97391 1.00000 1.00000 0.81650
0.52251 1.00000 0.96862 1.00000 0.97365 1.00000 0.96803 0.97578 0.96606 0.97351 1.00000 0.95007 1.00000 0.98352 1.00000 1.00000 0.97735 1.00000 0.98369 1.00000 1.00000 0.97760 1.00000 1.00000 0.81650
0.95391 0.96009 0.97746 0.97160 0.98079 1.00000 1.00000 0.98225 1.00000 1.00000 1.00000 1.00000 1.00000 1.00000 1.00000 1.00000 1.00000 1.00000 0.97006 1.00000 1.00000 1.00000 1.00000 1.00000 0.81650
0.45991 1.00000 0.97715 1.00000 0.98086 1.00000 0.97671 0.98242 1.00000 0.98075 1.00000 0.96336 1.00000 0.98819 1.00000 1.00000 1.00000 1.00000 0.98820 1.00000 1.00000 1.00000 1.00000 1.00000 0.81650
0.93000 0.97588 0.97832 0.98241 0.96566 0.98611 0.98442 0.96913 1.00000 1.00000 1.00000 0.99322 1.00000 0.98765 0.98927 0.99027 1.00000 1.00000 0.98428 1.00000 1.00000 1.00000 1.00000 1.00000 0.81650
0.46908 1.00000 0.97604 1.00000 0.97932 1.00000 0.97558 0.99053 1.00000 0.99009 1.00000 1.00000 1.00000 1.00000 1.00000 1.00000 1.00000 1.00000 0.99382 1.00000 1.00000 1.00000 1.00000 1.00000 0.81650
0.46338 1.00000 0.97673 1.00000 0.97997 1.00000 1.00000 0.98209 1.00000 0.99080 1.00000 1.00000 1.00000 1.00000 1.00000 1.00000 1.00000 1.00000 0.99401 1.00000 1.00000 1.00000 1.00000 1.00000 0.81650
0.46645 0.94164 0.97636 1.00000 0.98574 1.00000 1.00000 0.99193 1.00000 0.99156 1.00000 1.00000 1.00000 1.00000 1.00000 1.00000 1.00000 1.00000 0.99391 1.00000 1.00000 1.00000 1.00000 1.00000 0.81650
0.47295 1.00000 0.97555 1.00000 0.97889 1.00000 0.97508 0.98117 1.00000 0.98989 1.00000 0.97845 1.00000 1.00000 1.00000 1.00000 1.00000 1.00000 0.98736 1.00000 1.00000 1.00000 1.00000 1.00000 0.81650
1.00000 0.97629 0.98084 0.98369 0.96864 0.98448 0.98547 0.97154 1.00000 1.00000 1.00000 0.98763 1.00000 1.00000 0.99509 0.99092 1.00000 1.00000 0.98081 1.00000 1.00000 1.00000 1.00000 1.00000 0.81650
0.71530 1.00000 0.98143 1.00000 0.98446 1.00000 0.98107 0.98573 1.00000 1.00000 1.00000 1.00000 1.00000 1.00000 1.00000 1.00000 1.00000 1.00000 0.99044 1.00000 1.00000 1.00000 1.00000 1.00000 0.81650
0.93285 0.94160 1.00000 0.98216 1.00000 1.00000 1.00000 1.00000 1.00000 1.00000 1.00000 1.00000 1.00000 1.00000 1.00000 1.00000 1.00000 1.00000 0.98941 1.00000 1.00000 1.00000 1.00000 1.00000 0.81650
0.67922 1.00000 1.00000 1.00000 1.00000 1.00000 1.00000 1.00000 1.00000 1.00000 1.00000 1.00000 1.00000 1.00000 1.00000 1.00000 1.00000 1.00000 1.00000 1.00000 1.00000 1.00000 1.00000 1.00000 0.81650
0.96646 0.97043 1.00000 1.00000 1.00000 1.00000 1.00000 1.00000 1.00000 1.00000 1.00000 1.00000 1.00000 1.00000 1.00000 1.00000 1.00000 1.00000 1.00000 1.00000 1.00000 1.00000 1.00000 1.00000 0.81650
0.78945 1.00000 0.98513 1.00000 0.98757 1.00000 0.98484 0.98859 1.00000 1.00000 1.00000 1.00000 1.00000 1.00000 1.00000 1.00000 1.00000 1.00000 0.99236 1.00000 1.00000 1.00000 1.00000 1.00000 0.81650
0.97617 0.97903 1.00000 0.98548 0.98669 0.98617 0.98713 1.00000 1.00000 1.00000 1.00000 1.00000 1.00000 1.00000 1.00000 1.00000 1.00000 1.00000 0.99151 1.00000 1.00000 1.00000 1.00000 1.00000 0.81650
0.68665 1.00000 1.00000 1.00000 1.00000 1.00000 1.00000 1.00000 1.00000 1.00000 1.00000 1.00000 1.00000 1.00000 1.00000 1.00000 1.00000 1.00000 1.00000 1.00000 1.00000 1.00000 1.00000 1.00000 0.81650
0.92303 0.93292 1.00000 1.00000 1.00000 1.00000 1.00000 1.00000 1.00000 1.00000 1.00000 1.00000 1.00000 1.00000 1.00000 1.00000 1.00000 1.00000 1.00000 1.00000 1.00000 1.00000 1.00000 1.00000 0.81650
0.71044 1.00000 0.98199 1.00000 0.98493 1.00000 0.98164 0.98616 1.00000 0.98931 1.00000 1.00000 1.00000 0.99513 1.00000 1.00000 1.00000 1.00000 0.99073 1.00000 1.00000 1.00000 1.00000 1.00000 0.81650
1.00000 1.00000 0.98289 1.00000 0.98404 1.00000 1.00000 0.98617 1.00000 1.00000 1.00000 1.00000 1.00000 1.00000 1.00000 1.00000 1.00000 1.00000 0.99028 1.00000 1.00000 1.00000 1.00000 1.00000 0.81650
0.67617 1.00000 0.98124 1.00000 0.98430 1.00000 1.00000 0.98558 1.00000 0.98421 1.00000 0.96980 1.00000 0.99496 1.00000 1.00000 1.00000 1.00000 0.99034 1.00000 1.00000 1.00000 1.00000 1.00000 0.81650
0.93934 1.00000 0.98420 1.00000 0.98648 1.00000 1.00000 0.98787 1.00000 1.00000 1.00000 1.00000 1.00000 1.00000 1.00000 1.00000 1.00000 1.00000 0.99188 1.00000 1.00000 1.00000 1.00000 1.00000 0.81650
0.72673 0.97840 0.98404 0.98475 0.98584 0.98546 0.98635 0.98694 0.98740 0.98701 0.98829 0.98785 1.00000 0.98968 0.99056 1.00000 1.00000 1.00000 0.99073 1.00000 1.00000 1.00000 1.00000 1.00000 0.81650
0.76529 1.00000 1.00000 1.00000 1.00000 1.00000 1.00000 1.00000 1.00000 1.00000 1.00000 1.00000 1.00000 1.00000 1.00000 1.00000 1.00000 1.00000 1.00000 1.00000 1.00000 1.00000 1.00000 1.00000 0.81650
0.66667 0.81650 0.81650 0.81650 0.81650 0.81650 0.81650 0.81650 0.81650 0.81650 0.81650 0.81650 0.81650 0.81650 0.81650 0.81650 0.81650 0.81650 0.81650 0.81650 0.81650 0.81650 0.81650 0.81650 0.66667
