# name=grid_streets_w3 field=200x200 stride=8
25 25
0.54652 0.52115 0.95097 0.90044 0.87973 0.89217 0.88104 0.45001 0.88147 0.45001 0.88104 0.89217 0.87973 0.87065 0.87756 0.87453 0.87453 0.87756 0.87065 0.93590 1.00000 0.95050 0.73187 0.76355 0.66667
0.52115 1.00000 0.95713 1.00000 0.96095 0.97575 1.00000 0.97863 1.00000 0.97863 1.00000 0.97575 0.96095 0.97256 0.96518 0.96905 0.96905 0.96518 0.97256 1.00000 0.98042 1.00000 0.98190 1.00000 0.81650
0.95097 0.95713 1.00000 1.00000 1.00000 0.98192 1.00000 0.98455 1.00000 0.98455 1.00000 0.98192 1.00000 1.00000 1.00000 1.00000 1.00000 1.00000 1.00000 1.00000 0.98516 1.00000 0.98693 1.00000 0.81650
0.90044 1.00000 1.00000 1.00000 1.00000 0.98371 1.00000 0.98566 1.00000 0.98566 1.00000 0.98371 1.00000 0.98153 1.00000 1.00000 1.00000 1.00000 0.98153 1.00000 0.98687 1.00000 0.98788 1.00000 0.81650
0.87973 0.96095 1.00000 1.00000 1.00000 0.99341 1.00000 1.00000 1.00000 1.00000 1.00000 0.99341 1.00000 1.00000 1.00000 1.00000 1.00000 1.00000 1.00000 1.00000 0.98861 1.00000 1.00000 1.00000 0.81650
0.89217 0.97575 0.98192 0.98371 0.99341 0.96994 1.00000 0.97074 1.00000 0.98605 1.00000 0.98557 0.99341 0.98663 1.00000 1.00000 1.00000 1.00000 0.98663 1.00000 0.97446 1.00000 0.98846 1.00000 0.81650
0.88104 1.00000 1.00000 1.00000 1.00000 1.00000 1.00000 1.00000 1.00000 1.00000 1.00000 1.00000 1.00000 1.00000 1.00000 1.00000 1.00000 1.00000 1.00000 1.00000 1.00000 1.00000 1.00000 1.00000 0.81650
0.45001 0.97863 0.98455 0.98566 1.00000 0.97074 1.00000 0.97213 1.00000 0.98596 1.00000 0.98605 1.00000 0.98618 0.99365 0.98670 0.98670 0.99365 0.98618 1.00000 0.97592 1.00000 0.98836 1.00000 0.81650
0.88147 1.00000 1.00000 1.00000 1.00000 1.00000 1.00000 1.00000 1.00000 1.00000 1.00000 1.00000 1.00000 1.00000 1.00000 1.00000 1.00000 1.00000 1.00000 1.00000 1.00000 1.00000 1.00000 1.00000 1.00000
0.45001 0.97863 0.98455 0.98566 1.00000 0.98605 1.00000 0.98596 1.00000 0.97213 1.00000 0.97074 1.00000 0.98618 0.99365 0.98670 0.98670 0.99365 0.98618 1.00000 0.97592 1.00000 0.98836 1.00000 1.00000
0.88104 1.00000 1.00000 1.00000 1.00000 1.00000 1.00000 1.00000 1.00000 1.00000 1.00000 1.00000 1.00000 1.00000 1.00000 1.00000 1.00000 1.00000 1.00000 1.00000 1.00000 1.00000 1.00000 1.00000 1.00000
0.89217 0.97575 0.98192 0.98371 0.99341 0.98557 1.00000 0.98605 1.00000 0.97074 1.00000 0.96994 0.99341 0.98663 1.00000 1.00000 1.00000 1.00000 0.98663 1.00000 0.97446 1.00000 0.98846 1.00000 1.00000
0.87973 0.96095 1.00000 1.00000 1.00000 0.99341 1.00000 1.00000 1.00000 1.00000 1.00000 0.99341 1.00000 1.00000 1.00000 1.00000 1.00000 1.00000 1.00000 1.00000 0.98861 1.00000 1.00000 1.00000 1.00000
0.87065 0.97256 1.00000 0.98153 1.00000 0.98663 1.00000 0.98618 1.00000 0.98618 1.00000 0.98663 1.00000 0.98761 1.00000 1.00000 1.00000 1.00000 0.98761 1.00000 0.97286 1.00000 0.98860 1.00000 1.00000
0.87756 0.96518 1.00000 1.00000 1.00000 1.00000 1.00000 0.99365 1.00000 0.99365 1.00000 1.00000 1.00000 1.00000 1.00000 1.00000 1.00000 1.00000 1.00000 1.00000 0.98787 1.00000 0.98923 1.00000 1.00000
0.87453 0.96905 1.00000 1.00000 1.00000 1.00000 1.00000 0.98670 1.00000 0.98670 1.00000 1.00000 1.00000 1.00000 1.00000 1.00000 1.00000 1.00000 1.00000 1.00000 0.98767 1.00000 0.98877 1.00000 1.00000
0.87453 0.96905 1.00000 1.00000 1.00000 1.00000 1.00000 0.98670 1.00000 0.98670 1.00000 1.00000 1.00000 1.00000 1.00000 1.00000 1.00000 1.00000 1.00000 1.00000 0.98767 1.00000 0.98877 1.00000 0.81650
0.87756 0.96518 1.00000 1.00000 1.00000 1.00000 1.00000 0.99365 1.00000 0.99365 1.00000 1.00000 1.00000 1.00000 1.00000 1.00000 1.00000 1.00000 1.00000 1.00000 0.98787 1.00000 0.98923 1.00000 0.81650
0.87065 0.97256 1.00000 0.98153 1.00000 0.98663 1.00000 0.98618 1.00000 0.98618 1.00000 0.98663 1.00000 0.98761 1.00000 1.00000 1.00000 1.00000 0.97002 1.00000 0.97286 1.00000 0.98860 1.00000 0.81650
0.93590 1.00000 1.00000 1.00000 1.00000 1.00000 1.00000 1.00000 1.00000 1.00000 1.00000 1.00000 1.00000 1.00000 1.00000 1.00000 1.00000 1.00000 1.00000 1.00000 0.98972 1.00000 1.00000 1.00000 0.81650
1.00000 0.98042 0.98516 0.98687 0.98861 0.97446 1.00000 0.97592 1.00000 0.97592 1.00000 0.97446 0.98861 0.97286 0.98787 0.98767 0.98767 0.98787 0.97286 0.98972 0.97932 1.00000 0.99062 1.00000 0.81650
0.95050 1.00000 1.00000 1.00000 1.00000 1.00000 1.00000 1.00000 1.00000 1.00000 1.00000 1.00000 1.00000 1.00000 1.00000 1.00000 1.00000 1.00000 1.00000 1.00000 1.00000 1.00000 1.00000 1.00000 0.81650
0.73187 0.98190 0.98693 0.98788 1.00000 0.98846 1.00000 0.98836 1.00000 0.98836 1.00000 0.98846 1.00000 0.98860 0.98923 0.98877 0.98877 0.98923 0.98860 1.00000 0.99062 1.00000 1.00000 1.00000 0.81650
0.76355 1.00000 1.00000 1.00000 1.00000 1.00000 1.00000 1.00000 1.00000 1.00000 1.00000 1.00000 1.00000 1.00000 1.00000 1.00000 1.00000 1.00000 1.00000 1.00000 1.00000 1.00000 1.00000 1.00000 0.81650
0.66667 0.81650 0.81650 0.81650 0.81650 0.81650 0.81650 0.81650 1.00000 1.00000 1.00000 1.00000 1.00000 1.00000 1.00000 1.00000 0.81650 0.81650 0.81650 0.81650 0.81650 0.81650 0.81650 0.81650 0.66667
