# name=organic_walks field=200x200 stride=8
25 25
0.00000 0.00000 0.00000 0.00000 0.00000 0.00000 0.00000 0.00000 0.28781 0.26849 0.25153 0.00000 0.00000 0.00000 0.00000 0.00000 0.00000 0.00000 0.00000 0.00000 0.00000 0.00000 0.00000 0.00000 0.00000
0.00000 0.00000 0.00000 0.00000 0.00000 0.00000 0.00000 0.00000 0.45648 0.43972 0.23772 0.20541 0.00000 0.00000 0.00000 0.00000 0.00000 0.00000 0.00000 0.00000 0.00000 0.00000 0.00000 0.00000 0.00000
0.00000 0.00000 0.00000 0.00000 0.00000 0.00000 0.00000 0.00000 0.43833 0.41962 0.37903 0.18392 0.00000 0.00000 0.00000 0.00000 0.00000 0.00000 0.00000 0.00000 0.00000 0.00000 0.00000 0.00000 0.00000
0.00000 0.00000 0.00000 0.00000 0.00000 0.00000 0.00000 0.00000 0.41666 0.53059 0.51779 0.38982 0.00000 0.00000 0.00000 0.00000 0.00000 0.00000 0.00000 0.00000 0.00000 0.00000 0.00000 0.00000 0.00000
0.00000 0.00000 0.00000 0.00000 0.00000 0.00000 0.00000 0.00000 0.67932 0.70277 0.48651 0.23001 0.00000 0.00000 0.00000 0.00000 0.00000 0.00000 0.00000 0.00000 0.53232 0.74146 0.90726 0.90455 0.90178
0.00000 0.00000 0.00000 0.00000 0.00000 0.00000 0.00000 0.00000 0.70318 0.70285 0.62594 0.11844 0.00000 0.00000 0.00000 0.00000 0.00000 0.00000 0.00000 0.00000 0.55229 0.74072 0.84213 0.87660 0.87646
0.00000 0.00000 0.00000 0.00000 0.00000 0.00000 0.00000 0.00000 0.55668 0.51641 0.42805 0.47875 0.00000 0.00000 0.00000 0.00000 0.00000 0.00000 0.00000 0.00000 0.58761 0.76258 0.85496 0.85705 0.85895
0.00000 0.00000 0.00000 0.00000 0.00000 0.00000 0.00000 0.00000 0.57107 0.43134 0.41690 0.51490 0.00000 0.00000 0.00000 0.00000 0.00000 0.00000 0.00000 0.00000 0.59540 0.74279 0.81135 0.83156 0.83416
0.00000 0.00000 0.00000 0.00000 0.42275 0.58659 0.63133 0.44731 0.00000 0.00000 0.00000 0.00000 0.26987 0.34238 0.46925 0.23664 0.00000 0.00000 0.00000 0.00000 0.00000 0.00000 0.00000 0.00000 0.00000
0.00000 0.00000 0.00000 0.00000 0.38095 0.55780 0.50965 0.63386 0.00000 0.00000 0.00000 0.00000 0.38567 0.45778 0.47733 0.50497 0.00000 0.00000 0.00000 0.00000 0.00000 0.00000 0.00000 0.00000 0.00000
0.00000 0.00000 0.00000 0.00000 0.42409 0.34535 0.53989 0.55554 0.00000 0.00000 0.00000 0.00000 0.56858 0.60747 0.66893 0.72844 0.00000 0.00000 0.00000 0.00000 0.00000 0.00000 0.00000 0.00000 0.00000
0.00000 0.00000 0.00000 0.00000 0.33005 0.26443 0.11260 0.14130 0.00000 0.00000 0.00000 0.00000 0.64199 0.70372 0.69906 0.79869 0.00000 0.00000 0.00000 0.00000 0.00000 0.00000 0.00000 0.00000 0.00000
0.00000 0.00000 0.00000 0.00000 0.24948 0.13792 0.34415 0.27865 0.00000 0.00000 0.00000 0.00000 0.75619 0.76440 0.78323 0.82697 0.59676 0.63893 0.65482 0.64840 0.67110 0.71144 0.75683 0.77327 0.84072
0.00000 0.00000 0.00000 0.00000 0.41798 0.54977 0.69532 0.65083 0.00000 0.00000 0.00000 0.00000 0.55072 0.71481 0.73940 0.78208 0.58817 0.62434 0.63699 0.68577 0.67071 0.81224 0.79612 0.80723 0.85189
0.00000 0.00000 0.00000 0.00000 0.61840 0.64492 0.75064 0.75636 0.00000 0.00000 0.00000 0.00000 0.42970 0.63672 0.66371 0.61654 0.48935 0.48965 0.53962 0.53254 0.70689 0.77599 0.76846 0.81145 0.87034
0.00000 0.00000 0.00000 0.00000 0.70247 0.77364 0.75121 0.76536 0.00000 0.00000 0.00000 0.00000 0.26489 0.30149 0.57108 0.56168 0.26610 0.51587 0.58031 0.65891 0.63015 0.70010 0.79156 0.82597 0.87414
0.00000 0.00000 0.22759 0.23717 0.67049 0.70584 0.52540 0.54086 0.00000 0.00000 0.00000 0.00000 0.07057 0.05821 0.00000 0.00000 0.46496 0.33605 0.55259 0.60657 0.00000 0.00000 0.00000 0.00000 0.00000
0.00000 0.00000 0.28529 0.44486 0.59973 0.46863 0.47136 0.53457 0.00000 0.00000 0.00000 0.00000 0.33105 0.07430 0.00000 0.12904 0.38702 0.28003 0.46181 0.65085 0.00000 0.00000 0.00000 0.00000 0.00000
0.00000 0.00000 0.23631 0.40822 0.33005 0.47218 0.39923 0.58869 0.00000 0.00000 0.00000 0.00000 0.38432 0.11404 0.07023 0.06499 0.34776 0.52065 0.60170 0.68292 0.00000 0.00000 0.00000 0.00000 0.00000
0.00000 0.00000 0.00000 0.39864 0.31785 0.31546 0.66723 0.76266 0.00000 0.00000 0.00000 0.00000 0.41854 0.31256 0.24622 0.40810 0.60673 0.70589 0.67622 0.72186 0.00000 0.00000 0.00000 0.00000 0.00000
0.00000 0.00000 0.00000 0.00000 0.00000 0.00000 0.00000 0.00000 0.80586 0.84863 0.86789 0.84278 0.00000 0.00000 0.00000 0.00000 0.00000 0.00000 0.00000 0.00000 0.00000 0.00000 0.00000 0.00000 0.00000
0.00000 0.00000 0.00000 0.00000 0.00000 0.00000 0.00000 0.00000 0.85547 0.87175 0.87586 0.86068 0.00000 0.00000 0.00000 0.00000 0.00000 0.00000 0.00000 0.00000 0.00000 0.00000 0.00000 0.00000 0.00000
0.00000 0.00000 0.00000 0.00000 0.00000 0.00000 0.00000 0.00000 0.89608 0.89137 0.88749 0.87155 0.00000 0.00000 0.00000 0.00000 0.00000 0.00000 0.00000 0.00000 0.00000 0.00000 0.00000 0.00000 0.00000
0.00000 0.00000 0.00000 0.00000 0.00000 0.00000 0.00000 0.00000 0.89736 0.89244 0.88802 0.88505 0.00000 0.00000 0.00000 0.00000 0.00000 0.00000 0.00000 0.00000 0.00000 0.00000 0.00000 0.00000 0.00000
0.00000 0.00000 0.00000 0.00000 0.00000 0.00000 0.00000 0.00000 0.73428 0.73024 0.72608 0.58768 0.00000 0.00000 0.00000 0.00000 0.00000 0.00000 0.00000 0.00000 0.00000 0.00000 0.00000 0.00000 0.00000
