# name=rect_scattered field=200x200 stride=8
25 25
0.00000 0.00000 0.00000 0.00000 0.00000 0.00000 0.26788 0.24808 0.34400 0.27413 0.23771 0.14927 0.00000 0.00000 0.00000 0.00000 0.00000 0.00000 0.00000 0.00000 0.00000 0.00000 0.66667 0.66667 0.00000
0.00000 0.00000 0.00000 0.00000 0.00000 0.20467 0.80675 0.83455 0.85576 0.82060 0.36325 0.12877 0.00000 0.07139 0.00000 0.08267 0.00000 0.00000 0.00000 0.00000 0.00000 0.47289 0.66667 0.66667 0.00000
0.00000 0.00000 0.00000 0.00000 0.42695 0.73622 0.84613 0.87994 0.87980 0.84041 0.69009 0.29166 0.08706 0.08470 0.00000 0.08329 0.13892 0.00000 0.12811 0.26662 0.65094 0.77970 0.61238 1.00000 0.00000
0.00000 0.00000 0.00000 0.00000 0.64094 0.83104 0.86568 0.89646 0.88418 0.83511 0.72243 0.57798 0.10339 0.10023 0.09280 0.08103 0.15131 0.41263 0.26093 0.28284 0.64839 0.79588 0.89129 0.97090 0.00000
0.00000 0.00000 0.21735 0.27375 0.56980 0.74827 0.82286 0.87460 0.88246 0.86894 0.78510 0.57098 0.10972 0.11724 0.00000 0.15856 0.00000 0.00000 0.00000 0.00000 0.69854 0.76826 0.86129 0.93797 1.00000
0.20101 0.19092 0.62507 0.46917 0.55567 0.64640 0.86393 0.89421 0.91916 0.88455 0.77638 0.64105 0.17029 0.11943 0.00000 0.00000 0.00000 0.00000 0.00000 0.00000 0.74124 0.82543 0.83648 0.92581 1.00000
0.28044 0.26665 0.63797 0.78317 0.77544 0.82147 0.87910 0.90164 0.92970 0.91359 0.74257 0.52473 0.35403 0.00000 0.00000 0.10291 0.00000 0.00000 0.00000 0.00000 0.66807 0.78609 0.88299 0.91817 1.00000
0.34301 0.33096 0.57460 0.71956 0.76623 0.69233 0.75078 0.93758 0.91778 0.86288 0.77133 0.28740 0.23630 0.38185 0.12489 0.11308 0.00000 0.00000 0.00000 0.00000 0.57790 0.75828 0.86550 0.93102 1.00000
0.30578 0.61521 0.58614 0.55332 0.91557 0.82181 0.70942 0.72151 0.76333 0.50590 0.60460 0.28721 0.22490 0.56610 0.36805 0.12905 0.15218 0.10843 0.23520 0.17158 0.00000 0.00000 0.00000 0.00000 0.00000
0.28092 0.61619 0.59115 0.55212 0.83289 0.73290 0.14735 0.69366 0.79020 0.78306 0.76569 0.27134 0.58705 0.54325 0.65682 0.65392 0.25560 0.24433 0.18313 0.39603 0.00000 0.00000 0.00000 0.00000 0.00000
0.30991 0.74591 0.73278 0.77655 0.78168 0.33447 0.46137 0.73391 0.68298 0.79483 0.80240 0.60908 0.52155 0.67465 0.67536 0.65974 0.24791 0.24781 0.24681 0.41457 0.00000 0.00000 0.00000 0.00000 0.00000
0.23728 0.64868 0.63742 0.70571 0.51199 0.74552 0.74172 0.80586 0.77731 0.83582 0.77266 0.63971 0.00000 0.41719 0.48162 0.66163 0.22764 0.17979 0.55432 0.68506 0.00000 0.00000 0.00000 0.00000 0.00000
0.00000 0.00000 0.00000 0.00000 0.75594 0.87591 0.85400 0.73945 0.86587 0.90117 0.81131 0.70040 0.54240 0.71927 0.75179 0.39463 0.32100 0.56940 0.60943 0.74845 0.84088 0.91552 0.96814 0.98338 1.00000
0.00000 0.00000 0.00000 0.00000 0.63872 0.78751 0.72562 0.76676 0.84550 0.84629 0.83460 0.78246 0.26181 0.64309 0.71282 0.17901 0.17992 0.46578 0.49911 0.53298 0.85569 0.93126 0.95870 0.97884 0.96769
0.00000 0.00000 0.00000 0.00000 0.24278 0.68164 0.75156 0.77904 0.84776 0.80173 0.71995 0.75942 0.17190 0.66187 0.59823 0.25181 0.27553 0.51772 0.56107 0.43990 0.56036 0.67082 0.89915 0.94757 0.95361
0.00000 0.00000 0.00000 0.00000 0.09710 0.33017 0.71096 0.75884 0.77504 0.83128 0.71935 0.14901 0.18101 0.19123 0.57156 0.59357 0.46212 0.71750 0.75646 0.74516 0.56720 0.89628 0.92202 0.96085 1.00000
0.00000 0.20232 0.19504 0.11348 0.31172 0.54090 0.62214 0.63065 0.82922 0.47065 0.38059 0.39895 0.45260 0.36833 0.71907 0.71871 0.65099 0.65332 0.74952 0.70871 0.77441 0.87780 0.93525 0.95631 0.00000
0.00000 0.26566 0.24270 0.11461 0.56286 0.17813 0.53793 0.57666 0.72360 0.53090 0.31137 0.00000 0.14241 0.20529 0.74242 0.79947 0.68886 0.66678 0.69253 0.80278 0.89856 0.89717 0.92443 1.00000 0.00000
0.00000 0.09532 0.63977 0.64273 0.63045 0.59750 0.57876 0.38417 0.32022 0.33333 0.32466 0.15802 0.18513 0.17861 0.45002 0.89268 0.75005 0.78262 0.73334 0.78648 0.86160 0.87465 0.90092 0.94759 0.00000
0.00000 0.39725 0.65915 0.68420 0.67898 0.64098 0.69224 0.64692 0.43678 0.45356 0.43384 0.59108 0.64860 0.79350 0.87168 0.94916 0.72795 0.82091 0.79176 0.77254 0.92568 0.94470 0.96356 0.98034 0.00000
0.40805 0.61906 0.88025 0.80288 0.49773 0.48137 0.65467 0.54477 0.77082 0.80838 0.79341 0.77724 0.85359 0.87236 0.87611 0.79124 0.81612 0.86964 0.83107 0.87176 0.91000 0.96598 0.98105 0.98078 0.94341
0.52251 0.66323 0.60629 0.84665 0.74377 0.68526 0.47417 0.78317 0.87875 0.91474 0.90023 0.92106 0.96993 0.93202 0.93393 0.92124 0.89085 0.88703 0.87592 0.89391 0.95255 0.97465 0.97916 0.98576 1.00000
0.59961 0.71413 0.66311 0.58469 0.48370 0.54440 0.69959 0.86050 0.95410 0.96882 0.96961 0.98570 1.00000 0.96856 0.96976 0.97498 0.95063 0.92362 0.91558 0.92304 0.95102 0.98169 0.98705 0.63922 0.66667
0.66667 0.75832 0.71808 0.65455 0.55954 0.44909 0.80260 0.94152 1.00000 1.00000 1.00000 1.00000 0.97148 0.98173 0.98172 0.98431 1.00000 0.95666 0.94050 0.97432 0.98705 0.98987 0.97183 0.66667 0.66667
0.00000 0.00000 0.00000 0.00000 0.64425 0.54585 0.51760 1.00000 1.00000 1.00000 1.00000 1.00000 1.00000 1.00000 1.00000 1.00000 0.00000 0.00000 0.00000 0.00000 1.00000 1.00000 1.00000 0.66667 0.66667
