# name=rect_rotated_scattered field=200x200 stride=8
25 25
0.00000 0.00000 0.00000 0.00000 0.00000 0.00000 0.00000 0.00000 0.00000 0.00000 0.00000 0.00000 0.00000 0.00000 0.00000 0.00000 0.00000 0.00000 0.00000 0.00000 0.00000 0.00000 0.00000 0.00000 0.00000
0.00000 0.00000 0.00000 0.00000 0.00000 0.00000 0.00000 0.00000 0.00000 0.00000 0.00000 0.00000 0.00000 0.00000 0.00000 0.00000 0.00000 0.00000 0.00000 0.00000 0.00000 0.00000 0.00000 0.00000 0.00000
0.00000 0.00000 0.00000 0.00000 0.00000 0.00000 0.00000 0.00000 0.00000 0.00000 0.00000 0.00000 0.00000 0.00000 0.00000 0.00000 0.00000 0.00000 0.00000 0.00000 0.00000 0.00000 0.00000 0.00000 0.00000
0.00000 0.00000 0.00000 0.00000 0.00000 0.00000 0.00000 0.00000 0.00000 0.00000 0.00000 0.00000 0.00000 0.00000 0.00000 0.00000 0.00000 0.00000 0.00000 0.00000 0.00000 0.00000 0.00000 0.00000 0.00000
0.00000 0.00000 0.00000 0.00000 0.00000 0.53830 0.68137 0.76721 0.90611 0.94833 0.95644 0.72072 0.75430 0.32689 0.00000 0.00000 0.00000 0.23095 0.00000 0.00000 0.33696 0.38846 0.45781 0.53550 0.00000
0.00000 0.00000 0.00000 0.00000 0.00000 0.57307 0.69330 0.76170 0.88748 0.90698 0.87536 0.79964 0.43186 0.46374 0.35542 0.00000 0.00000 0.00000 0.00000 0.34431 0.58936 0.65316 0.70932 0.75420 0.00000
0.00000 0.00000 0.00000 0.00000 0.32589 0.37930 0.69335 0.69696 0.81823 0.74975 0.76132 0.66666 0.28967 0.53275 0.41125 0.14745 0.00000 0.00000 0.34984 0.64360 0.71236 0.76814 0.79925 0.82957 0.00000
0.00000 0.00000 0.00000 0.00000 0.50142 0.51945 0.24729 0.37381 0.68160 0.65212 0.58014 0.29758 0.60199 0.32120 0.25191 0.16378 0.07585 0.00000 0.64787 0.74787 0.78229 0.84271 0.85505 0.89955 0.00000
0.00000 0.00000 0.00000 0.00000 0.00000 0.00000 0.00000 0.00000 0.14492 0.36311 0.76917 0.75298 0.71072 0.73632 0.78435 0.47772 0.00000 0.00000 0.50844 0.68840 0.00000 0.00000 0.00000 0.00000 0.00000
0.00000 0.00000 0.00000 0.00000 0.00000 0.00000 0.00000 0.00000 0.55518 0.71049 0.82452 0.79802 0.77139 0.84684 0.82419 0.68633 0.00000 0.00000 0.49691 0.63679 0.00000 0.00000 0.00000 0.00000 0.00000
0.00000 0.00000 0.00000 0.00000 0.00000 0.00000 0.00000 0.00000 0.66967 0.85332 0.83857 0.83790 0.81113 0.85883 0.81323 0.62057 0.00000 0.00000 0.50865 0.68485 0.00000 0.00000 0.00000 0.00000 0.00000
0.00000 0.00000 0.00000 0.00000 0.00000 0.00000 0.00000 0.00000 0.60788 0.82117 0.82011 0.79017 0.85083 0.83348 0.88704 0.73417 0.48116 0.57861 0.51393 0.51432 0.00000 0.00000 0.00000 0.00000 0.00000
0.00000 0.00000 0.24255 0.28873 0.00000 0.00000 0.00000 0.00000 0.45343 0.63780 0.60089 0.53970 0.40969 0.33588 0.53288 0.63430 0.00000 0.00000 0.00000 0.00000 0.71522 0.80014 0.84687 0.86888 0.00000
0.00000 0.00000 0.00000 0.45621 0.00000 0.00000 0.00000 0.00000 0.37525 0.65858 0.62189 0.59554 0.38535 0.46367 0.49940 0.33384 0.00000 0.00000 0.00000 0.00000 0.71825 0.79655 0.84492 0.86874 0.00000
0.00000 0.00000 0.00000 0.14164 0.00000 0.00000 0.00000 0.00000 0.56181 0.52405 0.36405 0.53664 0.42554 0.42034 0.27157 0.39080 0.00000 0.00000 0.00000 0.00000 0.75689 0.85011 0.87369 0.88474 0.00000
0.00000 0.00000 0.00000 0.12484 0.00000 0.00000 0.00000 0.00000 0.52750 0.34118 0.34289 0.30999 0.16488 0.47649 0.31212 0.42985 0.00000 0.00000 0.00000 0.00000 0.69349 0.81652 0.86521 0.90192 0.00000
0.00000 0.00000 0.00000 0.00000 0.00000 0.00000 0.00000 0.00000 0.60135 0.68171 0.47928 0.35306 0.00000 0.00000 0.00000 0.00000 0.00000 0.00000 0.00000 0.00000 0.58540 0.74380 0.85273 0.91554 0.74877
0.00000 0.00000 0.00000 0.00000 0.00000 0.00000 0.00000 0.00000 0.69137 0.69692 0.67540 0.65327 0.00000 0.00000 0.00000 0.00000 0.00000 0.00000 0.00000 0.00000 0.41699 0.58192 0.68153 0.75723 0.75618
0.00000 0.00000 0.00000 0.00000 0.00000 0.00000 0.00000 0.00000 0.73643 0.74827 0.68741 0.60185 0.00000 0.00000 0.00000 0.00000 0.00000 0.00000 0.00000 0.00000 0.53799 0.72779 0.83668 0.76326 0.76248
0.00000 0.00000 0.00000 0.00000 0.00000 0.00000 0.00000 0.00000 0.75494 0.74695 0.74551 0.68960 0.00000 0.00000 0.00000 0.00000 0.00000 0.00000 0.00000 0.00000 0.71452 0.76674 0.84896 0.94068 0.63059
0.00000 0.00000 0.00000 0.00000 0.00000 0.00000 0.00000 0.00000 0.00000 0.00000 0.00000 0.00000 0.75674 0.77509 0.68854 0.62261 0.30321 0.35211 0.15763 0.23917 0.00000 0.00000 0.00000 0.00000 0.00000
0.00000 0.00000 0.00000 0.00000 0.00000 0.00000 0.00000 0.00000 0.00000 0.00000 0.00000 0.00000 0.84832 0.86216 0.79892 0.75962 0.34000 0.30393 0.53430 0.27040 0.00000 0.00000 0.00000 0.00000 0.00000
0.00000 0.00000 0.00000 0.00000 0.00000 0.00000 0.00000 0.00000 0.00000 0.00000 0.00000 0.00000 0.91978 0.91429 0.87102 0.83973 0.44174 0.42122 0.59516 0.21892 0.00000 0.00000 0.00000 0.00000 0.00000
0.00000 0.00000 0.00000 0.00000 0.00000 0.00000 0.00000 0.00000 0.00000 0.00000 0.00000 0.00000 0.94422 0.93685 0.92829 0.91463 0.52722 0.48461 0.66266 0.22664 0.00000 0.00000 0.00000 0.00000 0.00000
0.00000 0.62265 0.62265 0.62265 0.92118 0.90619 0.88624 0.86981 0.00000 0.00000 0.00000 0.00000 0.00000 0.00000 0.00000 0.00000 0.00000 0.00000 0.00000 0.00000 0.00000 0.00000 0.00000 0.00000 0.00000
