# name=rect_scattered field=200x200 stride=8
25 25
0.00000 0.33333 0.16667 0.16667 0.16667 0.28123 0.28926 0.16667 0.44793 0.16667 0.16667 0.14215 0.00000 0.16667 0.16667 0.16667 0.26986 0.16667 0.16667 0.16667 0.00000 0.00000 0.00000 0.00000 0.00000
0.33333 0.33333 0.28754 0.26458 0.16667 0.27767 0.54010 0.26271 0.83959 0.90780 0.16667 0.14316 0.00000 0.41653 0.47934 0.49738 0.26225 0.27737 0.16667 0.16667 0.00000 0.16667 0.00000 0.00000 0.00000
0.33333 0.30030 0.57735 0.57735 0.80748 0.75257 0.72989 0.74821 0.81948 0.88590 0.45415 0.14456 0.10098 0.39800 0.46202 0.51366 0.46421 0.27152 0.16667 0.23331 0.23228 0.24685 0.00000 0.16667 0.16667
0.28755 0.27233 0.25600 0.78299 0.77573 0.74627 0.68997 0.70704 0.80692 0.45421 0.44629 0.53217 0.10339 0.37919 0.41724 0.53299 0.47983 0.46987 0.23217 0.22559 0.23204 0.53190 0.26350 0.28805 0.16667
0.00000 0.26072 0.74897 0.81534 0.80185 0.67330 0.68325 0.63892 0.53973 0.43281 0.45199 0.64049 0.10353 0.12317 0.58756 0.55199 0.50072 0.36310 0.19781 0.18194 0.22402 0.53259 0.26472 0.27138 0.16667
0.13043 0.12176 0.37148 0.68848 0.34334 0.25930 0.24864 0.26288 0.69170 0.71514 0.52519 0.15044 0.11287 0.12256 0.13239 0.55857 0.49182 0.39766 0.12036 0.12912 0.49068 0.38901 0.26914 0.25495 0.16667
0.11434 0.11528 0.32573 0.50681 0.54087 0.42588 0.41174 0.31227 0.35825 0.37821 0.18083 0.19701 0.22463 0.00000 0.00000 0.12875 0.37498 0.12581 0.00000 0.00000 0.12712 0.37236 0.36594 0.25376 0.16667
0.13305 0.12902 0.36325 0.36524 0.40605 0.53071 0.48310 0.58813 0.42317 0.43042 0.38167 0.21239 0.33239 0.25295 0.12489 0.11308 0.41667 0.12155 0.13315 0.13962 0.17766 0.28571 0.28195 0.33332 0.23226
0.16667 0.64110 0.60874 0.65869 0.77322 0.67754 0.73459 0.83317 0.42284 0.30971 0.24265 0.21144 0.22695 0.49617 0.29456 0.12905 0.31520 0.11521 0.13491 0.15346 0.21602 0.41964 0.23033 0.00000 0.00000
0.16667 0.44011 0.44503 0.45213 0.76108 0.74929 0.25138 0.75984 0.73738 0.52667 0.47931 0.21590 0.30561 0.30551 0.36589 0.49195 0.19975 0.19229 0.20437 0.24185 0.23631 0.22788 0.20788 0.00000 0.00000
0.14307 0.39017 0.48279 0.71620 0.75711 0.55413 0.39656 0.77668 0.38424 0.72222 0.72727 0.45575 0.50783 0.34117 0.37299 0.48027 0.19967 0.19203 0.19291 0.22162 0.47435 0.60896 0.00000 0.00000 0.00000
0.12174 0.47250 0.48856 0.69583 0.70678 0.73866 0.68868 0.72242 0.81289 0.86305 0.47748 0.33897 0.15004 0.55240 0.30567 0.49917 0.39569 0.11108 0.30237 0.55808 0.54941 0.46010 0.27751 0.00000 0.00000
0.00000 0.23408 0.36614 0.50017 0.68228 0.67628 0.73900 0.69665 0.82820 0.77529 0.52556 0.51418 0.59794 0.78950 0.75519 0.33220 0.43662 0.76806 0.72973 0.46476 0.45609 0.40021 0.23484 0.23300 0.00000
0.00000 0.23383 0.21141 0.41630 0.40917 0.69744 0.48006 0.50394 0.78203 0.80533 0.52760 0.50549 0.66615 0.81514 0.82522 0.60554 0.45248 0.69734 0.64930 0.28575 0.40508 0.27001 0.24917 0.23397 0.00000
0.00000 0.20257 0.18564 0.42992 0.61328 0.43134 0.75259 0.56442 0.83379 0.54232 0.53298 0.49196 0.76043 0.80154 0.83310 0.84847 0.58191 0.59526 0.54328 0.21502 0.27355 0.16667 0.15801 0.15665 0.00000
0.00000 0.00000 0.17104 0.34588 0.37024 0.38552 0.67845 0.82226 0.55653 0.69383 0.71201 0.23133 0.40947 0.40694 0.81632 0.86452 0.83886 0.76240 0.74456 0.36696 0.54580 0.21757 0.14530 0.14283 0.00000
0.12140 0.19495 0.22137 0.40850 0.56591 0.59574 0.65912 0.80490 0.80110 0.22130 0.33325 0.30602 0.39546 0.41228 0.85474 0.82841 0.81809 0.74298 0.71843 0.51515 0.50656 0.19998 0.21797 0.11820 0.00000
0.00000 0.20419 0.23335 0.15410 0.68885 0.41534 0.59257 0.81473 0.71756 0.46396 0.13500 0.11215 0.48889 0.58630 0.88295 0.86681 0.81364 0.76690 0.77720 0.77615 0.76162 0.35911 0.20195 0.00000 0.00000
0.00000 0.10682 0.39682 0.55643 0.55104 0.40140 0.51353 0.50657 0.27167 0.25523 0.24473 0.47322 0.50858 0.53184 0.44161 0.89817 0.80023 0.85940 0.82620 0.83712 0.76717 0.33770 0.09840 0.07936 0.00000
0.00000 0.38033 0.40071 0.54745 0.54113 0.49559 0.69585 0.69421 0.25860 0.24416 0.32425 0.66524 0.74144 0.85220 0.62710 0.63812 0.70657 0.82377 0.77238 0.78304 0.74993 0.54923 0.34483 0.07128 0.00000
0.16667 0.13906 0.37249 0.67653 0.53914 0.52022 0.32940 0.21867 0.21579 0.20068 0.57531 0.48056 0.74146 0.65973 0.61796 0.57714 0.56526 0.76135 0.78358 0.80549 0.69721 0.71458 0.39976 0.11020 0.00000
0.16667 0.13859 0.11637 0.38211 0.67916 0.33559 0.00000 0.30651 0.23410 0.42878 0.58933 0.66198 0.70859 0.67667 0.64711 0.57770 0.36723 0.71519 0.70744 0.69770 0.65434 0.70093 0.39432 0.14128 0.00000
0.16667 0.14312 0.12674 0.11670 0.13299 0.14657 0.23238 0.30352 0.24899 0.33568 0.34522 0.47703 0.50921 0.37290 0.35732 0.32336 0.27652 0.22638 0.69829 0.71497 0.48553 0.23911 0.26822 0.16667 0.00000
0.00000 0.16667 0.14169 0.00000 0.00000 0.00000 0.11027 0.12092 0.00000 0.12541 0.12600 0.21290 0.37950 0.37822 0.36414 0.32983 0.00000 0.21681 0.12223 0.32620 0.22242 0.22452 0.26000 0.00000 0.00000
0.00000 0.00000 0.00000 0.00000 0.00000 0.00000 0.00000 0.00000 0.00000 0.13577 0.14002 0.21403 0.12642 0.00000 0.00000 0.00000 0.00000 0.00000 0.00000 0.00000 0.00000 0.00000 0.00000 0.00000 0.00000
