# name=rect_rotated_scattered field=200x200 stride=8
25 25
0.00000 0.00000 0.00000 0.00000 0.00000 0.00000 0.00000 0.00000 0.00000 0.00000 0.00000 0.00000 0.00000 0.00000 0.00000 0.00000 0.00000 0.00000 0.00000 0.00000 0.00000 0.00000 0.00000 0.00000 0.00000
0.00000 0.00000 0.00000 0.00000 0.00000 0.00000 0.00000 0.00000 0.00000 0.00000 0.00000 0.00000 0.00000 0.00000 0.00000 0.00000 0.00000 0.00000 0.00000 0.00000 0.00000 0.00000 0.00000 0.00000 0.00000
0.00000 0.00000 0.00000 0.00000 0.00000 0.00000 0.00000 0.00000 0.00000 0.00000 0.00000 0.00000 0.00000 0.00000 0.00000 0.00000 0.00000 0.00000 0.00000 0.00000 0.00000 0.00000 0.00000 0.00000 0.00000
0.00000 0.00000 0.00000 0.00000 0.00000 0.00000 0.00000 0.10225 0.07998 0.00000 0.00000 0.00000 0.00000 0.00000 0.00000 0.00000 0.00000 0.00000 0.00000 0.00000 0.00000 0.00000 0.00000 0.00000 0.00000
0.00000 0.00000 0.00000 0.00000 0.00000 0.19406 0.11789 0.09966 0.08443 0.00000 0.00000 0.00000 0.00000 0.00000 0.00000 0.00000 0.00000 0.12167 0.00000 0.00000 0.00000 0.00000 0.00000 0.00000 0.00000
0.00000 0.00000 0.00000 0.00000 0.00000 0.18139 0.10700 0.09429 0.00000 0.07256 0.11809 0.00000 0.00000 0.00000 0.18854 0.22012 0.00000 0.00000 0.00000 0.19818 0.33660 0.39150 0.40879 0.00000 0.00000
0.00000 0.00000 0.00000 0.00000 0.15278 0.00000 0.08989 0.25853 0.11274 0.10906 0.16669 0.21783 0.16130 0.00000 0.23711 0.16135 0.16094 0.00000 0.26814 0.22290 0.35239 0.42411 0.43596 0.44393 0.00000
0.00000 0.00000 0.00000 0.00000 0.09304 0.11322 0.21052 0.13812 0.13619 0.22256 0.19428 0.16540 0.14453 0.00000 0.16202 0.16145 0.15129 0.00000 0.18338 0.38141 0.52468 0.44659 0.45464 0.15737 0.15774
0.00000 0.00000 0.08823 0.09558 0.08527 0.09847 0.19494 0.23421 0.15525 0.24182 0.50043 0.13035 0.12704 0.14508 0.22575 0.20608 0.20110 0.17970 0.21939 0.22552 0.23349 0.27192 0.15644 0.15691 0.15737
0.00000 0.10889 0.12007 0.13110 0.14056 0.22050 0.18060 0.21009 0.22667 0.33358 0.49459 0.11108 0.12659 0.20511 0.19794 0.47088 0.21462 0.23406 0.44849 0.23885 0.15959 0.26177 0.23648 0.24109 0.24500
0.00000 0.15560 0.15634 0.15712 0.14753 0.13568 0.19569 0.19984 0.24471 0.28440 0.14341 0.17169 0.19365 0.19019 0.11162 0.45403 0.24963 0.26429 0.60574 0.38320 0.37032 0.31980 0.08082 0.00000 0.00000
0.00000 0.28519 0.27773 0.26899 0.23217 0.19511 0.00000 0.21555 0.25114 0.18975 0.14217 0.00000 0.20723 0.35382 0.49076 0.37442 0.45502 0.43189 0.40743 0.36282 0.30871 0.31152 0.12307 0.00000 0.00000
0.15422 0.15432 0.27586 0.25594 0.22875 0.16807 0.11270 0.00000 0.24480 0.17412 0.11794 0.19900 0.19986 0.53853 0.52882 0.61808 0.42530 0.39011 0.36510 0.37161 0.24697 0.40841 0.25572 0.27523 0.15621
0.24158 0.24755 0.25390 0.40353 0.43290 0.15173 0.00000 0.00000 0.00000 0.12156 0.28424 0.29507 0.22959 0.58164 0.55284 0.44048 0.60612 0.38937 0.39467 0.40375 0.40773 0.21883 0.24935 0.26603 0.15654
0.22954 0.23824 0.24710 0.41367 0.36854 0.30402 0.00000 0.00000 0.20604 0.26305 0.38524 0.35590 0.36020 0.37365 0.55213 0.18158 0.14724 0.28154 0.25937 0.26356 0.39293 0.43319 0.47176 0.49027 0.29880
0.00000 0.21105 0.22363 0.42666 0.41814 0.33251 0.00000 0.00000 0.24088 0.29696 0.41224 0.41709 0.42328 0.45299 0.15536 0.15536 0.15537 0.25023 0.21915 0.22010 0.64482 0.65436 0.66914 0.27617 0.27917
0.00000 0.00000 0.00000 0.43738 0.53363 0.52135 0.32178 0.48618 0.21196 0.38397 0.43158 0.43654 0.44129 0.45331 0.11474 0.11144 0.17299 0.00000 0.17564 0.17325 0.71205 0.75831 0.76403 0.24129 0.00000
0.00000 0.13021 0.12679 0.59951 0.60235 0.68728 0.40664 0.49063 0.43235 0.17118 0.04789 0.12757 0.35560 0.35476 0.19137 0.06345 0.00000 0.00000 0.00000 0.15733 0.37303 0.45474 0.49488 0.00000 0.00000
0.00000 0.00000 0.11144 0.11025 0.17716 0.52659 0.44810 0.49058 0.44840 0.11508 0.08053 0.08642 0.23413 0.42232 0.15670 0.22394 0.17910 0.20807 0.21956 0.70103 0.44295 0.61950 0.64459 0.00000 0.00000
0.00000 0.00000 0.12953 0.41364 0.36784 0.37465 0.60452 0.14332 0.20027 0.44317 0.15976 0.18129 0.41113 0.25870 0.24811 0.21791 0.17806 0.21111 0.54852 0.39270 0.74436 0.42117 0.42956 0.00000 0.00000
0.00000 0.15753 0.27496 0.24811 0.21016 0.68354 0.65705 0.12169 0.12281 0.49937 0.45154 0.12349 0.23765 0.37649 0.62975 0.34581 0.29451 0.38330 0.54551 0.43639 0.81418 0.35377 0.00000 0.00000 0.00000
0.00000 0.15810 0.15844 0.25188 0.53283 0.69282 0.23690 0.27023 0.10724 0.29103 0.21937 0.00000 0.20079 0.35621 0.59652 0.49978 0.12417 0.13624 0.44926 0.45005 0.45015 0.00000 0.00000 0.00000 0.00000
0.15851 0.15888 0.15926 0.15963 0.55361 0.54483 0.24421 0.26922 0.00000 0.24469 0.22385 0.00000 0.12934 0.32564 0.53950 0.43949 0.14252 0.16027 0.44149 0.00000 0.00000 0.00000 0.00000 0.00000 0.00000
0.00000 0.15970 0.16002 0.16029 0.23861 0.15869 0.15702 0.15571 0.00000 0.00000 0.00000 0.00000 0.13660 0.13877 0.14403 0.24072 0.15986 0.16005 0.42522 0.00000 0.00000 0.00000 0.00000 0.00000 0.00000
0.00000 0.00000 0.00000 0.00000 0.16010 0.15885 0.15719 0.15582 0.00000 0.00000 0.00000 0.00000 0.16360 0.16245 0.16118 0.16026 0.15970 0.15984 0.16002 0.00000 0.00000 0.00000 0.00000 0.00000 0.00000
