# name=grid_rotated_30 field=200x200 stride=8
25 25
0.43991 0.43057 0.79221 0.86355 0.87762 0.88099 0.74875 0.85736 0.88537 0.89556 0.76738 0.90777 0.83890 0.89408 0.93814 0.88010 0.91194 0.91723 0.82677 0.85956 0.90606 0.89183 0.81247 0.79078 0.74618
0.54148 0.61753 0.78185 0.84480 0.91094 0.89569 0.88678 0.91575 0.85136 0.90407 0.86387 0.91658 0.85794 0.85789 0.93723 0.87430 0.90028 0.88719 0.90630 0.94204 0.91109 0.90376 0.88941 0.85202 0.77946
0.52239 0.78137 0.85173 0.87621 0.91870 0.90877 0.93589 0.93463 0.90221 0.89575 0.88740 0.91191 0.91178 0.90591 0.93631 0.93701 0.93737 0.93035 0.91838 0.92357 0.91827 0.89610 0.91400 0.86958 0.87708
0.74761 0.83955 0.88920 0.91260 0.93760 0.92305 0.92771 0.89967 0.91251 0.93228 0.92035 0.93179 0.93261 0.90004 0.93542 0.91990 0.92281 0.92127 0.93801 0.93853 0.92505 0.93884 0.93060 0.92042 0.85631
0.89183 0.90376 0.89084 0.93901 0.92343 0.93579 0.93469 0.93373 0.93264 0.91807 0.91529 0.93190 0.93257 0.92222 0.93466 0.93599 0.93648 0.92223 0.92435 0.93742 0.93753 0.93689 0.93719 0.91804 0.90973
0.90606 0.91109 0.91827 0.92505 0.93753 0.93598 0.93503 0.92031 0.91824 0.93227 0.91323 0.93223 0.93295 0.93411 0.93511 0.92522 0.93662 0.91517 0.93662 0.92243 0.93598 0.92204 0.92934 0.89619 0.89520
0.85956 0.94204 0.92357 0.93853 0.93742 0.92355 0.92211 0.93462 0.93403 0.91921 0.91867 0.93342 0.91606 0.93482 0.92001 0.93626 0.91700 0.91664 0.91242 0.93566 0.93503 0.93469 0.93525 0.93566 0.88601
0.82677 0.90692 0.91838 0.93801 0.92592 0.93662 0.92148 0.92374 0.93496 0.93446 0.93458 0.93484 0.93519 0.93587 0.91184 0.91707 0.92332 0.93621 0.91808 0.93462 0.91614 0.93376 0.91714 0.93476 0.91557
0.91723 0.88719 0.93835 0.93763 0.91245 0.92777 0.92521 0.93621 0.92068 0.92484 0.92121 0.93634 0.93665 0.93697 0.93709 0.93724 0.92331 0.92397 0.93496 0.93403 0.91777 0.93269 0.91266 0.91171 0.88326
0.91194 0.90028 0.93737 0.92281 0.93648 0.93662 0.92745 0.91388 0.93679 0.93684 0.93695 0.93744 0.93794 0.93817 0.92395 0.92384 0.93684 0.91727 0.93446 0.92067 0.93227 0.93210 0.93237 0.92336 0.90484
0.88010 0.90534 0.93701 0.92244 0.93599 0.91973 0.93626 0.92540 0.93724 0.91372 0.93808 0.93855 0.92419 0.92522 0.93880 0.93808 0.93695 0.93590 0.93458 0.90166 0.92169 0.91529 0.93212 0.89724 0.88571
0.93814 0.93723 0.93631 0.93542 0.93466 0.92045 0.92335 0.91989 0.93709 0.92706 0.93880 0.92866 0.94015 0.92629 0.92094 0.93855 0.93744 0.93634 0.93484 0.93342 0.93223 0.91685 0.91334 0.91175 0.89980
0.89408 0.89776 0.92509 0.92040 0.91957 0.93411 0.93482 0.93587 0.93697 0.93817 0.93913 0.91041 0.92206 0.91967 0.94015 0.92419 0.93794 0.92291 0.93519 0.92100 0.93295 0.93280 0.93312 0.91103 0.88258
0.82620 0.88214 0.91178 0.93261 0.93257 0.93295 0.92100 0.93519 0.92291 0.93794 0.92419 0.94015 0.91967 0.92206 0.91041 0.93913 0.93817 0.93697 0.93587 0.93482 0.93411 0.91981 0.89895 0.90692 0.85959
0.78069 0.89934 0.91165 0.91290 0.91666 0.93223 0.93342 0.93484 0.93634 0.93744 0.93855 0.92094 0.92629 0.94015 0.92866 0.93880 0.92706 0.93709 0.91989 0.92335 0.92045 0.92160 0.93576 0.88626 0.90786
0.75166 0.88471 0.89662 0.93183 0.91529 0.92169 0.90166 0.93458 0.93590 0.93695 0.93808 0.93880 0.92522 0.92419 0.93855 0.93808 0.91372 0.93724 0.92540 0.93626 0.91973 0.92497 0.92268 0.91770 0.90583
0.89556 0.90407 0.92300 0.93228 0.93206 0.93227 0.92067 0.93446 0.91727 0.93684 0.92384 0.92395 0.93817 0.93794 0.93744 0.93695 0.93684 0.93679 0.91388 0.92745 0.93662 0.93669 0.90636 0.91220 0.86718
0.88537 0.85136 0.91149 0.91251 0.93264 0.91777 0.93403 0.93496 0.92397 0.92331 0.93724 0.93709 0.93697 0.93665 0.93634 0.92121 0.92484 0.92068 0.93621 0.92521 0.92777 0.91245 0.93755 0.93819 0.88488
0.83387 0.91575 0.93463 0.91702 0.93373 0.91614 0.93462 0.91808 0.93621 0.92332 0.91707 0.91184 0.93587 0.93519 0.93484 0.93458 0.93446 0.93496 0.92374 0.92148 0.93662 0.92592 0.93787 0.90847 0.90645
0.73879 0.88678 0.93589 0.93535 0.93469 0.93503 0.93566 0.91242 0.91664 0.91700 0.93626 0.92001 0.93482 0.91606 0.93342 0.91867 0.91921 0.93403 0.93462 0.92211 0.92355 0.93735 0.93835 0.92324 0.94130
0.88099 0.89569 0.88736 0.92957 0.92204 0.93598 0.92243 0.93662 0.91517 0.93662 0.92522 0.93511 0.93411 0.93295 0.93223 0.91323 0.93227 0.91824 0.92031 0.93503 0.93598 0.93745 0.92489 0.91793 0.91038
0.88527 0.91053 0.91841 0.93760 0.93705 0.93745 0.93735 0.92435 0.92223 0.93020 0.91849 0.92160 0.92211 0.93280 0.91685 0.91529 0.91813 0.93269 0.93376 0.93469 0.93579 0.92330 0.92600 0.87776 0.90334
0.86296 0.84437 0.89131 0.93088 0.92613 0.92489 0.93835 0.93787 0.91909 0.90636 0.91478 0.92574 0.89895 0.93312 0.91334 0.92020 0.93237 0.91266 0.89983 0.92727 0.92226 0.93719 0.91203 0.88880 0.83831
0.84869 0.79621 0.85158 0.91432 0.90935 0.91793 0.92324 0.90847 0.93021 0.91220 0.91770 0.88626 0.90692 0.91103 0.91235 0.88741 0.89534 0.90246 0.93476 0.93566 0.90752 0.91775 0.87453 0.85134 0.78015
0.43131 0.67157 0.85509 0.89117 0.90334 0.91038 0.94130 0.89117 0.88488 0.86718 0.85217 0.90786 0.85959 0.84369 0.91737 0.86431 0.90484 0.85168 0.91557 0.88601 0.89520 0.90932 0.84340 0.78111 0.61756
