# name=rect_scattered field=200x200 stride=8
25 25
0.00000 0.12549 0.04895 0.04566 0.04406 0.10806 0.10071 0.03761 0.23105 0.04771 0.04626 0.03307 0.00000 0.05297 0.05220 0.05226 0.11297 0.03325 0.03195 0.03408 0.00000 0.00000 0.00000 0.00000 0.00000
0.11134 0.11484 0.12244 0.12001 0.04406 0.10558 0.31737 0.08210 0.64568 0.72098 0.04605 0.03371 0.00000 0.23170 0.27627 0.33524 0.10833 0.09447 0.03234 0.03548 0.00000 0.04405 0.00000 0.00000 0.00000
0.11431 0.10243 0.42439 0.42328 0.72123 0.54813 0.52091 0.56574 0.61381 0.68854 0.25260 0.03476 0.02424 0.21516 0.25128 0.32361 0.29502 0.08919 0.03314 0.08013 0.10075 0.10306 0.00000 0.05014 0.04988
0.12109 0.11087 0.10103 0.66061 0.61462 0.50616 0.50220 0.53393 0.60857 0.25349 0.24664 0.29985 0.02423 0.19436 0.21216 0.31898 0.28979 0.28252 0.07543 0.07407 0.10021 0.37035 0.10230 0.10512 0.04773
0.00000 0.11201 0.64933 0.66539 0.61775 0.50652 0.50573 0.49656 0.38252 0.24224 0.25898 0.50537 0.02365 0.02671 0.36632 0.33217 0.30059 0.16651 0.06693 0.06258 0.09295 0.38353 0.09939 0.10344 0.04630
0.03535 0.03221 0.16764 0.55252 0.13346 0.09522 0.09356 0.14749 0.58772 0.60597 0.31541 0.05133 0.02737 0.03134 0.03567 0.34698 0.30685 0.21388 0.02979 0.03324 0.35651 0.23550 0.09716 0.10239 0.04644
0.03140 0.03169 0.14315 0.27937 0.30811 0.25119 0.23963 0.15457 0.16571 0.19165 0.05947 0.06744 0.08422 0.00000 0.00000 0.03918 0.19294 0.03279 0.00000 0.00000 0.03605 0.22008 0.21916 0.10218 0.04806
0.03914 0.03737 0.18683 0.19027 0.26293 0.44342 0.26065 0.43898 0.19769 0.19358 0.16476 0.07948 0.19002 0.10111 0.03664 0.03274 0.30715 0.03410 0.03362 0.03117 0.06885 0.12861 0.13141 0.19810 0.09553
0.04958 0.45993 0.42326 0.49146 0.62606 0.49763 0.53396 0.60568 0.24136 0.11436 0.09544 0.07235 0.07795 0.31440 0.17217 0.03810 0.18104 0.03598 0.03397 0.03268 0.06991 0.22967 0.10707 0.00000 0.00000
0.04697 0.25140 0.24740 0.25182 0.54501 0.54006 0.08712 0.52217 0.52146 0.30615 0.27260 0.07024 0.12276 0.11806 0.19289 0.33560 0.08858 0.08312 0.08076 0.07901 0.07277 0.07260 0.07859 0.00000 0.00000
0.03931 0.21961 0.33169 0.57466 0.54448 0.30647 0.17959 0.53823 0.18060 0.52808 0.51664 0.25391 0.31883 0.17811 0.19132 0.32273 0.08576 0.08462 0.08339 0.08055 0.29361 0.40178 0.00000 0.00000 0.00000
0.03659 0.32028 0.31008 0.52249 0.51772 0.50685 0.47255 0.56561 0.70682 0.67387 0.28412 0.16553 0.04041 0.33303 0.12017 0.30116 0.18028 0.03433 0.19026 0.41985 0.31965 0.23139 0.10767 0.00000 0.00000
0.00000 0.09351 0.15764 0.24794 0.44172 0.46336 0.54701 0.52202 0.68987 0.62423 0.32081 0.30817 0.53751 0.58814 0.55465 0.14720 0.20801 0.53779 0.52987 0.29116 0.22805 0.20137 0.09125 0.09077 0.00000
0.00000 0.09172 0.07732 0.26634 0.26022 0.54295 0.30777 0.33101 0.59709 0.63153 0.33425 0.32171 0.59313 0.61369 0.61268 0.38512 0.21564 0.47599 0.44286 0.12974 0.22504 0.11410 0.10340 0.09893 0.00000
0.00000 0.08140 0.06956 0.26816 0.46584 0.29292 0.62457 0.37559 0.61862 0.31179 0.37702 0.34491 0.68788 0.63405 0.65471 0.65270 0.35368 0.32175 0.29040 0.08576 0.11675 0.05208 0.04649 0.04650 0.00000
0.00000 0.00000 0.07336 0.18482 0.17964 0.19712 0.50031 0.68711 0.29373 0.48126 0.61162 0.09071 0.24682 0.24314 0.62518 0.66282 0.64596 0.54399 0.49534 0.18567 0.37085 0.08673 0.03936 0.03879 0.00000
0.02893 0.07777 0.08560 0.23178 0.41682 0.44942 0.50118 0.62478 0.62274 0.07834 0.18063 0.15899 0.22104 0.23618 0.65935 0.61847 0.62646 0.54842 0.51590 0.30919 0.34092 0.06864 0.08305 0.03386 0.00000
0.00000 0.08184 0.09004 0.04099 0.55632 0.22036 0.48977 0.64540 0.55946 0.25141 0.03835 0.02610 0.28069 0.36235 0.66343 0.61645 0.60772 0.56864 0.46553 0.60445 0.58826 0.19115 0.09118 0.00000 0.00000
0.00000 0.03102 0.21818 0.36683 0.35975 0.21399 0.36232 0.33269 0.08864 0.09011 0.09674 0.27405 0.27193 0.29121 0.22262 0.62801 0.59520 0.69403 0.46658 0.49429 0.60595 0.16062 0.03273 0.02640 0.00000
0.00000 0.21839 0.21799 0.35476 0.35558 0.35588 0.56782 0.54199 0.08683 0.08879 0.16076 0.44106 0.55499 0.66263 0.55640 0.51445 0.50377 0.62102 0.59129 0.53682 0.63911 0.34002 0.17589 0.01716 0.00000
0.04871 0.04254 0.20803 0.54630 0.39822 0.39460 0.18219 0.07692 0.08447 0.08703 0.40492 0.27350 0.55057 0.51499 0.48744 0.45493 0.45737 0.54261 0.59757 0.67433 0.58341 0.58638 0.20013 0.02652 0.00000
0.04603 0.03823 0.03491 0.21507 0.57409 0.19289 0.00000 0.13656 0.10124 0.23985 0.39746 0.45423 0.52245 0.54615 0.50970 0.46654 0.22070 0.46158 0.53840 0.55548 0.53009 0.56211 0.19937 0.03612 0.00000
0.04714 0.04062 0.03526 0.03093 0.03837 0.05408 0.12465 0.16392 0.11062 0.13910 0.15688 0.26631 0.29967 0.19518 0.17955 0.16470 0.14750 0.05846 0.52869 0.56476 0.32421 0.08508 0.10073 0.04620 0.00000
0.00000 0.05080 0.04149 0.00000 0.00000 0.00000 0.03587 0.03951 0.00000 0.03517 0.03172 0.06969 0.18405 0.20873 0.19041 0.17178 0.00000 0.05174 0.03162 0.15776 0.08599 0.08457 0.10325 0.00000 0.00000
0.00000 0.00000 0.00000 0.00000 0.00000 0.00000 0.00000 0.00000 0.00000 0.03909 0.03445 0.07083 0.03226 0.00000 0.00000 0.00000 0.00000 0.00000 0.00000 0.00000 0.00000 0.00000 0.00000 0.00000 0.00000
