# name=rect_rotated_scattered field=200x200 stride=8
25 25
0.00000 0.00000 0.00000 0.00000 0.00000 0.00000 0.00000 0.00000 0.00000 0.00000 0.00000 0.00000 0.00000 0.00000 0.00000 0.00000 0.00000 0.00000 0.00000 0.00000 0.00000 0.00000 0.00000 0.00000 0.00000
0.00000 0.00000 0.00000 0.00000 0.00000 0.00000 0.00000 0.00000 0.00000 0.00000 0.00000 0.00000 0.00000 0.00000 0.00000 0.00000 0.00000 0.00000 0.00000 0.00000 0.00000 0.00000 0.00000 0.00000 0.00000
0.00000 0.00000 0.00000 0.00000 0.00000 0.00000 0.00000 0.00000 0.00000 0.00000 0.00000 0.00000 0.00000 0.00000 0.00000 0.00000 0.00000 0.00000 0.00000 0.00000 0.00000 0.00000 0.00000 0.00000 0.00000
0.00000 0.00000 0.00000 0.00000 0.00000 0.00000 0.00000 0.02144 0.01784 0.00000 0.00000 0.00000 0.00000 0.00000 0.00000 0.00000 0.00000 0.00000 0.00000 0.00000 0.00000 0.00000 0.00000 0.00000 0.00000
0.00000 0.00000 0.00000 0.00000 0.00000 0.07011 0.02426 0.01970 0.01964 0.00000 0.00000 0.00000 0.00000 0.00000 0.00000 0.00000 0.00000 0.03000 0.00000 0.00000 0.00000 0.00000 0.00000 0.00000 0.00000
0.00000 0.00000 0.00000 0.00000 0.00000 0.06108 0.02062 0.01988 0.00000 0.01825 0.03948 0.00000 0.00000 0.00000 0.05871 0.07115 0.00000 0.00000 0.00000 0.06210 0.17694 0.20788 0.22543 0.00000 0.00000
0.00000 0.00000 0.00000 0.00000 0.06148 0.00000 0.01840 0.11503 0.02835 0.02497 0.05228 0.07964 0.04866 0.00000 0.07762 0.03970 0.04633 0.00000 0.09758 0.06698 0.17180 0.20846 0.22468 0.24514 0.00000
0.00000 0.00000 0.00000 0.00000 0.02476 0.02947 0.07960 0.03473 0.03118 0.06096 0.06740 0.05270 0.04283 0.00000 0.04072 0.03889 0.04202 0.00000 0.06998 0.17867 0.35335 0.22672 0.23343 0.04652 0.04806
0.00000 0.00000 0.02675 0.02679 0.02418 0.02604 0.06712 0.07403 0.03407 0.06861 0.29707 0.03598 0.03804 0.04164 0.09131 0.06857 0.07543 0.06521 0.08473 0.08059 0.09677 0.11204 0.04597 0.04567 0.04652
0.00000 0.03159 0.02991 0.03285 0.03813 0.08052 0.06020 0.06580 0.08634 0.14011 0.31822 0.03014 0.03302 0.08197 0.07165 0.26563 0.06890 0.08066 0.23986 0.09177 0.04682 0.11327 0.08770 0.08487 0.08407
0.00000 0.03821 0.03647 0.03689 0.03448 0.03157 0.06707 0.06227 0.08473 0.13222 0.05311 0.06109 0.06980 0.06779 0.02812 0.26849 0.08301 0.08803 0.39746 0.20754 0.19159 0.16455 0.02317 0.00000 0.00000
0.00000 0.10427 0.09451 0.08555 0.07014 0.06460 0.00000 0.07709 0.08660 0.06169 0.05337 0.00000 0.07848 0.15545 0.29940 0.19795 0.22788 0.22582 0.23981 0.19639 0.15715 0.15923 0.03476 0.00000 0.00000
0.04814 0.04772 0.09941 0.08759 0.07400 0.05657 0.04177 0.00000 0.09277 0.05680 0.03831 0.06189 0.05661 0.27995 0.27425 0.47331 0.21677 0.20182 0.21275 0.22573 0.10009 0.21919 0.10152 0.11274 0.04618
0.10185 0.10475 0.10733 0.21277 0.29797 0.05968 0.00000 0.00000 0.00000 0.02975 0.14778 0.14684 0.06455 0.31839 0.29336 0.24951 0.49489 0.19965 0.21072 0.24103 0.22098 0.07969 0.09444 0.10119 0.04452
0.09319 0.09726 0.10182 0.23710 0.21359 0.18133 0.00000 0.00000 0.07827 0.10232 0.18837 0.16576 0.17479 0.18794 0.32807 0.05510 0.04580 0.10061 0.08804 0.10707 0.20082 0.16050 0.17710 0.19012 0.09636
0.00000 0.08596 0.09131 0.23959 0.23653 0.19309 0.00000 0.00000 0.09657 0.11926 0.20595 0.19261 0.20002 0.25066 0.04883 0.04864 0.04948 0.09661 0.08277 0.09187 0.52281 0.47981 0.48218 0.08334 0.08460
0.00000 0.00000 0.00000 0.24675 0.37534 0.38257 0.20241 0.34530 0.08695 0.21190 0.23380 0.21545 0.21148 0.30168 0.03613 0.03485 0.06602 0.00000 0.07437 0.07272 0.56065 0.55706 0.53934 0.07392 0.00000
0.00000 0.03115 0.02904 0.52751 0.52890 0.60956 0.23533 0.33840 0.29855 0.07473 0.00947 0.03774 0.16225 0.17527 0.07594 0.01984 0.00000 0.00000 0.00000 0.05006 0.17950 0.21270 0.23526 0.00000 0.00000
0.00000 0.00000 0.02695 0.02664 0.07142 0.38412 0.25076 0.33406 0.31092 0.03120 0.01551 0.01888 0.06743 0.18892 0.04126 0.08710 0.05244 0.05666 0.06865 0.57621 0.23590 0.38207 0.40393 0.00000 0.00000
0.00000 0.00000 0.03445 0.22995 0.19264 0.21403 0.46535 0.03867 0.07543 0.29715 0.06155 0.06859 0.17655 0.10189 0.08992 0.08172 0.06740 0.05849 0.31531 0.20599 0.56979 0.20975 0.22231 0.00000 0.00000
0.00000 0.04502 0.11053 0.09603 0.08521 0.48831 0.46863 0.03283 0.03333 0.28809 0.26140 0.03720 0.10006 0.21378 0.52401 0.16739 0.15141 0.20973 0.33101 0.22592 0.65740 0.18719 0.00000 0.00000 0.00000
0.00000 0.04099 0.03953 0.09169 0.32405 0.48830 0.08805 0.10324 0.02463 0.10718 0.07944 0.00000 0.08652 0.20596 0.50281 0.42379 0.03554 0.04000 0.24737 0.25223 0.25970 0.00000 0.00000 0.00000 0.00000
0.03931 0.03866 0.03888 0.03996 0.34201 0.32549 0.09998 0.11359 0.00000 0.07640 0.08437 0.00000 0.04026 0.19108 0.46406 0.38310 0.04061 0.04577 0.23665 0.00000 0.00000 0.00000 0.00000 0.00000 0.00000
0.00000 0.04026 0.04204 0.04407 0.09062 0.04392 0.04348 0.04663 0.00000 0.00000 0.00000 0.00000 0.04264 0.03771 0.03934 0.10137 0.04664 0.04567 0.22439 0.00000 0.00000 0.00000 0.00000 0.00000 0.00000
0.00000 0.00000 0.00000 0.00000 0.04830 0.04424 0.04329 0.04628 0.00000 0.00000 0.00000 0.00000 0.04701 0.04379 0.04466 0.04810 0.04835 0.04683 0.04575 0.00000 0.00000 0.00000 0.00000 0.00000 0.00000
