# name=two_districts field=200x200 stride=8
25 25
0.00000 0.13417 0.33530 0.31490 0.67514 0.66464 0.67514 0.66464 0.67514 0.31282 0.28971 0.07896 0.21583 0.21776 0.69214 0.69282 0.70881 0.77424 0.85097 0.77814 0.36079 0.74770 0.84395 0.89945 0.29657
0.13417 0.34807 1.00000 0.93222 1.00000 0.89834 1.00000 0.89834 1.00000 0.95852 0.87156 0.24145 0.61827 0.62242 0.64486 0.73423 0.79378 0.81966 0.83316 0.80697 0.80223 0.86149 0.83809 0.84171 0.85356
0.33530 1.00000 0.95276 1.00000 0.96239 1.00000 0.96239 1.00000 0.98026 1.00000 0.88749 0.70510 0.73786 0.66327 0.72981 0.77664 0.81984 0.85365 0.85743 0.81662 0.80416 0.86685 0.81767 0.82187 0.81554
0.31490 0.93222 1.00000 1.00000 1.00000 1.00000 1.00000 1.00000 1.00000 1.00000 0.95021 0.78276 0.70009 0.71283 0.79049 0.81266 0.82542 0.84948 0.86630 0.86624 0.84656 0.85462 0.85911 0.84495 0.82188
0.67612 1.00000 0.96239 1.00000 0.97018 1.00000 0.97018 1.00000 0.98451 1.00000 0.93800 0.75205 0.68832 0.76004 0.85585 0.84757 0.86053 0.86742 0.85608 0.85745 0.86329 0.86023 0.84289 0.80662 0.74253
0.66464 0.89834 1.00000 1.00000 1.00000 1.00000 1.00000 1.00000 1.00000 1.00000 0.91652 0.70963 0.54060 0.76530 0.85028 0.85619 0.84814 0.85609 0.85971 0.86668 0.85893 0.86734 0.86773 0.83083 0.79537
0.67612 1.00000 0.96239 1.00000 0.97018 1.00000 0.97018 1.00000 0.98451 1.00000 0.92603 0.76978 0.59999 0.77362 0.88586 0.86648 0.87101 0.87234 0.83916 0.85858 0.84416 0.86831 0.84950 0.83003 0.80733
0.66464 0.89834 1.00000 1.00000 1.00000 1.00000 1.00000 1.00000 1.00000 1.00000 0.92861 0.75405 0.58927 0.70508 0.85018 0.84605 0.85588 0.88122 0.86624 0.86992 0.86530 0.86454 0.84110 0.83279 0.81734
0.67612 1.00000 0.96239 1.00000 0.97018 1.00000 0.97018 1.00000 0.98451 1.00000 0.97764 0.79221 0.55448 0.77478 0.83830 0.84731 0.87403 0.86683 0.85657 0.86140 0.86572 0.85421 0.84126 0.83337 0.80767
0.66464 0.89834 1.00000 1.00000 1.00000 1.00000 1.00000 1.00000 1.00000 1.00000 0.91632 0.70263 0.60466 0.79808 0.84179 0.86087 0.88262 0.86752 0.87165 0.86534 0.84537 0.85728 0.82309 0.81845 0.79509
0.67612 1.00000 0.96239 1.00000 0.97018 1.00000 0.97018 1.00000 0.98451 1.00000 0.91896 0.74427 0.60258 0.77797 0.80740 0.87454 0.86649 0.85335 0.86473 0.85595 0.87354 0.86532 0.84945 0.85324 0.82239
0.66464 0.89834 1.00000 1.00000 1.00000 1.00000 1.00000 1.00000 1.00000 1.00000 0.91693 0.74591 0.60561 0.71077 0.85685 0.88298 0.87362 0.85644 0.86715 0.84203 0.86034 0.84126 0.86517 0.85658 0.83401
0.67612 1.00000 0.96239 1.00000 0.97018 1.00000 0.97018 1.00000 0.98451 1.00000 0.97764 0.75710 0.50355 0.64777 0.79070 0.81548 0.84932 0.86454 0.87460 0.86059 0.86678 0.85715 0.86219 0.81374 0.80552
0.66464 0.89834 1.00000 1.00000 1.00000 1.00000 1.00000 1.00000 1.00000 1.00000 0.92848 0.71876 0.44345 0.77765 0.84796 0.85851 0.86069 0.86751 0.86780 0.84543 0.85762 0.85919 0.83992 0.80148 0.79957
0.67612 1.00000 0.96239 1.00000 0.97018 1.00000 0.97018 1.00000 0.98451 1.00000 0.92636 0.66702 0.56809 0.76584 0.80042 0.84656 0.85787 0.87108 0.86490 0.86714 0.87305 0.85552 0.86269 0.86137 0.85672
0.66464 0.89834 1.00000 1.00000 1.00000 1.00000 1.00000 1.00000 1.00000 1.00000 0.91708 0.75855 0.56948 0.72443 0.88245 0.88068 0.86679 0.86635 0.84040 0.85410 0.86364 0.86574 0.87399 0.83518 0.83713
0.67612 1.00000 0.96239 1.00000 0.97018 1.00000 0.97018 1.00000 0.98451 1.00000 0.97764 0.74278 0.57330 0.62470 0.84067 0.85273 0.84582 0.88124 0.86611 0.87072 0.86607 0.85990 0.88039 0.84594 0.84270
0.66464 0.89834 1.00000 1.00000 1.00000 1.00000 1.00000 1.00000 1.00000 1.00000 0.96735 0.74371 0.54111 0.70177 0.83459 0.81190 0.85432 0.87123 0.85445 0.88045 0.86752 0.87181 0.85395 0.82982 0.83109
0.67612 1.00000 0.96239 1.00000 0.97018 1.00000 0.97018 1.00000 0.98451 1.00000 0.93591 0.76275 0.27791 0.77032 0.83996 0.85845 0.88169 0.87179 0.85517 0.86663 0.84018 0.86552 0.86352 0.85635 0.84717
0.66464 0.89834 1.00000 1.00000 1.00000 1.00000 1.00000 1.00000 1.00000 1.00000 0.92185 0.76667 0.57648 0.76476 0.81021 0.87707 0.87594 0.86836 0.88068 0.87005 0.85615 0.87024 0.84770 0.88676 0.79297
0.67612 1.00000 0.98026 1.00000 0.98451 1.00000 0.98451 1.00000 1.00000 1.00000 0.95853 0.83347 0.55073 0.69511 0.85873 0.86673 0.85993 0.84532 0.86895 0.86688 0.86375 0.87670 0.86075 0.85333 0.82582
0.31282 0.95852 1.00000 1.00000 1.00000 1.00000 1.00000 1.00000 1.00000 1.00000 0.96094 0.85545 0.58185 0.60340 0.81511 0.81486 0.85377 0.86718 0.87394 0.86214 0.86743 0.85131 0.86316 0.84089 0.85010
0.35204 1.00000 0.97159 1.00000 0.97764 0.96735 0.97764 0.96735 1.00000 0.96094 1.00000 0.53231 0.62901 0.78632 0.85446 0.84230 0.88668 0.86442 0.85438 0.88079 0.86526 0.84986 0.81877 0.80966 0.78475
0.13827 0.35647 1.00000 0.92675 0.90428 0.89061 0.90428 0.89061 0.90428 0.95503 0.45677 0.43733 0.32816 0.84404 0.86297 0.85496 0.88849 0.85621 0.84720 0.84934 0.85454 0.83202 0.76272 0.75159 0.68948
0.00000 0.13417 0.12904 0.31490 0.31566 0.31490 0.31566 0.31490 0.31566 0.12808 0.31110 0.00000 0.34060 0.90114 0.89640 0.85665 0.79497 0.84694 0.82987 0.84066 0.85126 0.81040 0.74417 0.66976 0.52722
