# name=grid_nonrect_buildings field=200x200 stride=8
25 25
0.00000 0.00000 0.00000 0.00000 0.00000 0.00000 0.00000 0.00000 0.00000 0.00000 0.00000 0.00000 0.00000 0.00000 0.00000 0.00000 0.00000 0.00000 0.00000 0.35032 0.45493 0.54009 0.57990 0.63095 0.00000
0.00000 0.50893 0.48011 0.91548 0.45732 0.45723 0.46060 0.48396 0.98805 0.43349 0.39796 0.76914 0.77837 0.74073 0.37827 0.40041 0.41723 0.44060 0.87214 0.62779 0.68908 0.67262 0.71710 0.74315 0.00000
0.00000 0.47987 0.90172 0.90569 0.86407 0.89311 0.92887 0.97225 0.94693 0.90877 0.89809 0.89627 0.91038 0.88178 0.85116 0.79860 0.87261 0.91298 0.88176 0.92058 0.88649 0.93180 0.93788 0.74588 0.00000
0.00000 0.88815 0.89039 0.89318 0.91272 0.93140 0.95425 0.96305 0.96799 0.94922 0.93898 0.91021 0.92361 0.90256 0.91297 0.91386 0.91661 0.92074 0.89337 0.91968 0.92267 0.92880 0.93608 0.75075 0.00000
0.00000 0.41932 0.89023 0.89152 0.90755 0.92780 0.91916 0.91052 0.93198 0.95055 0.94245 0.92152 0.93574 0.91267 0.92800 0.89882 0.89739 0.92812 0.90063 0.92085 0.91672 0.91844 0.92289 0.73722 0.00000
0.00000 0.41951 0.83834 0.89517 0.91017 0.93005 0.92000 0.91637 0.93288 0.95544 0.94674 0.92619 0.94443 0.92674 0.93725 0.90562 0.90118 0.88724 0.90224 0.91510 0.91145 0.90910 0.91146 0.72542 0.00000
0.00000 0.42751 0.86784 0.87587 0.89638 0.91074 0.90620 0.93602 0.96950 0.93452 0.93278 0.94811 0.94715 0.93151 0.91814 0.91303 0.87955 0.90628 0.88140 0.89007 0.88498 0.90277 0.90026 0.73405 0.00000
0.00000 0.44394 0.90868 0.91065 0.87507 0.90303 0.92561 0.95978 0.94031 0.91756 0.91959 0.92602 0.94355 0.92624 0.90260 0.85340 0.90108 0.93021 0.90314 0.91758 0.88078 0.90422 0.90001 0.71521 0.00000
0.00000 0.41725 0.85348 0.88707 0.89693 0.90571 0.89971 0.92938 0.93607 0.90914 0.91065 0.94620 0.94453 0.92743 0.90017 0.89365 0.93371 0.90761 0.88431 0.88443 0.88471 0.91120 0.91178 0.73224 0.00000
0.00000 0.40873 0.86435 0.90664 0.91156 0.87503 0.89262 0.89297 0.89564 0.93868 0.94044 0.92465 0.94052 0.92837 0.94402 0.88636 0.90871 0.90022 0.91108 0.89884 0.93312 0.93107 0.92683 0.74015 0.00000
0.00000 0.38614 0.87225 0.90392 0.87137 0.89774 0.87855 0.87789 0.88818 0.92879 0.93273 0.92419 0.93954 0.93000 0.94480 0.94286 0.91406 0.89865 0.91405 0.93933 0.94014 0.94146 0.94006 0.75341 0.00000
0.00000 0.88604 0.88518 0.90514 0.88121 0.87581 0.87671 0.88251 0.89591 0.91004 0.91805 0.93210 0.93481 0.92850 0.92999 0.92712 0.92284 0.91710 0.91635 0.92164 0.92889 0.95165 0.95218 0.76585 0.00000
0.00000 0.79157 0.91365 0.90932 0.90094 0.89745 0.89409 0.90256 0.91236 0.92548 0.92983 0.93099 0.93002 0.93112 0.93341 0.93913 0.93892 0.93431 0.93208 0.93568 0.94404 0.95019 0.95320 0.95653 0.00000
0.00000 0.88981 0.89238 0.91247 0.88943 0.88442 0.90339 0.88944 0.90331 0.91121 0.91408 0.92756 0.92337 0.91899 0.91500 0.91960 0.91880 0.91512 0.91203 0.92489 0.93258 0.95134 0.95649 0.78774 0.00000
0.00000 0.39676 0.86857 0.92305 0.92309 0.91993 0.89905 0.88429 0.91237 0.93075 0.93377 0.91436 0.92380 0.91162 0.92926 0.93609 0.92170 0.90210 0.91693 0.94013 0.94916 0.95857 0.96554 0.77764 0.00000
0.00000 0.41262 0.83871 0.93306 0.90951 0.93933 0.91519 0.86139 0.91591 0.91510 0.94001 0.91700 0.93050 0.91786 0.93869 0.91654 0.92587 0.86308 0.91946 0.94930 0.93616 0.96731 0.97695 0.78371 0.00000
0.00000 0.43543 0.90149 0.92094 0.92757 0.93192 0.93009 0.92347 0.89849 0.92160 0.92571 0.94086 0.94077 0.92684 0.92863 0.93132 0.94152 0.93264 0.90729 0.93842 0.94960 0.97141 0.97711 0.78585 0.00000
0.00000 0.45794 0.93940 0.95090 0.91033 0.92558 0.92408 0.94769 0.91760 0.91566 0.91798 0.92777 0.94707 0.93149 0.91635 0.89446 0.94134 0.96468 0.93601 0.96435 0.92830 0.96058 0.96262 0.76952 0.00000
0.00000 0.89392 0.90537 0.92110 0.93147 0.93143 0.92086 0.91277 0.89067 0.92387 0.92708 0.94086 0.94184 0.92941 0.93330 0.93656 0.94667 0.94469 0.92060 0.92793 0.92416 0.94362 0.94110 0.75067 0.00000
0.34447 0.63707 0.93892 0.93231 0.93184 0.89774 0.91132 0.94407 0.92525 0.94314 0.91181 0.91423 0.93005 0.91182 0.93198 0.90471 0.91467 0.94841 0.92488 0.93625 0.90261 0.91813 0.91183 0.72468 0.00000
0.44516 0.69673 0.88874 0.92036 0.88859 0.91840 0.90383 0.90622 0.93021 0.90958 0.93418 0.91148 0.00000 0.00000 0.00000 0.00000 0.89316 0.89141 0.91399 0.89494 0.91655 0.90932 0.90226 0.71831 0.00000
0.52792 0.92684 0.91956 0.90985 0.90603 0.90656 0.91443 0.93020 0.94147 0.94007 0.93246 0.91995 0.00000 0.00000 0.00000 0.00000 0.89333 0.90193 0.91083 0.91439 0.91142 0.90630 0.90098 0.72998 0.00000
0.56982 0.69750 0.91872 0.90632 0.90124 0.90206 0.91223 0.92784 0.93969 0.94295 0.93352 0.92107 0.00000 0.00000 0.00000 0.00000 0.87989 0.88903 0.90316 0.91627 0.91275 0.91245 0.90771 0.90472 0.00000
0.63095 0.72478 0.72031 0.71461 0.71591 0.71748 0.72261 0.73281 0.74373 0.75214 0.75007 0.92016 0.00000 0.00000 0.00000 0.00000 0.69369 0.70183 0.89811 0.72600 0.73315 0.91603 0.91172 0.74000 0.00000
0.00000 0.00000 0.00000 0.00000 0.00000 0.00000 0.00000 0.00000 0.00000 0.00000 0.00000 0.00000 0.00000 0.00000 0.00000 0.00000 0.00000 0.00000 0.00000 0.00000 0.00000 0.00000 0.00000 0.00000 0.00000
