# name=grid_streets_mixed field=200x200 stride=8
25 25
0.36873 0.35095 1.00000 0.91642 0.93186 0.91921 0.93165 1.00000 0.94711 0.97998 0.96085 0.98547 1.00000 0.99163 0.98050 0.93391 0.95354 0.91687 0.86282 0.93925 0.52095 0.95018 1.00000 0.36021 0.13744
0.34834 1.00000 0.96862 1.00000 0.97365 1.00000 1.00000 0.97995 1.00000 0.98385 1.00000 0.98745 1.00000 0.99185 0.97869 0.96459 0.95296 0.92488 0.96009 0.94537 1.00000 0.95701 1.00000 1.00000 0.13124
0.95391 0.96009 0.97746 0.97160 0.98079 1.00000 1.00000 0.98511 1.00000 1.00000 1.00000 1.00000 1.00000 0.99024 0.98031 0.96351 0.95340 0.95035 0.94135 0.97895 0.97113 1.00000 0.96384 0.95699 0.12792
0.53065 1.00000 0.97715 1.00000 0.98086 1.00000 1.00000 0.98547 1.00000 0.98832 1.00000 0.99080 1.00000 0.99099 0.97869 0.96459 0.95354 0.95111 0.95921 0.97929 1.00000 1.00000 1.00000 1.00000 0.33600
0.93000 0.97588 0.97832 0.98241 0.96566 0.98324 0.98556 0.97432 0.98979 1.00000 1.00000 1.00000 1.00000 0.99125 0.97883 0.96519 0.95206 0.94955 0.94821 0.97985 0.98266 1.00000 0.97819 0.93452 0.34072
0.74597 1.00000 0.97604 1.00000 0.97932 1.00000 1.00000 0.98475 1.00000 0.98774 1.00000 0.99036 1.00000 0.99145 0.97821 0.96415 0.95376 0.95127 0.95932 0.98021 1.00000 1.00000 1.00000 0.92533 0.35183
0.75723 1.00000 0.97673 1.00000 0.97997 1.00000 1.00000 0.98520 1.00000 0.98810 1.00000 0.99063 1.00000 0.99108 0.97824 0.96419 0.95382 0.94943 0.95925 0.97998 1.00000 1.00000 1.00000 0.93117 0.34492
0.84305 1.00000 0.97943 1.00000 0.98201 1.00000 1.00000 0.98693 1.00000 0.98950 1.00000 0.99170 1.00000 0.99207 0.97797 0.96394 0.95332 0.94784 0.95897 0.98178 1.00000 1.00000 1.00000 1.00000 0.72039
0.88928 1.00000 0.98109 1.00000 0.98380 1.00000 1.00000 0.98800 1.00000 0.99036 1.00000 0.99236 1.00000 0.99102 0.97831 0.96425 0.95395 0.95141 0.95879 0.97953 1.00000 1.00000 1.00000 0.94262 0.81161
1.00000 0.98312 1.00000 0.98832 0.98909 0.98888 0.99042 0.99137 0.99311 1.00000 1.00000 1.00000 1.00000 0.99127 0.97861 0.96355 0.95261 0.94939 0.95258 0.98003 0.98746 1.00000 0.98553 1.00000 0.84497
0.94321 1.00000 1.00000 1.00000 1.00000 1.00000 1.00000 1.00000 1.00000 1.00000 1.00000 1.00000 1.00000 0.99047 0.97869 0.96459 0.95242 0.95145 0.95962 0.97763 1.00000 1.00000 1.00000 1.00000 0.90941
0.97842 0.98112 1.00000 0.98687 1.00000 1.00000 1.00000 1.00000 1.00000 1.00000 1.00000 1.00000 1.00000 0.99106 0.97910 0.96278 0.95343 0.94929 0.95319 0.98015 0.98608 1.00000 0.98361 0.97976 1.00000
1.00000 1.00000 1.00000 1.00000 1.00000 1.00000 1.00000 1.00000 1.00000 1.00000 1.00000 1.00000 1.00000 0.98972 0.97869 0.96459 0.95197 0.95191 0.95921 0.97599 1.00000 1.00000 1.00000 1.00000 1.00000
0.98956 0.99078 0.98860 0.98968 0.98999 0.98961 0.99105 0.99036 0.99036 0.98966 0.99007 0.98878 0.99079 0.98061 0.96720 0.95252 0.94273 0.93941 0.94978 0.97240 0.99125 0.98891 0.98773 0.99016 0.97605
0.97595 0.97337 0.97456 0.97337 0.97437 0.97337 0.97569 0.97413 0.97498 0.97398 0.97337 0.97482 0.97337 0.96402 0.95263 0.93890 0.92976 0.92656 0.93500 0.95196 0.97337 0.97478 0.97337 0.97337 0.96710
0.94759 0.94656 0.95785 0.94457 0.94528 0.94513 0.94566 0.95746 0.95645 0.95770 0.95667 0.95672 0.95611 0.94876 0.93707 0.92302 0.91168 0.90772 0.91220 0.93701 0.94597 0.95760 0.94319 0.93840 0.94687
0.91275 0.94286 0.94039 0.94286 0.94078 0.94286 0.93808 0.94128 0.94188 0.95401 0.97630 0.98714 0.97123 0.94674 0.92277 0.90947 0.89884 0.89664 0.90185 0.92089 0.94286 0.94199 0.94286 0.91769 0.84680
0.91045 0.91243 0.94354 0.94316 0.94160 0.94326 0.94112 0.94300 0.94215 0.94430 0.96647 0.94976 0.95779 0.93687 0.92378 0.90975 0.90055 0.89297 0.90359 0.92370 0.92427 0.94430 0.94603 0.91143 0.73295
0.63870 0.95572 0.94010 0.95572 0.94265 0.95572 0.95889 0.94582 0.95671 0.94777 0.96360 0.98292 0.95572 0.94735 0.93535 0.92187 0.91110 0.90850 0.91815 0.93483 0.95572 0.95657 0.95572 0.95572 0.39057
0.94775 0.95365 0.96057 0.96027 0.94545 0.96108 0.96624 0.96984 0.98221 0.98114 0.98171 0.98570 0.99470 0.97202 0.95901 0.94396 0.93117 0.93093 0.92502 0.96592 0.96334 0.97971 0.95225 0.95066 0.30817
0.63471 1.00000 0.97759 1.00000 0.98122 1.00000 1.00000 0.98575 1.00000 0.98854 1.00000 0.99130 1.00000 0.99163 0.97869 0.96459 0.95366 0.95119 0.95916 0.98057 1.00000 1.00000 1.00000 0.91633 0.11837
0.91541 1.00000 0.97863 1.00000 0.98154 1.00000 1.00000 0.98642 1.00000 1.00000 1.00000 1.00000 1.00000 0.99131 0.97818 0.96413 0.95370 0.95123 0.95905 0.98039 1.00000 1.00000 1.00000 0.92075 0.12811
0.33735 0.96592 0.94765 0.97581 0.95463 0.97692 0.97918 0.96502 0.98577 0.98590 1.00000 0.98888 1.00000 0.99017 0.97946 0.96366 0.95211 0.95057 0.94458 0.96105 0.97541 0.97737 0.96915 0.96325 0.14308
0.36367 1.00000 0.96487 0.91926 0.90763 0.92196 0.93365 0.97750 1.00000 0.98187 1.00000 0.98692 1.00000 0.99225 0.97801 0.93798 0.95339 0.91732 0.96047 0.94103 1.00000 0.95196 1.00000 0.35596 0.14608
0.00000 0.14478 0.14251 0.36372 0.36874 0.36230 0.76548 0.63990 0.69742 0.80020 0.90632 1.00000 1.00000 0.98687 0.97361 0.89864 0.83604 0.82683 0.72797 0.80633 0.36691 0.36766 0.15561 0.15593 0.00000
