# name=grid_streets_w2 field=200x200 stride=8
25 25
0.35834 0.34233 0.94260 1.00000 0.87097 0.97050 0.87016 0.91343 0.96258 0.97740 0.98000 0.97797 1.00000 1.00000 0.98032 0.97688 0.97977 1.00000 0.94754 0.97050 0.87016 0.89818 0.94746 0.34467 0.35994
0.34233 1.00000 1.00000 0.97984 1.00000 0.95320 1.00000 1.00000 0.97010 1.00000 0.98341 1.00000 0.98899 1.00000 0.98340 1.00000 1.00000 0.98577 1.00000 0.97645 1.00000 1.00000 0.95403 1.00000 0.34341
0.94260 1.00000 1.00000 0.98570 1.00000 0.98485 1.00000 1.00000 1.00000 1.00000 1.00000 1.00000 0.99234 1.00000 1.00000 1.00000 1.00000 0.99018 1.00000 1.00000 1.00000 1.00000 1.00000 1.00000 0.94183
1.00000 0.97984 0.98570 0.97395 1.00000 0.95685 1.00000 0.98885 0.99001 0.99182 1.00000 1.00000 0.99274 1.00000 1.00000 1.00000 1.00000 0.98168 1.00000 0.97206 1.00000 0.98659 0.98511 0.97943 0.88889
0.87097 1.00000 1.00000 1.00000 1.00000 1.00000 1.00000 1.00000 1.00000 1.00000 1.00000 1.00000 1.00000 1.00000 1.00000 1.00000 1.00000 1.00000 1.00000 1.00000 1.00000 1.00000 1.00000 1.00000 0.86943
0.97050 0.95320 0.98485 0.95685 1.00000 0.94118 1.00000 0.98798 0.98918 0.99123 1.00000 1.00000 0.99298 1.00000 1.00000 1.00000 1.00000 0.96931 1.00000 0.95609 1.00000 0.98569 0.98424 0.95228 0.88047
0.87016 1.00000 1.00000 1.00000 1.00000 1.00000 1.00000 1.00000 1.00000 1.00000 1.00000 1.00000 1.00000 1.00000 1.00000 1.00000 1.00000 1.00000 1.00000 1.00000 1.00000 1.00000 1.00000 1.00000 0.86861
0.91343 1.00000 1.00000 0.98885 1.00000 0.98798 1.00000 1.00000 1.00000 1.00000 1.00000 1.00000 0.99394 1.00000 1.00000 1.00000 1.00000 0.99214 1.00000 1.00000 1.00000 1.00000 1.00000 1.00000 0.91252
0.96258 0.97010 1.00000 0.99001 1.00000 0.98918 1.00000 1.00000 1.00000 1.00000 1.00000 1.00000 0.99455 1.00000 1.00000 1.00000 1.00000 0.99291 1.00000 1.00000 1.00000 1.00000 1.00000 0.96950 0.96222
0.97740 1.00000 1.00000 0.99182 1.00000 0.99123 1.00000 1.00000 1.00000 1.00000 1.00000 1.00000 0.99558 1.00000 1.00000 1.00000 1.00000 0.99429 1.00000 1.00000 1.00000 1.00000 1.00000 1.00000 0.97805
0.98000 0.98341 1.00000 1.00000 1.00000 1.00000 1.00000 1.00000 1.00000 1.00000 1.00000 1.00000 1.00000 1.00000 1.00000 1.00000 1.00000 1.00000 1.00000 1.00000 1.00000 1.00000 1.00000 0.98308 0.98305
0.97797 1.00000 1.00000 1.00000 1.00000 1.00000 1.00000 1.00000 1.00000 1.00000 1.00000 1.00000 1.00000 1.00000 1.00000 1.00000 1.00000 1.00000 1.00000 1.00000 1.00000 1.00000 1.00000 1.00000 0.97859
1.00000 0.98899 0.99234 0.99274 1.00000 0.99298 1.00000 0.99394 0.99455 0.99558 1.00000 1.00000 1.00000 1.00000 1.00000 1.00000 1.00000 0.99486 1.00000 0.99317 1.00000 0.99277 0.99203 0.98877 1.00000
1.00000 1.00000 1.00000 1.00000 1.00000 1.00000 1.00000 1.00000 1.00000 1.00000 1.00000 1.00000 1.00000 1.00000 1.00000 1.00000 1.00000 1.00000 1.00000 1.00000 1.00000 1.00000 1.00000 1.00000 1.00000
0.98032 0.98340 1.00000 1.00000 1.00000 1.00000 1.00000 1.00000 1.00000 1.00000 1.00000 1.00000 1.00000 1.00000 1.00000 1.00000 1.00000 1.00000 1.00000 1.00000 1.00000 1.00000 1.00000 0.98306 0.98016
0.97688 1.00000 1.00000 1.00000 1.00000 1.00000 1.00000 1.00000 1.00000 1.00000 1.00000 1.00000 1.00000 1.00000 1.00000 1.00000 1.00000 1.00000 1.00000 1.00000 1.00000 1.00000 1.00000 1.00000 0.97675
0.97977 1.00000 1.00000 1.00000 1.00000 1.00000 1.00000 1.00000 1.00000 1.00000 1.00000 1.00000 1.00000 1.00000 1.00000 1.00000 1.00000 1.00000 1.00000 1.00000 1.00000 1.00000 1.00000 1.00000 0.98095
1.00000 0.98577 0.99018 0.98168 1.00000 0.96931 1.00000 0.99214 0.99291 0.99429 1.00000 1.00000 0.99486 1.00000 1.00000 1.00000 1.00000 0.98724 1.00000 0.97994 1.00000 0.99069 0.98979 0.98550 0.97685
0.94754 1.00000 1.00000 1.00000 1.00000 1.00000 1.00000 1.00000 1.00000 1.00000 1.00000 1.00000 1.00000 1.00000 1.00000 1.00000 1.00000 1.00000 1.00000 1.00000 1.00000 1.00000 1.00000 1.00000 0.94701
0.97050 0.97645 1.00000 0.97206 1.00000 0.95609 1.00000 1.00000 1.00000 1.00000 1.00000 1.00000 0.99317 1.00000 1.00000 1.00000 1.00000 0.97994 1.00000 0.97040 1.00000 1.00000 1.00000 0.97601 0.88047
0.87016 1.00000 1.00000 1.00000 1.00000 1.00000 1.00000 1.00000 1.00000 1.00000 1.00000 1.00000 1.00000 1.00000 1.00000 1.00000 1.00000 1.00000 1.00000 1.00000 1.00000 1.00000 1.00000 1.00000 0.86861
0.89818 1.00000 1.00000 0.98659 1.00000 0.98569 1.00000 1.00000 1.00000 1.00000 1.00000 1.00000 0.99277 1.00000 1.00000 1.00000 1.00000 0.99069 1.00000 1.00000 1.00000 1.00000 1.00000 1.00000 0.89690
0.94746 0.95403 1.00000 0.98511 1.00000 0.98424 1.00000 1.00000 1.00000 1.00000 1.00000 1.00000 0.99203 1.00000 1.00000 1.00000 1.00000 0.98979 1.00000 1.00000 1.00000 1.00000 1.00000 0.95313 0.94674
0.34467 1.00000 1.00000 0.97943 1.00000 0.95228 1.00000 1.00000 0.96950 1.00000 0.98308 1.00000 0.98877 1.00000 0.98306 1.00000 1.00000 0.98550 1.00000 0.97601 1.00000 1.00000 0.95313 1.00000 0.34582
0.35994 0.34341 0.94183 0.88889 0.86943 0.88047 0.86861 0.91252 0.96222 0.97805 0.98305 0.97859 1.00000 1.00000 0.98016 0.97675 0.98095 0.97685 0.94701 0.88047 0.86861 0.89690 0.94674 0.34582 0.36160
