# name=grid_rotated_30 field=200x200 stride=8
25 25
0.24464 0.25379 0.77675 0.84096 0.84761 0.84817 0.63378 0.80213 0.88147 0.92204 0.83669 0.89676 0.92465 0.92761 0.90560 0.88876 0.84076 0.79795 0.84528 0.84031 0.88569 0.87193 0.61037 0.38245 0.39261
0.36615 0.43387 0.76225 0.82359 0.88284 0.86788 0.86810 0.90147 0.87216 0.92081 0.92218 0.90428 0.92335 0.92400 0.90776 0.88030 0.85841 0.82737 0.88395 0.92279 0.89043 0.88494 0.82368 0.72529 0.37920
0.37481 0.72822 0.83731 0.85450 0.89607 0.86311 0.91837 0.92261 0.89563 0.90444 0.92083 0.90995 0.92224 0.92365 0.91198 0.89941 0.88794 0.86493 0.89855 0.90766 0.89994 0.86181 0.86765 0.82876 0.74991
0.61037 0.82535 0.87297 0.89570 0.91923 0.90609 0.89396 0.90671 0.90498 0.91991 0.91992 0.92081 0.92199 0.92356 0.91789 0.91062 0.89563 0.89293 0.92639 0.92463 0.90964 0.91857 0.88768 0.84122 0.80371
0.87193 0.88494 0.87436 0.92230 0.90941 0.91112 0.92388 0.92270 0.92120 0.91141 0.91132 0.92136 0.92192 0.92360 0.92495 0.92039 0.92775 0.92830 0.91175 0.92570 0.92440 0.90453 0.90785 0.87759 0.85609
0.88569 0.89043 0.89994 0.90964 0.92440 0.92464 0.92418 0.90764 0.92289 0.92179 0.90885 0.92193 0.92255 0.92376 0.92541 0.91717 0.92732 0.91074 0.92677 0.91176 0.92464 0.91112 0.89648 0.84489 0.84282
0.84031 0.92258 0.90743 0.92439 0.92550 0.91176 0.91259 0.92411 0.92380 0.91415 0.92331 0.92329 0.92358 0.92483 0.92644 0.92697 0.92793 0.91070 0.91325 0.91259 0.92418 0.92388 0.88747 0.90848 0.85422
0.84503 0.88359 0.89808 0.92589 0.91133 0.92652 0.91325 0.92603 0.92550 0.92513 0.92414 0.92361 0.92458 0.92605 0.91932 0.92788 0.91798 0.92679 0.92603 0.92411 0.90764 0.92272 0.90680 0.92273 0.89551
0.79764 0.82689 0.86433 0.89226 0.92770 0.91036 0.91052 0.92679 0.92755 0.92721 0.91892 0.92559 0.92617 0.92718 0.92818 0.92868 0.92851 0.92755 0.92550 0.92380 0.92289 0.92121 0.90505 0.89578 0.87238
0.84038 0.85786 0.88725 0.89490 0.92713 0.92692 0.92774 0.91798 0.92851 0.92765 0.92697 0.92711 0.92793 0.92843 0.92825 0.92293 0.92765 0.92721 0.92513 0.91415 0.92179 0.91144 0.91995 0.90478 0.92128
0.88843 0.89278 0.89885 0.91003 0.91988 0.91684 0.92683 0.92788 0.92868 0.92293 0.92816 0.92865 0.92949 0.92936 0.92900 0.92816 0.92697 0.91892 0.92414 0.92331 0.90885 0.91132 0.92021 0.92139 0.92299
0.90580 0.90746 0.91158 0.91750 0.92462 0.92520 0.92634 0.91932 0.92818 0.92825 0.92900 0.92967 0.93009 0.93036 0.92967 0.92869 0.92717 0.92565 0.92361 0.92329 0.92193 0.92155 0.92125 0.91036 0.90506
0.92426 0.92382 0.92345 0.92335 0.92342 0.92365 0.92490 0.92605 0.92718 0.92843 0.92936 0.93036 0.93049 0.93049 0.93015 0.92960 0.92806 0.92630 0.92467 0.92358 0.92255 0.92215 0.92250 0.92251 0.92346
0.92403 0.92335 0.92224 0.92175 0.92203 0.92273 0.92378 0.92473 0.92626 0.92801 0.92958 0.93016 0.93055 0.93055 0.93048 0.92955 0.92866 0.92742 0.92621 0.92491 0.92376 0.92382 0.92358 0.92312 0.92313
0.89676 0.90428 0.90995 0.92093 0.92157 0.92227 0.92368 0.92394 0.92587 0.92735 0.92882 0.92983 0.93048 0.93023 0.92983 0.92925 0.92858 0.92849 0.91953 0.92655 0.92541 0.92468 0.91931 0.91457 0.91179
0.83669 0.92218 0.92083 0.92008 0.91166 0.90938 0.92392 0.92469 0.91936 0.92736 0.92845 0.92925 0.92955 0.92969 0.92887 0.92845 0.92328 0.92904 0.92814 0.92709 0.91717 0.92067 0.92501 0.92313 0.91296
0.92204 0.92081 0.90444 0.92012 0.91180 0.92240 0.91487 0.92581 0.92779 0.92810 0.92328 0.92858 0.92866 0.92814 0.92741 0.92736 0.92810 0.92894 0.91827 0.92804 0.92732 0.92676 0.91661 0.92393 0.91083
0.88147 0.87216 0.89563 0.90516 0.92158 0.92349 0.92443 0.92610 0.92807 0.92894 0.92904 0.92849 0.92742 0.92639 0.92593 0.91936 0.92779 0.92807 0.92713 0.91070 0.91074 0.92830 0.91388 0.90210 0.88566
0.80213 0.90147 0.92261 0.90671 0.92295 0.90804 0.92456 0.92642 0.92713 0.91827 0.92814 0.91953 0.92621 0.92482 0.92394 0.92469 0.92581 0.92610 0.92642 0.91343 0.92677 0.91175 0.92307 0.92090 0.91921
0.63378 0.86810 0.91837 0.89396 0.92388 0.92437 0.91280 0.91343 0.91052 0.92785 0.92695 0.92645 0.92499 0.92378 0.92368 0.92392 0.91487 0.92443 0.92456 0.91280 0.91176 0.92271 0.91847 0.89741 0.90788
0.84817 0.86788 0.86311 0.90609 0.91112 0.92464 0.91176 0.92652 0.91036 0.92692 0.91684 0.92520 0.92365 0.92273 0.92227 0.90938 0.92240 0.92349 0.90804 0.92437 0.92464 0.91970 0.89994 0.88395 0.86730
0.84719 0.88247 0.89579 0.91923 0.90941 0.91970 0.92252 0.91133 0.92770 0.92616 0.92016 0.92436 0.92364 0.92226 0.92176 0.91166 0.91183 0.92158 0.92297 0.92388 0.91112 0.90453 0.89805 0.84560 0.86095
0.84041 0.82320 0.85416 0.88988 0.90100 0.89994 0.91824 0.92257 0.91319 0.91586 0.92441 0.91892 0.92337 0.92227 0.92136 0.92038 0.92017 0.90523 0.90680 0.88747 0.89648 0.90785 0.88304 0.85794 0.80792
0.77654 0.76217 0.83717 0.86175 0.85724 0.88395 0.89718 0.92041 0.90147 0.92320 0.92255 0.91418 0.92292 0.92251 0.91036 0.92139 0.90478 0.89578 0.92273 0.90848 0.84489 0.87734 0.84090 0.82864 0.71881
0.25413 0.35446 0.72016 0.80869 0.86095 0.86730 0.90768 0.91882 0.88513 0.91025 0.91250 0.91148 0.92296 0.92459 0.90506 0.92299 0.92128 0.87238 0.89551 0.85422 0.84282 0.85576 0.80337 0.74985 0.37974
