# name=grid_mixed_sizes field=200x200 stride=8
25 25
0.00000 0.00000 0.00000 0.00000 0.00000 0.00000 0.04079 0.33358 0.60597 0.63346 0.71778 0.84569 0.92480 1.00000 1.00000 1.00000 0.92074 0.89809 0.68580 0.34885 0.51153 0.14828 0.14938 0.15124 0.00000
0.00000 0.00000 0.00000 0.00000 0.00000 0.00000 0.69142 0.80948 0.87779 0.72693 0.97040 0.84569 0.96450 0.98101 1.00000 0.96362 0.91167 0.91031 0.66911 0.80391 0.48570 0.49473 0.95245 0.15124 0.00000
0.00000 0.00000 0.36738 0.00000 0.29034 0.26766 0.66835 0.75922 0.92468 0.93065 0.96429 0.98390 0.97268 0.98591 1.00000 0.96294 0.91339 0.89939 0.79600 0.77797 0.91630 0.93378 0.91738 0.92186 0.13921
0.15020 0.36738 0.91961 0.87022 0.81550 0.84414 0.79793 0.84560 0.88587 0.90849 0.95651 0.98190 0.98123 1.00000 0.97141 0.97410 0.95048 0.93337 0.85030 0.94804 0.90735 0.94547 0.93493 0.87166 0.13394
0.14827 0.30141 0.91200 0.86533 0.78726 0.80085 0.74082 0.91952 0.87446 0.89945 0.94395 0.98332 0.99226 0.98511 0.97893 0.97050 0.93672 0.92909 0.87241 0.95428 0.96353 0.93203 0.88873 0.52774 0.13657
0.14923 0.33997 0.88218 0.86043 0.85643 0.69600 0.79027 0.90293 0.85032 0.92763 0.95416 0.97946 1.00000 0.97957 0.97130 0.97291 0.95594 0.95145 0.92256 0.89395 0.93344 0.81243 0.78284 0.79617 0.13921
0.34330 0.72033 0.94016 0.96505 0.93471 0.88330 0.83222 0.76627 0.86877 0.92599 0.96334 1.00000 1.00000 0.95877 0.95860 0.94780 0.95155 0.97731 0.93346 0.95748 0.91279 0.78580 0.48399 0.30608 0.13394
0.35383 1.00000 1.00000 1.00000 0.97343 0.96892 0.94018 0.88512 0.93222 0.94890 0.99023 1.00000 1.00000 0.95395 0.95928 0.95817 0.94522 0.91667 0.92468 0.92889 0.92396 0.89404 0.79553 0.29146 0.13657
0.36758 1.00000 1.00000 0.96822 0.97382 0.96107 0.97060 0.90890 0.97755 0.98718 0.99045 1.00000 1.00000 0.95566 0.96866 0.97747 0.96998 0.95873 0.91974 0.87642 0.87098 0.88486 0.91115 0.79401 0.33736
0.95880 0.96349 1.00000 1.00000 0.93641 0.96935 0.94653 0.96297 0.98361 1.00000 0.98093 1.00000 0.98900 0.99154 0.97844 0.99149 0.98693 0.98612 0.98350 0.94513 0.92359 0.92943 0.97365 0.36833 0.36833
0.37529 1.00000 1.00000 1.00000 0.97737 0.98022 0.97952 0.98961 1.00000 1.00000 1.00000 1.00000 1.00000 0.98453 1.00000 0.99170 1.00000 1.00000 1.00000 0.98694 0.97757 0.97721 0.98098 0.40048 0.40048
0.83151 1.00000 1.00000 1.00000 1.00000 0.98107 0.99046 0.96699 0.99068 0.99399 0.99450 1.00000 1.00000 1.00000 1.00000 1.00000 1.00000 1.00000 1.00000 0.97379 0.99006 0.98822 0.96177 0.95892 0.44444
0.90323 0.92060 1.00000 1.00000 0.97441 0.97113 0.96587 1.00000 1.00000 0.98906 0.98842 0.99123 1.00000 1.00000 1.00000 1.00000 1.00000 1.00000 0.98953 0.96764 0.97494 0.97711 1.00000 1.00000 1.00000
0.44444 0.93836 0.95266 0.96996 0.96967 1.00000 1.00000 1.00000 1.00000 0.98622 0.98066 0.99041 0.99074 1.00000 1.00000 0.99081 0.98455 1.00000 0.97361 0.96183 0.97277 0.98414 0.95417 0.95966 1.00000
1.00000 1.00000 1.00000 1.00000 1.00000 1.00000 1.00000 1.00000 1.00000 0.99014 0.98454 0.98024 0.98578 0.99480 1.00000 0.98722 0.97819 0.98951 0.97166 0.96611 0.96620 0.96652 0.92559 0.92924 0.38568
1.00000 1.00000 1.00000 0.98008 1.00000 1.00000 1.00000 0.97794 1.00000 0.98974 1.00000 0.97960 0.98392 0.99467 0.99479 0.98730 0.96858 0.95789 0.95446 0.96099 0.96955 0.93511 0.74804 0.74804 0.74804
0.44444 0.86984 0.86984 0.94452 0.95517 0.97838 0.94667 0.95313 0.97080 0.98173 0.99254 0.97762 0.98537 1.00000 1.00000 0.98246 0.96651 0.93290 0.92623 0.94349 0.95608 0.97407 0.66337 0.66337 0.15713
0.38657 0.38657 0.38657 0.88805 0.97686 0.95176 0.93127 0.91374 0.93843 0.94825 0.96521 0.98199 0.99271 1.00000 1.00000 0.98234 0.96497 0.93553 0.92978 0.89275 0.91661 0.73824 0.59516 0.15713 0.15713
0.35491 0.35491 0.76903 0.35491 0.95889 0.86869 0.80132 0.79391 0.86928 0.92982 0.96908 0.99257 1.00000 1.00000 0.98565 0.98747 0.96940 0.94521 0.91449 0.90992 0.81209 0.83529 0.32688 0.32688 0.00000
0.05539 0.65195 0.67061 0.77375 0.76256 0.26000 0.74634 0.76969 0.81611 0.91310 0.96288 1.00000 1.00000 1.00000 1.00000 0.98953 0.97925 0.96503 0.95175 0.90656 0.85840 0.79728 0.30684 0.00000 0.00000
0.05539 0.05538 0.10771 0.10108 0.46973 0.77139 0.77638 0.77979 0.83212 0.89379 0.95009 0.97956 1.00000 1.00000 0.98755 0.99347 0.98684 0.97914 0.89968 0.95858 0.84380 0.57431 0.00000 0.00000 0.00000
0.05544 0.05542 0.12125 0.11000 0.48939 0.79501 0.67796 0.74429 0.84232 0.87796 0.92513 0.96806 1.00000 1.00000 1.00000 1.00000 0.98740 0.96641 0.92724 0.85340 0.26560 0.21497 0.00000 0.00000 0.00000
0.00000 0.13870 0.12852 0.11718 0.51398 0.32319 0.11764 0.77150 0.83512 0.75673 0.85507 0.95145 1.00000 1.00000 0.98350 1.00000 1.00000 1.00000 0.95331 0.82601 0.26871 0.05341 0.00000 0.00000 0.00000
0.00000 0.00000 0.13477 0.12804 0.13141 0.35209 0.12804 0.80538 0.85962 0.70983 0.81953 0.93707 1.00000 1.00000 1.00000 0.94990 1.00000 1.00000 0.92772 0.85723 0.05233 0.05305 0.00000 0.00000 0.00000
0.00000 0.00000 0.13477 0.12804 0.13141 0.13477 0.12804 0.13141 0.26857 0.29738 0.77922 1.00000 1.00000 1.00000 1.00000 0.93695 0.38992 0.36762 0.34592 0.05297 0.05231 0.00000 0.00000 0.00000 0.00000
