# name=grid_sheared field=200x200 stride=8
25 25
0.79932 0.81789 0.89292 0.89515 0.95138 0.94069 0.97676 0.97687 0.97678 0.97686 0.97678 0.97683 0.97676 0.95820 0.97674 0.95411 0.97673 0.94587 0.97676 0.94069 0.97676 0.97673 0.97672 0.97667 0.11676
0.85801 0.84850 0.93466 0.88291 0.95816 0.92678 0.95777 0.95602 0.96115 0.97651 0.96526 0.97650 0.96693 0.96183 0.97636 0.95885 0.97637 0.93390 0.97642 0.92678 0.95777 0.95333 0.95342 0.94092 0.55670
0.85195 0.93155 0.94734 0.96178 0.95400 0.97625 0.95423 0.97623 0.95845 0.97621 0.96318 0.97620 0.96506 0.97624 0.97630 0.97624 0.97633 0.97625 0.97635 0.97625 0.95423 0.97623 0.94992 0.97624 0.55635
0.93820 0.91093 0.94211 0.95407 0.95934 0.96212 0.95957 0.97596 0.96260 0.97604 0.97610 0.97605 0.97607 0.96897 0.97605 0.96777 0.97601 0.96478 0.96044 0.96212 0.95904 0.97597 0.95601 0.97584 0.87435
0.85991 0.96407 0.96900 0.97639 0.95658 0.97590 0.95724 0.97593 0.96117 0.97601 0.97603 0.97590 0.97599 0.97590 0.97598 0.97591 0.96305 0.97595 0.95869 0.97590 0.95634 0.97590 0.95414 0.95046 0.97610
0.79001 0.95337 0.95568 0.97615 0.95802 0.96052 0.95889 0.96263 0.96273 0.96622 0.97602 0.97117 0.97700 0.97591 0.97598 0.96871 0.96633 0.96638 0.96023 0.97595 0.95802 0.96052 0.95645 0.95662 0.88314
0.85856 0.89180 0.94409 0.94094 0.97589 0.93644 0.97591 0.94175 0.97592 0.95094 0.97591 0.97154 0.97589 0.97701 0.96624 0.95933 0.95582 0.94138 0.96088 0.95850 0.97589 0.93644 0.97617 0.92986 0.95506
0.81666 0.93064 0.93445 0.94775 0.96224 0.97591 0.97591 0.97594 0.97596 0.97597 0.97587 0.97589 0.97701 0.97353 0.96612 0.95146 0.93503 0.94395 0.93957 0.96376 0.96224 0.97614 0.97636 0.97691 0.92528
0.80548 0.90697 0.94543 0.94542 0.96228 0.96104 0.97575 0.96223 0.97572 0.97582 0.97573 0.97584 0.97575 0.97295 0.96586 0.94878 0.93905 0.93038 0.94714 0.94751 0.97575 0.96133 0.97665 0.96143 0.95968
0.88415 0.93398 0.95100 0.96248 0.97062 0.97594 0.97588 0.97596 0.97584 0.97591 0.97584 0.97590 0.97585 0.97342 0.96690 0.95399 0.94549 0.94226 0.95139 0.96244 0.97588 0.97632 0.97674 0.97752 0.97830
0.93735 0.93853 0.94842 0.96822 0.96538 0.97612 0.96500 0.97612 0.96706 0.97601 0.97613 0.97609 0.97702 0.97280 0.97194 0.96284 0.95477 0.95403 0.94801 0.96689 0.96500 0.97121 0.95423 0.97748 0.96392
0.95718 0.96339 0.96842 0.97221 0.97637 0.97603 0.97602 0.97602 0.97604 0.97609 0.97611 0.97701 0.97700 0.97701 0.97456 0.97276 0.96647 0.96374 0.96705 0.97603 0.97605 0.97618 0.97072 0.96657 0.96245
0.95006 0.97111 0.96674 0.97648 0.96741 0.97596 0.96760 0.97602 0.96945 0.97610 0.97701 0.97597 0.97699 0.97596 0.97700 0.97387 0.97481 0.97101 0.97252 0.97596 0.97250 0.97596 0.97299 0.97236 0.95877
0.94076 0.96642 0.96599 0.97625 0.96693 0.97600 0.96740 0.97604 0.96936 0.97604 0.97701 0.97601 0.97700 0.97600 0.97701 0.97498 0.97472 0.97241 0.97263 0.97604 0.97249 0.97600 0.97276 0.97642 0.96242
0.94109 0.94667 0.96615 0.96678 0.97596 0.97609 0.97598 0.97611 0.97600 0.97610 0.97599 0.97702 0.97596 0.97701 0.97420 0.97278 0.96892 0.96375 0.96906 0.97614 0.97596 0.97609 0.97611 0.97639 0.97673
0.91467 0.92211 0.95322 0.94718 0.97617 0.96556 0.97621 0.96703 0.97621 0.96942 0.97619 0.97616 0.97701 0.97478 0.97207 0.96511 0.95343 0.94727 0.95907 0.95786 0.97617 0.96572 0.97648 0.97193 0.96861
0.87704 0.90808 0.93486 0.95461 0.96434 0.97592 0.97583 0.97597 0.97585 0.97593 0.97582 0.97592 0.97583 0.96880 0.96041 0.95139 0.94365 0.94487 0.95132 0.96317 0.97583 0.97616 0.96973 0.96416 0.95608
0.87843 0.90596 0.94484 0.93031 0.96291 0.96066 0.96276 0.96199 0.96532 0.97585 0.96813 0.97586 0.96919 0.96817 0.95970 0.94866 0.94097 0.92846 0.94845 0.94766 0.96276 0.95558 0.95003 0.93475 0.90169
0.85143 0.93543 0.94959 0.96318 0.95487 0.97576 0.95509 0.97572 0.95882 0.97571 0.96366 0.97570 0.96532 0.97077 0.96387 0.95389 0.94384 0.94536 0.94994 0.96287 0.95509 0.95973 0.91489 0.94021 0.84207
0.93991 0.91157 0.94255 0.95425 0.95899 0.96148 0.95923 0.97594 0.96232 0.97600 0.97602 0.97603 0.97599 0.96863 0.96790 0.95313 0.95692 0.94322 0.94538 0.96148 0.95868 0.95751 0.92729 0.91535 0.86135
0.86530 0.96518 0.95674 0.97637 0.95875 0.97588 0.95932 0.97592 0.96284 0.97600 0.97602 0.97588 0.97598 0.97588 0.97597 0.96913 0.96722 0.96640 0.96061 0.97588 0.95852 0.97588 0.92634 0.93615 0.88887
0.85326 0.97700 0.97665 0.97637 0.97611 0.95970 0.97614 0.96204 0.97614 0.96579 0.97613 0.96762 0.97611 0.97611 0.97610 0.97610 0.97610 0.97611 0.97612 0.97615 0.97611 0.95970 0.95690 0.91751 0.91008
0.92834 0.94174 0.97632 0.95322 0.97609 0.92944 0.97610 0.93664 0.97612 0.94691 0.97611 0.96312 0.97609 0.97620 0.97609 0.97620 0.97611 0.96034 0.97613 0.95561 0.97609 0.92944 0.97608 0.91905 0.94511
0.33956 0.97635 0.94812 0.97639 0.87117 0.94373 0.90103 0.94876 0.91997 0.95616 0.93511 0.96051 0.97727 0.97727 0.96514 0.97647 0.96188 0.97649 0.95606 0.97650 0.87117 0.94373 0.89295 0.93644 0.33306
0.14840 0.34899 0.97660 0.57220 0.88208 0.61344 0.88208 0.65754 0.90701 0.90486 0.92767 0.95584 0.97727 0.97727 0.97727 0.96906 0.97676 0.82851 0.97681 0.62452 0.88208 0.59253 0.88208 0.34718 0.34345
