# name=grid_variable_rows field=200x200 stride=8
25 25
0.00000 0.00000 0.00000 0.00000 0.00000 0.00000 0.22905 0.28197 0.73065 0.83006 0.97530 0.98487 0.99295 1.00000 0.89711 0.79253 0.52194 0.48006 0.28617 0.28249 0.29938 0.29676 0.11512 0.12478 0.00000
0.00000 0.38253 0.36122 0.32673 0.31613 0.31664 0.58294 0.70098 0.81879 0.90373 0.95528 0.98899 0.99510 0.97915 0.96570 0.90728 0.80659 0.96664 0.64133 0.47870 0.31808 0.31410 0.33183 0.36454 0.00000
0.14418 0.36122 1.00000 1.00000 0.93207 0.94010 0.99003 0.97739 0.94929 0.97244 0.95770 0.98784 0.99586 0.98364 1.00000 0.97565 1.00000 0.97267 1.00000 1.00000 0.90753 0.93877 1.00000 1.00000 0.36248
0.14118 0.32673 1.00000 1.00000 1.00000 1.00000 0.98710 0.97739 0.95632 0.97244 0.98013 0.98770 0.99441 1.00000 1.00000 1.00000 1.00000 1.00000 1.00000 1.00000 1.00000 1.00000 1.00000 1.00000 0.13006
0.35260 0.32087 0.93207 1.00000 1.00000 1.00000 0.98886 0.97739 0.95609 0.97244 0.97940 0.98766 0.99515 0.98825 1.00000 1.00000 1.00000 0.98028 1.00000 1.00000 0.98048 1.00000 1.00000 0.93056 0.31637
0.35333 0.32142 0.94010 1.00000 1.00000 1.00000 0.98866 0.97678 0.95619 0.97244 0.97948 0.98766 0.99507 0.98820 1.00000 1.00000 1.00000 0.97918 1.00000 1.00000 0.98047 1.00000 1.00000 0.93876 0.31689
0.14114 0.59462 0.99247 0.99008 0.99439 0.99437 0.98143 0.97512 0.96440 0.96393 0.97123 0.98406 0.98768 0.99242 0.99191 0.99279 0.99255 0.99331 0.99461 0.99154 0.99431 0.99447 0.99250 0.99231 0.53008
0.59586 0.69938 0.98025 0.98025 0.98025 0.98083 0.97474 0.95809 0.93919 0.95324 0.94868 0.96869 0.97877 0.97104 0.98130 0.96647 0.98149 0.96476 0.98163 0.98025 0.96536 0.98085 0.98025 0.98025 0.75492
0.38221 0.61796 0.94053 0.94628 0.94783 0.94776 0.95682 0.93149 0.94252 0.94052 0.94921 0.95595 0.96346 0.96784 0.96871 0.96847 0.96854 0.96834 0.95192 0.96881 0.94755 0.94811 0.94550 0.93991 0.60305
0.79602 0.89234 0.96490 0.96667 0.96560 0.96572 0.95433 0.94315 0.93790 0.93854 0.94500 0.95403 0.96044 0.96614 0.96458 0.96423 0.96501 0.96379 0.96355 0.96558 0.96479 0.96570 0.96667 0.96501 0.89764
0.96609 0.93337 0.94143 0.97025 0.96986 0.96990 0.95786 0.94769 0.94243 0.94293 0.94928 0.95756 0.96450 0.96914 0.96976 0.96953 0.96807 0.96857 0.96779 0.96985 0.95861 0.96989 0.97025 0.94081 0.87551
0.97631 0.98161 0.97923 0.97889 0.97879 0.97880 0.96648 0.95728 0.95159 0.95062 0.95955 0.96800 0.97417 0.97860 0.97859 0.97874 0.97828 0.97904 0.98052 0.97863 0.97881 0.97878 0.97893 0.97927 0.97331
0.98888 0.99057 0.98953 0.98953 0.99065 0.99052 0.98310 0.96716 0.96180 0.96226 0.96926 0.97780 0.98693 0.98980 0.99026 0.98993 0.99039 0.98998 0.99048 0.99106 0.99105 0.99054 0.98953 0.99186 0.99049
1.00000 1.00000 0.99684 0.98679 0.99770 0.99769 0.97770 0.97648 0.96616 0.96894 0.98052 0.98623 0.99451 0.99809 0.99810 0.99781 0.99871 0.99215 0.99807 0.98958 0.99767 0.98798 0.98628 0.99676 1.00000
0.90477 0.97067 0.96424 1.00000 1.00000 1.00000 0.98804 0.97739 0.97230 0.97244 0.97974 0.98770 0.99481 1.00000 1.00000 1.00000 1.00000 1.00000 1.00000 1.00000 1.00000 1.00000 1.00000 0.96341 0.95570
0.80162 0.94328 1.00000 1.00000 1.00000 1.00000 0.98898 0.97666 0.97192 0.97244 0.97935 0.98775 0.99520 1.00000 1.00000 1.00000 1.00000 1.00000 1.00000 1.00000 1.00000 1.00000 1.00000 1.00000 0.90614
0.63738 0.86332 0.96281 1.00000 1.00000 1.00000 0.98808 0.97701 0.97283 0.97206 0.97972 0.98750 0.99482 1.00000 1.00000 1.00000 1.00000 1.00000 1.00000 1.00000 1.00000 1.00000 1.00000 0.96194 0.77504
0.61224 0.76387 1.00000 1.00000 1.00000 1.00000 0.99090 0.97739 0.95736 0.97244 0.96761 0.98757 0.99626 0.99045 1.00000 1.00000 1.00000 0.98394 1.00000 1.00000 0.98457 1.00000 1.00000 1.00000 0.70027
0.15209 0.68757 0.97086 0.97652 0.97811 0.97803 0.97266 0.96320 0.97129 0.96894 0.97909 0.98920 0.99547 1.00000 1.00000 1.00000 0.98821 1.00000 0.98244 0.98233 0.97782 0.97841 0.97573 0.97027 0.59090
0.37765 0.34281 1.00000 1.00000 1.00000 1.00000 0.98921 0.97739 0.95541 0.97244 0.96344 0.98767 0.99635 0.98793 1.00000 0.98197 1.00000 0.97974 1.00000 1.00000 0.97983 1.00000 1.00000 1.00000 0.51504
0.15215 0.34051 0.95067 1.00000 1.00000 1.00000 0.98839 0.97788 0.95726 0.97194 0.97959 0.98889 0.99495 1.00000 1.00000 1.00000 1.00000 1.00000 1.00000 1.00000 1.00000 1.00000 1.00000 0.94954 0.32650
0.15238 0.34135 1.00000 1.00000 1.00000 1.00000 0.98710 0.97739 0.95456 0.97244 0.98013 0.98776 0.99441 0.98583 1.00000 1.00000 1.00000 0.97627 1.00000 1.00000 0.97719 1.00000 1.00000 1.00000 0.34210
0.15356 0.37059 0.35316 1.00000 0.92777 0.93626 0.98947 0.90568 0.94836 0.97244 0.95667 0.98789 0.99541 0.98252 1.00000 0.97399 1.00000 0.96857 1.00000 0.92639 0.90192 0.93485 1.00000 0.35593 0.37212
0.00000 0.00000 0.00000 0.00000 0.00000 0.00000 0.21354 0.28197 0.68991 0.83046 0.92297 0.98506 0.99308 0.95537 0.90207 0.79253 0.64860 0.51527 0.43360 0.09799 0.00000 0.00000 0.00000 0.00000 0.00000
0.00000 0.00000 0.00000 0.00000 0.00000 0.00000 0.00000 0.28197 0.34805 0.83046 0.97561 0.98506 1.00000 1.00000 0.90043 0.84148 0.31210 0.27006 0.09244 0.09799 0.00000 0.00000 0.00000 0.00000 0.00000
