# name=grid_with_holes field=200x200 stride=8
25 25
0.00000 0.13874 0.13472 0.13397 0.35204 0.14198 0.00000 0.39081 0.40478 1.00000 1.00000 1.00000 1.00000 1.00000 1.00000 0.91503 0.91287 0.79906 0.76002 0.77148 0.34632 0.34107 0.14383 0.14707 0.00000
0.00000 0.13874 0.32061 0.31910 0.34173 0.35647 0.26115 0.49051 0.38156 0.89614 0.97735 1.00000 1.00000 1.00000 1.00000 0.96708 1.00000 0.95681 0.89405 0.74215 0.47707 0.34107 0.14383 0.14707 0.00000
0.14391 0.34062 0.72409 0.31031 0.45432 0.57493 0.76632 0.87850 0.90728 0.92355 0.96853 0.98818 1.00000 1.00000 0.99037 1.00000 0.98868 0.96533 0.88192 0.85878 0.68247 0.45936 0.14383 0.14707 0.00000
0.00000 0.76549 0.86688 0.83156 0.78480 0.82160 0.83553 0.94008 0.89169 1.00000 1.00000 0.98606 1.00000 1.00000 1.00000 1.00000 1.00000 0.97711 1.00000 0.96131 0.81662 0.66508 0.26524 0.14707 0.00000
0.31594 0.89777 0.83718 0.80587 0.88862 0.81002 0.93555 0.91555 0.94125 0.98610 1.00000 1.00000 1.00000 1.00000 0.99240 1.00000 1.00000 1.00000 0.98556 0.97636 0.81955 0.80445 0.75468 0.00000 0.00000
0.12868 0.84131 0.90905 0.85209 0.85842 0.95264 1.00000 1.00000 0.91336 0.98311 1.00000 1.00000 1.00000 1.00000 1.00000 1.00000 1.00000 0.97497 1.00000 1.00000 0.93316 0.95944 0.52247 0.30108 0.00000
0.33530 0.96302 0.93426 0.94182 0.93062 1.00000 1.00000 0.95347 0.95826 1.00000 1.00000 1.00000 1.00000 1.00000 0.99263 1.00000 0.99137 1.00000 1.00000 0.92683 0.89108 0.86125 0.85994 0.34304 0.00000
0.67283 1.00000 0.98303 0.98013 0.98052 0.98443 0.98670 0.98341 0.98269 0.98797 1.00000 1.00000 1.00000 1.00000 1.00000 1.00000 1.00000 1.00000 0.98267 0.94709 1.00000 1.00000 0.92169 0.94898 0.31078
0.79729 1.00000 0.98488 1.00000 0.98869 1.00000 1.00000 1.00000 1.00000 1.00000 1.00000 1.00000 1.00000 1.00000 0.99430 1.00000 0.99292 1.00000 0.98938 1.00000 1.00000 0.95057 0.96583 0.85325 0.33700
0.84130 0.97255 1.00000 1.00000 1.00000 1.00000 1.00000 1.00000 1.00000 1.00000 1.00000 1.00000 1.00000 1.00000 1.00000 1.00000 1.00000 0.98469 1.00000 1.00000 0.98101 0.98357 1.00000 0.91875 0.76765
0.91976 1.00000 1.00000 1.00000 1.00000 1.00000 1.00000 1.00000 1.00000 1.00000 1.00000 1.00000 1.00000 1.00000 1.00000 1.00000 1.00000 1.00000 1.00000 1.00000 1.00000 1.00000 1.00000 0.94174 0.87614
0.92166 0.97202 1.00000 1.00000 1.00000 1.00000 1.00000 1.00000 1.00000 1.00000 1.00000 1.00000 1.00000 1.00000 1.00000 1.00000 1.00000 1.00000 1.00000 1.00000 1.00000 1.00000 0.98102 0.97817 1.00000
1.00000 1.00000 1.00000 1.00000 1.00000 1.00000 1.00000 1.00000 1.00000 1.00000 1.00000 1.00000 1.00000 1.00000 1.00000 1.00000 1.00000 1.00000 1.00000 1.00000 1.00000 1.00000 1.00000 1.00000 1.00000
1.00000 1.00000 1.00000 1.00000 1.00000 1.00000 1.00000 1.00000 1.00000 1.00000 1.00000 1.00000 1.00000 1.00000 1.00000 1.00000 1.00000 1.00000 1.00000 1.00000 1.00000 1.00000 1.00000 1.00000 1.00000
1.00000 1.00000 1.00000 1.00000 0.99177 1.00000 0.99147 1.00000 0.99234 1.00000 1.00000 1.00000 1.00000 1.00000 1.00000 1.00000 1.00000 1.00000 1.00000 1.00000 0.99217 1.00000 0.98863 1.00000 1.00000
1.00000 1.00000 0.98055 0.97847 1.00000 1.00000 1.00000 1.00000 1.00000 0.98793 1.00000 1.00000 1.00000 1.00000 1.00000 1.00000 1.00000 1.00000 1.00000 0.98247 1.00000 1.00000 1.00000 0.96451 0.90563
1.00000 0.96968 0.94924 1.00000 0.99069 1.00000 0.99066 1.00000 0.99192 1.00000 1.00000 1.00000 1.00000 1.00000 1.00000 1.00000 1.00000 1.00000 0.99206 1.00000 1.00000 1.00000 0.98655 1.00000 0.81339
0.84723 0.93123 0.92809 1.00000 1.00000 1.00000 1.00000 1.00000 1.00000 1.00000 1.00000 1.00000 1.00000 1.00000 1.00000 1.00000 1.00000 1.00000 1.00000 0.97824 1.00000 0.97009 0.95906 0.95360 0.79356
0.79732 0.92431 0.96029 1.00000 0.98611 0.98721 0.98726 1.00000 1.00000 1.00000 1.00000 1.00000 1.00000 1.00000 1.00000 1.00000 0.99180 1.00000 0.97438 1.00000 1.00000 0.98261 0.88161 0.75940 0.70599
0.54902 0.90680 0.87049 0.96392 1.00000 0.94478 0.96162 0.97147 1.00000 1.00000 1.00000 1.00000 1.00000 1.00000 1.00000 0.98114 1.00000 0.94831 0.95595 0.96244 1.00000 0.92329 0.74395 0.74051 0.32768
0.33530 0.88374 0.83274 1.00000 0.98087 1.00000 0.91466 0.97623 1.00000 1.00000 1.00000 0.98741 1.00000 1.00000 0.99132 1.00000 1.00000 0.98197 0.83800 0.92170 0.90880 0.92967 0.46887 0.32869 0.32869
0.13397 0.31978 0.88688 0.96540 1.00000 0.95550 0.79659 0.97831 0.97424 0.98516 0.97065 0.98925 1.00000 1.00000 1.00000 1.00000 1.00000 1.00000 0.72653 0.92096 0.95382 0.96404 0.32480 0.32480 0.13397
0.13697 0.34870 0.70248 0.88962 0.88404 0.87905 0.87421 0.91264 0.92898 0.93152 0.97921 1.00000 1.00000 1.00000 0.98561 1.00000 1.00000 1.00000 0.96393 1.00000 1.00000 0.35154 0.13697 0.13697 0.13697
0.14198 0.14198 0.36645 0.74751 0.79759 0.72714 0.36645 0.93380 0.90950 0.94409 1.00000 1.00000 1.00000 1.00000 1.00000 0.94359 1.00000 1.00000 0.14198 0.35015 0.33150 0.37101 0.14198 0.14198 0.00000
0.00000 0.00000 0.00000 0.00000 0.00000 0.00000 0.00000 0.30720 0.38246 1.00000 1.00000 1.00000 1.00000 1.00000 1.00000 0.40095 0.33953 0.00000 0.00000 0.00000 0.00000 0.00000 0.00000 0.00000 0.00000
