# name=grid_nonrect_buildings field=200x200 stride=8
25 25
0.00000 0.00000 0.14334 0.14294 0.13305 0.12260 0.13134 0.52255 0.35456 0.81145 0.89761 0.95920 0.94238 0.92653 0.86526 0.79131 0.36106 0.71349 0.14569 0.35301 0.35187 0.14348 0.14568 0.00000 0.00000
0.00000 0.35640 0.33517 0.95774 0.31536 0.31313 0.60270 0.69780 0.99185 0.93967 0.95181 0.95997 0.94836 0.93956 0.90338 0.88017 0.82529 0.74335 0.95280 0.50238 0.50742 0.31996 0.35003 0.36864 0.00000
0.14622 0.33748 0.95086 0.95284 0.90146 0.91894 0.98454 0.98454 0.96417 0.97481 0.94095 0.95898 0.95176 0.94612 0.91782 0.94071 0.92217 0.95268 0.95460 0.95803 0.90588 0.96177 0.96586 0.34428 0.14671
0.14506 0.94408 0.94519 0.94659 0.95636 0.96570 0.97603 0.97848 0.97818 0.97086 0.96670 0.96085 0.95700 0.95367 0.94999 0.95066 0.95311 0.95682 0.95695 0.95758 0.95741 0.95951 0.96435 0.30795 0.14570
0.35820 0.70904 0.94511 0.94576 0.95377 0.96390 0.97129 0.93486 0.95529 0.96992 0.96686 0.96568 0.96188 0.95789 0.95761 0.95740 0.93749 0.96113 0.96170 0.95859 0.95586 0.95565 0.89813 0.35249 0.13219
0.35827 0.70633 0.88881 0.94759 0.95509 0.96502 0.97151 0.93979 0.95590 0.97198 0.96876 0.96815 0.96693 0.96211 0.96173 0.96184 0.94039 0.92473 0.96291 0.95775 0.95489 0.95267 0.90418 0.36928 0.13920
0.14679 0.67115 0.94928 0.94987 0.95977 0.96671 0.97902 0.97733 0.97921 0.97259 0.97108 0.97061 0.96964 0.97133 0.96826 0.96773 0.94126 0.96338 0.96493 0.96049 0.95642 0.95425 0.95217 0.61669 0.13776
0.69017 0.79073 0.95067 0.95236 0.91810 0.93502 0.97547 0.97466 0.96159 0.97213 0.95363 0.96975 0.97079 0.97234 0.95096 0.96905 0.95067 0.96718 0.96383 0.96259 0.92651 0.95823 0.95602 0.78914 0.72185
0.34581 0.86639 0.92499 0.93308 0.93840 0.94294 0.95375 0.95608 0.96046 0.96940 0.96871 0.97170 0.97288 0.97550 0.97463 0.97429 0.97288 0.95525 0.94858 0.94666 0.94673 0.96387 0.94033 0.36859 0.36762
0.78183 0.87160 0.94783 0.94797 0.95165 0.95203 0.95570 0.96186 0.96352 0.96586 0.96698 0.96927 0.97155 0.97490 0.97781 0.97794 0.97482 0.97007 0.96823 0.96658 0.96840 0.96866 0.96692 0.88957 0.82575
0.87762 0.91681 0.92168 0.94667 0.92633 0.94711 0.94889 0.94436 0.95940 0.96273 0.96401 0.96773 0.97054 0.97463 0.97750 0.97758 0.97484 0.94996 0.96776 0.96798 0.96969 0.97117 0.94173 0.93384 0.90127
0.95330 0.94863 0.94715 0.94797 0.94678 0.94493 0.94550 0.95020 0.95811 0.96314 0.96493 0.96263 0.96645 0.97099 0.97447 0.97451 0.97475 0.97100 0.96412 0.96555 0.96808 0.97487 0.97534 0.97611 0.97321
0.95268 0.94972 0.95152 0.95105 0.94838 0.94840 0.94795 0.95548 0.96132 0.96626 0.96491 0.96331 0.96273 0.96353 0.96640 0.97118 0.97162 0.96837 0.96503 0.96447 0.96762 0.97180 0.97477 0.97918 0.97991
0.95167 0.95093 0.95216 0.95408 0.95446 0.95271 0.95628 0.96100 0.96647 0.96832 0.96595 0.96163 0.95756 0.95279 0.96080 0.96544 0.96750 0.96678 0.96407 0.96482 0.96643 0.97042 0.97593 0.98611 0.98628
0.87312 0.91937 0.92028 0.95977 0.96205 0.96173 0.96510 0.94604 0.97417 0.97131 0.96837 0.96180 0.95653 0.95576 0.95915 0.96409 0.96997 0.94633 0.96552 0.96509 0.96710 0.97211 0.94566 0.94421 0.90149
0.78839 0.88818 0.95840 0.96394 0.96974 0.96993 0.97266 0.97374 0.97601 0.97390 0.97040 0.96330 0.95852 0.95844 0.96193 0.96754 0.97223 0.97229 0.96751 0.96763 0.96987 0.97471 0.98280 0.89716 0.38881
0.35879 0.84333 0.93871 0.95029 0.95438 0.95760 0.97596 0.96151 0.96490 0.97527 0.97283 0.96628 0.96338 0.96174 0.96826 0.97244 0.96610 0.96027 0.95728 0.95441 0.95651 0.95628 0.95644 0.81232 0.34871
0.57505 0.78184 0.96593 0.97283 0.93628 0.94962 0.97514 0.97509 0.95962 0.97858 0.95552 0.97028 0.96852 0.96795 0.95050 0.98189 0.96538 0.98013 0.97955 0.93508 0.94016 0.97687 0.98013 0.66720 0.59660
0.14041 0.96300 0.96629 0.97089 0.97966 0.97950 0.97348 0.97159 0.95536 0.97533 0.97450 0.96790 0.96840 0.96900 0.97710 0.97964 0.96752 0.98670 0.98637 0.97409 0.97119 0.97489 0.97360 0.51340 0.12777
0.12747 0.30781 0.90489 0.96852 0.96908 0.92821 0.97185 0.97381 0.95905 0.97377 0.94980 0.96669 0.96577 0.96501 0.96833 0.97187 0.95497 0.97939 0.97606 0.97186 0.92605 0.96171 0.90473 0.55887 0.11849
0.11666 0.30796 0.91428 0.96295 0.92129 0.96260 0.96703 0.94015 0.96132 0.97292 0.96976 0.96431 0.95720 0.95630 0.95765 0.96016 0.94435 0.93214 0.97038 0.92374 0.96143 0.95610 0.89597 0.57192 0.11105
0.12238 0.96234 0.95999 0.95687 0.95561 0.95573 0.95929 0.96962 0.95782 0.97353 0.96879 0.96009 0.95282 0.94465 0.94653 0.94837 0.95257 0.95605 0.95861 0.95993 0.95713 0.95268 0.94886 0.00000 0.00000
0.12773 0.34324 0.95953 0.95464 0.88792 0.90388 0.95819 0.90377 0.95042 0.97468 0.94194 0.95929 0.95256 0.94555 0.90984 0.94288 0.91482 0.94625 0.95336 0.90116 0.90336 0.95642 0.95303 0.34453 0.00000
0.00000 0.36279 0.33888 0.31376 0.66108 0.64670 0.73015 0.83013 0.89883 0.95900 0.96209 0.95624 0.94977 0.94092 0.90206 0.85081 0.84034 0.75667 0.94951 0.44444 0.48099 0.95908 0.35104 0.00000 0.00000
0.00000 0.00000 0.14092 0.13809 0.34849 0.13787 0.13843 0.73691 0.38782 0.84557 0.96584 0.96263 0.95220 0.94270 0.85879 0.76356 0.32309 0.61633 0.14594 0.13352 0.11917 0.00000 0.00000 0.00000 0.00000
