# name=grid_rounded_corners field=200x200 stride=8
25 25
0.00000 0.13417 0.33530 0.31490 0.69446 0.69456 0.69446 0.77663 0.79729 0.80261 0.94273 0.95185 1.00000 1.00000 1.00000 0.91503 0.94203 0.77083 0.76002 0.74132 0.69446 0.31282 0.35204 0.13827 0.00000
0.13417 0.34807 1.00000 0.93222 1.00000 0.89834 1.00000 0.96767 1.00000 0.97688 1.00000 0.98133 1.00000 1.00000 1.00000 0.96708 1.00000 0.95681 1.00000 0.94153 1.00000 0.95852 1.00000 0.35647 0.13417
0.33530 1.00000 0.95276 1.00000 0.96239 1.00000 0.98171 1.00000 0.98574 1.00000 1.00000 1.00000 1.00000 1.00000 0.99037 1.00000 0.98868 1.00000 0.96875 1.00000 0.98026 1.00000 0.97159 1.00000 0.12904
0.31490 0.93222 1.00000 1.00000 1.00000 1.00000 1.00000 1.00000 1.00000 1.00000 1.00000 1.00000 1.00000 1.00000 1.00000 1.00000 1.00000 1.00000 1.00000 1.00000 1.00000 1.00000 1.00000 0.92675 0.31490
0.69446 1.00000 0.96239 1.00000 0.97018 1.00000 0.98542 1.00000 0.98869 1.00000 1.00000 1.00000 1.00000 1.00000 0.99240 1.00000 0.99106 1.00000 0.97530 1.00000 0.98451 1.00000 0.97764 0.90428 0.31566
0.69456 0.89834 1.00000 1.00000 1.00000 1.00000 1.00000 1.00000 1.00000 1.00000 1.00000 1.00000 1.00000 1.00000 1.00000 1.00000 1.00000 1.00000 1.00000 1.00000 1.00000 1.00000 0.96735 0.89061 0.31490
0.69446 1.00000 0.98171 1.00000 0.98542 1.00000 1.00000 1.00000 1.00000 1.00000 1.00000 1.00000 1.00000 1.00000 0.99263 1.00000 0.99137 1.00000 0.98787 1.00000 1.00000 1.00000 1.00000 0.90428 0.31566
0.77663 0.96767 1.00000 1.00000 1.00000 1.00000 1.00000 1.00000 1.00000 1.00000 1.00000 1.00000 1.00000 1.00000 1.00000 1.00000 1.00000 1.00000 1.00000 1.00000 1.00000 1.00000 0.97195 0.96558 0.67283
0.79729 1.00000 0.98574 1.00000 0.98869 1.00000 1.00000 1.00000 1.00000 1.00000 1.00000 1.00000 1.00000 1.00000 0.99430 1.00000 0.99330 1.00000 0.99063 1.00000 1.00000 1.00000 1.00000 0.92894 0.76173
0.80261 0.97688 1.00000 1.00000 1.00000 1.00000 1.00000 1.00000 1.00000 1.00000 1.00000 1.00000 1.00000 1.00000 1.00000 1.00000 1.00000 1.00000 1.00000 1.00000 1.00000 1.00000 0.97950 0.97522 0.79147
0.94273 1.00000 1.00000 1.00000 1.00000 1.00000 1.00000 1.00000 1.00000 1.00000 1.00000 1.00000 1.00000 1.00000 1.00000 1.00000 1.00000 1.00000 1.00000 1.00000 1.00000 1.00000 1.00000 0.94854 0.87909
0.95185 0.98133 1.00000 1.00000 1.00000 1.00000 1.00000 1.00000 1.00000 1.00000 1.00000 1.00000 1.00000 1.00000 1.00000 1.00000 1.00000 1.00000 1.00000 1.00000 1.00000 1.00000 0.98327 0.97992 1.00000
1.00000 1.00000 1.00000 1.00000 1.00000 1.00000 1.00000 1.00000 1.00000 1.00000 1.00000 1.00000 1.00000 1.00000 1.00000 1.00000 1.00000 1.00000 1.00000 1.00000 1.00000 1.00000 1.00000 1.00000 1.00000
1.00000 1.00000 1.00000 1.00000 1.00000 1.00000 1.00000 1.00000 1.00000 1.00000 1.00000 1.00000 1.00000 1.00000 1.00000 1.00000 1.00000 1.00000 1.00000 1.00000 1.00000 1.00000 1.00000 1.00000 1.00000
1.00000 1.00000 0.99037 1.00000 0.99240 1.00000 0.99263 1.00000 0.99430 1.00000 1.00000 1.00000 1.00000 1.00000 1.00000 1.00000 1.00000 1.00000 0.99373 1.00000 0.99217 1.00000 0.98863 1.00000 1.00000
0.91503 0.96708 1.00000 1.00000 1.00000 1.00000 1.00000 1.00000 1.00000 1.00000 1.00000 1.00000 1.00000 1.00000 1.00000 1.00000 1.00000 1.00000 1.00000 1.00000 1.00000 1.00000 1.00000 0.96451 0.90576
0.94203 1.00000 0.98868 1.00000 0.99106 1.00000 0.99137 1.00000 0.99330 1.00000 1.00000 1.00000 1.00000 1.00000 1.00000 1.00000 1.00000 1.00000 0.99261 1.00000 0.99072 1.00000 0.98655 1.00000 0.75239
0.79906 0.95681 1.00000 1.00000 1.00000 1.00000 1.00000 1.00000 1.00000 1.00000 1.00000 1.00000 1.00000 1.00000 1.00000 1.00000 1.00000 1.00000 1.00000 1.00000 1.00000 1.00000 1.00000 0.95360 0.79356
0.76002 1.00000 0.96875 1.00000 0.97530 1.00000 0.98787 1.00000 0.99063 1.00000 1.00000 1.00000 1.00000 1.00000 0.99373 1.00000 0.99261 1.00000 0.97958 1.00000 0.98726 1.00000 0.98157 1.00000 0.70599
0.77148 0.94153 1.00000 1.00000 1.00000 1.00000 1.00000 1.00000 1.00000 1.00000 1.00000 1.00000 1.00000 1.00000 1.00000 1.00000 1.00000 1.00000 1.00000 1.00000 1.00000 1.00000 1.00000 0.93751 0.31490
0.69446 1.00000 0.98026 1.00000 0.98451 1.00000 1.00000 1.00000 1.00000 1.00000 1.00000 1.00000 1.00000 1.00000 0.99217 1.00000 0.99072 1.00000 0.98726 1.00000 1.00000 1.00000 1.00000 0.90428 0.31566
0.34107 0.95852 1.00000 1.00000 1.00000 1.00000 1.00000 1.00000 1.00000 1.00000 1.00000 1.00000 1.00000 1.00000 1.00000 1.00000 1.00000 1.00000 1.00000 1.00000 1.00000 1.00000 0.96094 0.95503 0.12808
0.35204 1.00000 0.97159 1.00000 0.97764 0.96735 1.00000 0.97195 1.00000 0.97950 1.00000 0.98327 1.00000 1.00000 0.98863 1.00000 0.98655 1.00000 0.98157 1.00000 1.00000 0.96094 1.00000 0.34879 0.13192
0.14707 0.35647 1.00000 0.92675 0.90428 0.89061 0.90428 0.96558 0.92894 0.97522 0.94854 0.97992 1.00000 1.00000 1.00000 0.96451 1.00000 0.95360 1.00000 0.93751 0.90428 0.95503 0.34879 0.36684 0.00000
0.00000 0.13417 0.12904 0.31490 0.31566 0.31490 0.31566 0.67283 0.76173 0.79147 0.87909 1.00000 1.00000 1.00000 1.00000 0.90576 0.75239 0.79356 0.70599 0.31490 0.31566 0.12808 0.13192 0.00000 0.00000
