# name=hexagonal field=200x200 stride=8
25 25
0.12703 0.90262 0.88305 0.89553 0.89402 0.89216 0.89667 0.92772 0.96384 0.93386 0.96896 0.98554 1.00000 1.00000 0.98396 0.96620 0.98302 0.96016 0.75261 0.89744 0.88997 0.89553 0.89402 0.88609 0.90426
0.89371 0.89450 0.95453 0.95289 0.95742 0.95846 0.96844 0.98877 0.96928 0.98935 0.97351 0.98900 1.00000 1.00000 0.98712 0.99317 0.98784 0.96617 0.98711 0.91153 0.96699 0.95608 0.95404 0.94479 0.89497
0.84595 0.88350 0.93585 0.95796 0.96223 0.96227 0.97773 0.99196 0.96679 0.99248 0.99288 0.99195 1.00000 1.00000 0.99101 0.99167 0.99142 0.96527 0.99079 0.99155 0.96204 0.97476 0.95808 0.93516 0.85526
0.41036 0.91883 0.93022 0.97801 0.97233 0.97860 0.99217 0.97721 0.99226 0.97989 0.99249 1.00000 1.00000 1.00000 1.00000 0.99151 0.99422 0.99111 0.97332 0.99105 0.97643 0.97308 0.97592 0.92948 0.91666
0.93832 0.99054 0.97944 0.96358 0.97632 0.96716 0.98162 0.99341 0.99357 0.99399 0.99379 0.99339 1.00000 1.00000 0.99264 0.99252 0.99291 0.99263 0.99262 0.99247 0.96675 0.97693 0.96347 0.98122 0.93021
0.98262 0.96840 0.99141 0.97908 0.98064 0.98253 0.97805 0.99214 0.97828 0.99258 1.00000 0.99220 1.00000 1.00000 0.99099 1.00000 0.99154 0.97610 0.99098 0.97572 0.97638 0.97860 0.98110 1.00000 0.97055
0.97889 0.98384 0.97159 0.95740 0.96939 0.96045 0.97388 0.98558 0.98504 0.98564 0.98596 0.98382 0.99050 0.99038 0.98319 0.98464 0.98437 0.98526 0.98490 0.98438 0.96006 0.97005 0.95727 0.97320 0.96958
0.76623 0.91662 0.92546 0.96188 0.95774 0.96223 0.97390 0.96396 0.97445 0.96524 0.97392 0.97949 0.97864 0.97874 0.97946 0.97320 0.98123 0.97352 0.96042 0.97292 0.96062 0.95832 0.96034 0.92488 0.91493
0.94886 0.94369 0.96326 0.96229 0.96357 0.96255 0.97451 0.97542 0.97242 0.97586 0.97124 0.97489 0.97374 0.97383 0.97492 0.97023 0.97593 0.97181 0.97539 0.96991 0.96144 0.95984 0.96125 0.96453 0.94834
0.97799 0.97581 0.97509 0.97371 0.97333 0.97348 0.97467 0.97448 0.97354 0.97478 0.97370 0.97355 0.97318 0.97333 0.97449 0.97418 0.97486 0.97358 0.97443 0.97348 0.97271 0.97318 0.97389 0.97622 0.97609
0.95727 0.98303 0.98233 0.98003 0.98047 0.97995 0.98064 0.98036 0.98242 0.98052 0.98160 0.98095 0.97966 0.97981 0.98091 0.98037 0.98080 0.98240 0.96594 0.98161 0.98009 0.98042 0.98019 0.98239 0.98181
0.99051 0.98884 0.98847 0.98733 0.98761 0.98722 0.98816 0.99025 0.98853 0.98908 0.98797 0.98772 0.98708 0.98715 0.98769 0.98801 0.98935 0.98852 0.98950 0.98807 0.98730 0.98760 0.98741 0.98849 0.98891
0.99603 0.99619 0.99464 0.99507 0.99492 0.99485 0.99530 0.99584 0.99703 0.99544 0.99558 0.99465 0.99499 0.99492 0.99469 0.99552 0.99544 0.99725 0.99578 0.99536 0.99480 0.99515 0.99500 0.99467 0.99616
1.00000 0.98951 1.00000 0.99179 0.99177 1.00000 0.99154 1.00000 0.99328 1.00000 1.00000 1.00000 1.00000 1.00000 1.00000 1.00000 1.00000 0.99319 1.00000 0.99143 1.00000 0.99161 0.99195 1.00000 0.98940
0.97047 1.00000 1.00000 1.00000 1.00000 1.00000 1.00000 1.00000 1.00000 1.00000 1.00000 1.00000 1.00000 1.00000 1.00000 1.00000 1.00000 1.00000 1.00000 1.00000 1.00000 1.00000 1.00000 1.00000 1.00000
0.92244 0.98908 0.98981 1.00000 0.99086 0.99030 1.00000 0.99126 1.00000 0.99694 1.00000 0.99682 1.00000 1.00000 1.00000 1.00000 0.99652 1.00000 0.99111 1.00000 0.98356 1.00000 0.99069 0.98989 0.98859
0.98961 0.98068 1.00000 0.98699 0.98799 0.98917 0.98628 0.99516 1.00000 0.99549 1.00000 0.99516 1.00000 1.00000 0.99448 1.00000 0.99486 1.00000 0.99445 0.98420 0.99047 1.00000 0.98851 1.00000 0.98206
0.98649 0.95801 0.97949 0.96928 0.97034 0.97212 0.96598 0.98296 0.97228 0.98638 0.99582 0.99392 1.00000 1.00000 0.99303 0.99530 0.98518 0.98297 0.98229 0.96401 0.96801 0.96849 0.97112 0.98518 0.95949
0.93156 0.99093 0.98012 0.98216 0.97685 0.96982 1.00000 0.98031 0.99379 0.99453 0.99399 0.99442 1.00000 1.00000 0.99379 0.99301 0.99355 0.99287 0.99300 0.99266 0.96922 0.97808 0.96638 0.98186 1.00000
0.47578 0.96792 0.91508 0.96185 0.95641 0.96142 0.97671 0.96194 0.99266 0.99452 0.99281 0.99436 1.00000 1.00000 1.00000 0.99189 0.99378 0.97981 0.95941 0.97605 0.94681 0.95753 0.95954 0.91449 0.96804
0.95386 0.94251 0.99229 0.95778 0.96713 0.98430 0.95557 0.99284 0.97644 0.99329 0.99404 0.99299 1.00000 1.00000 0.99193 0.99329 0.99234 0.97529 0.99179 0.95313 0.97872 0.95567 0.98297 1.00000 0.94415
0.95544 0.94382 0.99216 0.95893 0.96028 0.98405 0.95633 0.99273 0.96377 0.99318 0.99463 0.99288 1.00000 1.00000 0.99180 0.99395 0.99222 0.97584 0.99166 0.95390 0.97839 0.95803 0.96118 1.00000 0.94551
0.87640 0.98980 0.97793 0.98035 0.97521 0.94299 0.99295 0.95819 0.99311 0.99448 0.99333 0.99408 1.00000 1.00000 0.99339 0.99246 0.99348 0.99209 0.97211 0.99195 0.94206 0.97589 0.97846 0.97982 0.99081
0.82115 0.92060 0.93178 0.97854 0.97297 0.96437 0.99234 0.97797 0.99242 0.99405 0.99266 0.99367 1.00000 1.00000 0.99293 0.99170 0.99294 0.99130 0.99267 0.99125 0.96366 0.97371 0.97649 0.93105 0.91846
0.85986 0.86713 0.95370 0.93091 0.93515 0.93597 0.94965 0.99088 0.97410 0.99144 0.99307 0.99116 1.00000 1.00000 0.98934 0.99219 0.99023 0.97277 0.98955 0.94664 0.97331 0.93412 0.93176 0.91218 0.86659
