# name=mixed_regions field=200x200 stride=8
25 25
0.00000 0.13874 0.33530 0.32768 0.65706 0.68248 0.65706 0.76438 0.77365 0.83317 0.91976 0.41774 0.44444 0.96043 0.41273 0.41273 0.41273 0.00000 0.00000 0.00000 0.00000 0.00000 0.00000 0.00000 0.00000
0.13417 0.34807 1.00000 0.93222 1.00000 0.89834 1.00000 0.96767 1.00000 0.97255 1.00000 0.95544 0.98281 0.95380 0.41273 0.41273 0.41273 0.22743 0.00000 0.00000 0.00000 0.00000 0.00000 0.00000 0.00000
0.33530 1.00000 0.95276 1.00000 0.96239 1.00000 0.98171 1.00000 0.98488 1.00000 1.00000 1.00000 0.98011 0.95592 0.41273 0.38979 0.31693 0.21733 0.10683 0.00000 0.28468 0.33357 0.37887 0.10604 0.04380
0.31490 0.93222 1.00000 1.00000 1.00000 1.00000 1.00000 1.00000 1.00000 1.00000 1.00000 0.95810 0.98110 0.95394 0.41273 0.37961 0.29860 0.19983 0.09911 0.27214 0.27825 0.50073 0.34292 0.37690 0.10082
0.69446 1.00000 0.96239 1.00000 0.97018 1.00000 0.98542 1.00000 0.98815 1.00000 1.00000 1.00000 0.98309 0.95540 0.41273 0.36562 0.28966 0.17569 0.34754 0.02357 0.44479 0.49129 0.31088 0.33837 0.09187
0.69456 0.89834 1.00000 1.00000 1.00000 1.00000 1.00000 1.00000 1.00000 1.00000 1.00000 1.00000 0.98760 0.95893 0.93164 0.83317 0.64428 0.25780 0.07289 0.06680 0.47040 0.51447 0.30353 0.13627 0.08649
0.69446 1.00000 0.98171 1.00000 0.98542 1.00000 1.00000 1.00000 1.00000 1.00000 1.00000 1.00000 0.98926 0.96046 0.93545 0.77943 0.61583 0.56981 0.08019 0.06996 0.44591 0.58020 0.10114 0.12068 0.13964
0.77663 0.96767 1.00000 1.00000 1.00000 1.00000 1.00000 1.00000 1.00000 1.00000 1.00000 0.97467 0.98556 0.95449 0.93730 0.82645 0.74289 0.65191 0.63991 0.69554 0.60848 0.53610 0.38321 0.02450 0.02694
0.79729 1.00000 0.98574 1.00000 0.98869 1.00000 1.00000 1.00000 1.00000 1.00000 1.00000 0.93881 0.94442 0.93435 0.93576 0.88141 0.78490 0.74593 0.70442 0.78745 0.67596 0.57889 0.58329 0.52840 0.03550
0.80261 0.97688 1.00000 1.00000 1.00000 1.00000 1.00000 1.00000 1.00000 1.00000 1.00000 0.94640 0.94393 0.93600 0.93526 0.86892 0.80558 0.75858 0.73528 0.81903 0.85029 0.89098 0.26044 0.21612 0.00000
0.94273 1.00000 1.00000 1.00000 1.00000 1.00000 1.00000 1.00000 1.00000 1.00000 0.95423 0.96246 0.95005 0.92776 0.93500 0.88129 0.82451 0.78663 0.80660 0.86733 0.88695 0.84072 0.81480 0.68603 0.20976
0.95185 0.98133 1.00000 1.00000 1.00000 1.00000 1.00000 1.00000 1.00000 1.00000 0.95703 0.96300 0.95064 0.93012 0.93522 0.93560 0.84431 0.80632 0.84562 0.89465 0.90648 0.87842 0.85532 0.85158 0.32929
1.00000 1.00000 1.00000 1.00000 1.00000 1.00000 1.00000 1.00000 1.00000 1.00000 1.00000 0.97145 0.96524 0.93127 0.93600 0.93619 0.86805 0.82355 0.85922 0.85826 0.85526 0.85262 0.83920 0.86257 0.41569
1.00000 1.00000 1.00000 1.00000 1.00000 1.00000 1.00000 1.00000 1.00000 1.00000 1.00000 0.97509 0.94815 0.93297 0.93820 0.93796 0.86205 0.85115 0.83619 0.84702 0.83420 0.83195 0.85687 0.89909 0.93525
1.00000 1.00000 0.99037 1.00000 0.99240 1.00000 0.99263 1.00000 0.99402 1.00000 1.00000 0.98179 0.98657 0.91318 0.94016 0.94026 0.85432 0.84866 0.84084 0.87433 0.84103 0.84996 0.88341 0.90214 0.93523
0.91503 0.96708 1.00000 1.00000 1.00000 1.00000 1.00000 1.00000 1.00000 1.00000 1.00000 0.96498 0.98096 0.92744 0.93663 0.93442 0.78899 0.82269 0.83859 0.86214 0.83681 0.81313 0.81907 0.85414 0.86525
0.91287 1.00000 0.98868 1.00000 0.99106 1.00000 0.99137 1.00000 0.99292 1.00000 1.00000 0.94982 0.97876 0.91661 0.94193 0.93134 0.72423 0.69989 0.79339 0.77268 0.74362 0.78809 0.78454 0.78515 0.79543
0.71416 0.95681 1.00000 1.00000 1.00000 1.00000 1.00000 1.00000 1.00000 1.00000 1.00000 0.95438 0.97819 0.89999 0.94080 0.94010 0.68519 0.65914 0.70519 0.68471 0.66113 0.59216 0.34769 0.31898 0.00000
0.72712 1.00000 0.96875 1.00000 0.97530 1.00000 0.98787 1.00000 0.99026 1.00000 1.00000 0.98566 0.93725 0.93353 0.93930 0.90864 0.62061 0.59881 0.62213 0.54569 0.44240 0.25106 0.22634 0.00000 0.00000
0.68063 0.94153 1.00000 1.00000 1.00000 1.00000 1.00000 1.00000 1.00000 1.00000 1.00000 0.97286 0.93929 0.92977 0.90707 0.88128 0.56174 0.61801 0.64230 0.44608 0.04218 0.00000 0.00000 0.00000 0.00000
0.65706 1.00000 0.98026 1.00000 0.98451 1.00000 1.00000 1.00000 1.00000 1.00000 1.00000 0.95360 0.97678 0.92699 0.88849 0.84606 0.59066 0.59320 0.57529 0.06694 0.05796 0.04762 0.00000 0.00000 0.00000
0.28742 0.95852 1.00000 1.00000 1.00000 1.00000 1.00000 1.00000 1.00000 1.00000 1.00000 0.94565 0.97356 0.91268 0.88695 0.83909 0.61785 0.54502 0.51602 0.08029 0.07396 0.00000 0.00000 0.00000 0.00000
0.35204 1.00000 0.97159 1.00000 0.97764 0.96735 1.00000 0.97195 1.00000 0.97418 1.00000 0.92413 0.97526 0.95248 0.41667 0.79279 0.62016 0.28903 0.03150 0.08946 0.09207 0.00000 0.00000 0.00000 0.00000
0.13057 0.35647 1.00000 0.92675 0.90428 0.89061 0.90428 0.96558 0.92894 0.97018 0.94639 0.96572 0.97444 0.95660 0.41667 0.36381 0.39598 0.03134 0.03316 0.03760 0.00000 0.00000 0.00000 0.00000 0.00000
0.00000 0.13874 0.13472 0.32768 0.32869 0.32768 0.32869 0.67283 0.76173 0.38180 0.40221 0.44444 0.44444 0.41667 0.41667 0.41667 0.00000 0.00000 0.00000 0.00000 0.00000 0.00000 0.00000 0.00000 0.00000
