# name=organic_walks field=200x200 stride=8
25 25
0.00000 0.00000 0.00000 0.00000 0.00000 0.00000 0.07239 0.00000 0.00000 0.27261 0.31172 0.41608 0.00000 0.41587 0.41587 0.41587 0.33627 0.25604 0.00000 0.00000 0.00000 0.00000 0.00000 0.00000 0.00000
0.00000 0.00000 0.00000 0.00000 0.00000 0.06857 0.06770 0.07581 0.31374 0.39251 0.33421 0.36820 0.93598 0.93584 0.41587 0.37846 0.32988 0.24645 0.14784 0.00000 0.00000 0.00000 0.00000 0.00000 0.00000
0.00000 0.00000 0.00000 0.00000 0.16877 0.06940 0.06428 0.48483 0.31733 0.41029 0.49773 0.38228 0.93601 0.93587 0.41587 0.37505 0.32312 0.21488 0.11955 0.00000 0.00000 0.00000 0.00000 0.00000 0.00000
0.00000 0.00000 0.00000 0.03229 0.03342 0.07103 0.06224 0.51172 0.32329 0.64661 0.78067 0.87925 0.93524 0.93528 0.93556 0.87279 0.68848 0.48290 0.09808 0.00000 0.00000 0.02770 0.00000 0.00000 0.00000
0.00000 0.00000 0.00000 0.02994 0.03128 0.07275 0.06123 0.55592 0.62357 0.72278 0.82812 0.93453 0.93464 0.93482 0.93502 0.83795 0.68062 0.47592 0.26824 0.00000 0.01790 0.02343 0.00000 0.00000 0.00000
0.00000 0.00000 0.03789 0.03218 0.02520 0.00000 0.17899 0.52677 0.64320 0.72274 0.85331 0.93264 0.93290 0.91332 0.93275 0.87771 0.69517 0.49806 0.09973 0.00000 0.04041 0.04461 0.00000 0.00000 0.00000
0.00000 0.00000 0.03442 0.02998 0.02312 0.02047 0.02412 0.00000 0.62893 0.75638 0.86209 0.88243 0.90596 0.89672 0.90973 0.88545 0.74897 0.22595 0.13452 0.00000 0.03415 0.00000 0.00000 0.00000 0.00000
0.00000 0.21237 0.21118 0.21014 0.25050 0.51317 0.52575 0.34442 0.65318 0.75389 0.83794 0.86609 0.89580 0.88627 0.90221 0.89506 0.84565 0.72821 0.51630 0.13491 0.13052 0.38799 0.37271 0.14153 0.14625
0.33414 0.30907 0.28372 0.73039 0.71017 0.39405 0.40674 0.39702 0.71902 0.75759 0.80295 0.85442 0.89198 0.89447 0.90910 0.93364 0.89592 0.85108 0.80138 0.65600 0.58256 0.56750 0.51557 0.49926 0.22168
0.36148 0.34079 0.31636 0.76176 0.74460 0.76560 0.73943 0.77673 0.78923 0.78215 0.83526 0.86654 0.90787 0.90592 0.88685 0.91392 0.86798 0.88052 0.88152 0.82372 0.78564 0.69102 0.63200 0.62804 0.64810
0.38110 0.36650 0.34712 0.80575 0.79395 0.84127 0.84788 0.85406 0.82483 0.82861 0.88676 0.92043 0.92117 0.89027 0.88561 0.89257 0.88048 0.89266 0.89662 0.91860 0.80523 0.78411 0.74532 0.75307 0.77612
0.41089 0.87749 0.85736 0.85324 0.85373 0.86902 0.93786 0.93847 0.89826 0.88324 0.93882 0.92388 0.92660 0.89507 0.88859 0.88016 0.86876 0.87876 0.82245 0.84563 0.86761 0.82369 0.80628 0.80135 0.85098
0.92668 0.92716 0.92767 0.89293 0.88892 0.92585 0.90698 0.90976 0.91752 0.90230 0.94047 0.93853 0.91641 0.91284 0.89603 0.88781 0.85407 0.80896 0.82102 0.84248 0.86684 0.86130 0.85742 0.86346 0.87899
0.92818 0.92869 0.92917 0.89693 0.87770 0.86904 0.88316 0.90302 0.86948 0.89986 0.91742 0.93799 0.93648 0.91687 0.90491 0.89286 0.84365 0.82417 0.82312 0.85990 0.89228 0.84602 0.84902 0.85367 0.89547
0.41391 0.92995 0.89183 0.86400 0.82341 0.85163 0.86926 0.85507 0.85209 0.89690 0.90961 0.93763 0.93565 0.91986 0.91099 0.90808 0.84469 0.85348 0.85724 0.88044 0.84654 0.82348 0.80629 0.79833 0.34838
0.32945 0.32975 0.83469 0.84299 0.79737 0.80085 0.82322 0.83185 0.83933 0.89919 0.91162 0.93078 0.93556 0.93449 0.92322 0.92046 0.86427 0.86408 0.85796 0.78837 0.76940 0.73197 0.69767 0.67971 0.28824
0.23569 0.23615 0.67077 0.69381 0.70116 0.67472 0.65421 0.70270 0.78078 0.87784 0.90769 0.92131 0.93431 0.93300 0.93259 0.93371 0.84555 0.77758 0.73073 0.67296 0.60499 0.55872 0.41461 0.38670 0.15726
0.00000 0.12853 0.52243 0.66553 0.65347 0.63127 0.62343 0.64449 0.72538 0.86008 0.89196 0.91230 0.91665 0.93232 0.93250 0.87717 0.81295 0.69725 0.57973 0.50742 0.48779 0.16659 0.00000 0.00000 0.00000
0.00000 0.00000 0.23864 0.52183 0.54225 0.57033 0.61498 0.51084 0.73335 0.83064 0.87590 0.91178 0.89018 0.91233 0.89119 0.79631 0.73863 0.55684 0.40357 0.35083 0.02093 0.00000 0.00000 0.00000 0.00000
0.00000 0.00000 0.00000 0.39184 0.43522 0.50018 0.49972 0.56161 0.63905 0.68782 0.86674 0.91434 0.91473 0.92013 0.85999 0.75144 0.66833 0.47514 0.00000 0.02023 0.01633 0.00000 0.00000 0.00000 0.00000
0.00000 0.00000 0.00000 0.00000 0.01870 0.06018 0.00000 0.15839 0.61734 0.75676 0.87564 0.91633 0.91686 0.91904 0.84135 0.75851 0.59276 0.26815 0.19647 0.01390 0.01278 0.01113 0.00000 0.00000 0.00000
0.00000 0.00000 0.00000 0.00000 0.01153 0.00000 0.00000 0.47031 0.62635 0.75712 0.85547 0.89060 0.91966 0.92101 0.86600 0.78034 0.66120 0.29605 0.20495 0.00000 0.00991 0.00000 0.00000 0.00000 0.00000
0.00000 0.00000 0.00000 0.00000 0.00000 0.00000 0.00000 0.45587 0.63157 0.75325 0.83831 0.88202 0.92326 0.92365 0.92600 0.80576 0.44745 0.33538 0.23368 0.00000 0.00000 0.00000 0.00000 0.00000 0.00000
0.00000 0.00000 0.00000 0.00000 0.00000 0.00000 0.00000 0.16399 0.58443 0.71886 0.81894 0.87916 0.92774 0.93196 0.92726 0.37481 0.46775 0.38517 0.25828 0.00000 0.00000 0.00000 0.00000 0.00000 0.00000
0.00000 0.00000 0.00000 0.00000 0.00000 0.00000 0.00000 0.00000 0.22762 0.29618 0.35104 0.41811 0.41811 0.93250 0.41063 0.37510 0.30640 0.23822 0.16168 0.00000 0.00000 0.00000 0.00000 0.00000 0.00000
