# name=rect_scattered field=200x200 stride=8
25 25
0.00000 0.00000 0.00000 0.00000 0.00000 0.00000 0.00000 0.00000 0.24373 0.20097 0.26553 0.81542 1.00000 0.38085 0.32712 0.25105 0.55638 0.03636 0.03525 0.03708 0.00000 0.00000 0.00000 0.00000 0.00000
0.00000 0.00000 0.00000 0.00000 0.00000 0.00000 0.08936 0.02905 0.46914 0.58551 0.29843 0.85056 1.00000 0.87788 0.79342 0.66816 0.56776 0.43198 0.03558 0.03829 0.00000 0.00000 0.00000 0.00000 0.00000
0.00000 0.00000 0.06956 0.06892 0.20836 0.07722 0.07461 0.39533 0.49617 0.62493 0.71875 0.88075 0.94607 0.88578 0.83724 0.72188 0.58778 0.43956 0.03628 0.03404 0.09120 0.08075 0.00000 0.00000 0.00000
0.00000 0.00000 0.00000 0.24347 0.42320 0.22614 0.05955 0.35657 0.47291 0.24303 0.73793 0.83412 0.92661 0.89403 0.86444 0.78458 0.62813 0.46891 0.03085 0.03098 0.08773 0.37035 0.10230 0.10512 0.00000
0.00000 0.00000 0.17786 0.26286 0.43631 0.11836 0.05062 0.29653 0.13635 0.23442 0.30895 0.84089 0.92342 0.93915 0.92725 0.85057 0.69846 0.48701 0.06195 0.05889 0.19441 0.38353 0.09939 0.10344 0.00000
0.00000 0.00000 0.19276 0.31419 0.11165 0.00000 0.02622 0.00000 0.41591 0.56993 0.77033 0.87402 0.93699 0.95588 0.98717 0.93574 0.74758 0.52749 0.00000 0.00000 0.54766 0.23550 0.09716 0.10239 0.00000
0.00000 0.00000 0.16867 0.55933 0.61300 0.48950 0.42449 0.23537 0.29896 0.62912 0.86231 0.93688 0.95235 1.00000 1.00000 1.00000 0.89286 0.31104 0.00000 0.00000 0.03605 0.22008 0.21916 0.10218 0.00000
0.00000 0.00000 0.27096 0.31732 0.62570 0.61726 0.50112 0.57960 0.38226 0.66158 0.71633 0.97855 0.97827 1.00000 1.00000 1.00000 0.91997 0.74910 0.61242 0.28315 0.45729 0.45202 0.48957 0.63235 0.27552
0.19049 0.49502 0.56705 0.66066 0.75396 0.73376 0.75777 0.69757 0.65741 0.71898 0.80033 0.97220 0.96566 0.97393 0.98087 1.00000 0.93759 0.84566 0.75066 0.39133 0.57672 0.63153 0.69639 0.30942 0.27389
0.24919 0.63992 0.70400 0.77630 0.80136 0.77614 0.67219 0.79493 0.79031 0.80284 0.82946 0.97536 0.97282 0.97433 0.94954 0.94693 0.95481 0.91165 0.85652 0.76806 0.71957 0.78437 0.82786 0.39711 0.37984
0.76651 0.79257 0.79977 0.82070 0.81513 0.78859 0.78235 0.83024 0.85564 0.82881 0.87919 0.94836 0.97792 0.95559 0.93987 0.93081 0.97766 0.95379 0.91796 0.83636 0.80910 0.85321 0.95258 0.44444 0.44444
0.85283 0.84784 0.84731 0.84961 0.84951 0.82560 0.82167 0.83508 0.91236 0.85839 0.90545 0.94020 0.97871 0.94122 0.92130 0.91006 0.98116 1.00000 0.96347 0.90876 0.87298 0.93473 0.95615 1.00000 1.00000
0.96434 0.96783 0.92847 0.91358 0.87210 0.86074 0.82640 0.87865 0.89687 0.88533 0.91544 0.93268 0.92450 0.88224 0.87921 0.91477 0.96843 0.96138 0.94322 0.97458 0.94920 0.90410 0.92717 0.94083 1.00000
0.97216 0.97344 0.94570 0.91867 0.88572 0.85731 0.86841 0.87198 0.89578 0.92593 0.92558 0.91705 0.91172 0.87060 0.86916 0.86489 0.95932 0.94588 0.91436 1.00000 0.88216 0.91675 0.90734 0.92608 1.00000
0.44444 0.93415 0.91088 0.86672 0.80878 0.77411 0.81984 0.85553 0.88567 0.91990 0.94928 0.92792 0.92741 0.87851 0.88477 0.89906 0.93410 0.91888 0.88726 0.96141 0.87797 0.90567 0.84784 0.86641 0.41279
0.44444 0.35714 0.72596 0.65915 0.64679 0.66297 0.72887 0.79320 0.87891 0.91390 0.94550 0.96513 0.93571 0.91713 0.89410 0.84439 0.90879 0.89952 0.85964 0.92349 0.78823 0.77839 0.78327 0.80015 0.36919
0.28127 0.35725 0.28599 0.47937 0.55419 0.60490 0.68146 0.75805 0.80431 0.88514 0.92688 0.95168 0.95150 0.93735 0.92990 0.92015 0.87223 0.84727 0.82358 0.82232 0.74527 0.69446 0.70756 0.66424 0.28488
0.00000 0.21860 0.16952 0.00000 0.38417 0.48466 0.60347 0.74848 0.79827 0.85550 0.94878 0.98085 0.94847 0.94491 0.92805 0.89673 0.81358 0.78148 0.67040 0.69175 0.63630 0.51613 0.33825 0.19103 0.20165
0.00000 0.00000 0.02012 0.05413 0.05583 0.02554 0.60586 0.70848 0.74665 0.85636 0.92187 0.93457 0.92818 0.94019 0.91746 0.86890 0.73489 0.64849 0.57345 0.53552 0.12639 0.06418 0.00000 0.00000 0.00000
0.00000 0.00000 0.01966 0.05010 0.05247 0.05138 0.46041 0.60662 0.75687 0.85279 0.86434 0.87007 0.88728 0.92020 0.90392 0.81963 0.73132 0.66578 0.49639 0.12618 0.29416 0.15995 0.06232 0.02399 0.00000
0.00000 0.03841 0.03107 0.05523 0.00000 0.00000 0.08582 0.59397 0.77108 0.83896 0.85685 0.83449 0.87254 0.93278 0.92666 0.83876 0.76278 0.71926 0.55895 0.52887 0.11447 0.39585 0.06223 0.02549 0.00000
0.00000 0.03128 0.02979 0.02474 0.04168 0.00000 0.06259 0.64142 0.78744 0.83261 0.84089 0.82553 0.86111 0.92844 0.92231 0.88683 0.79198 0.70313 0.57573 0.45636 0.09898 0.09702 0.07348 0.02423 0.00000
0.00000 0.02684 0.02721 0.02674 0.02448 0.00000 0.48727 0.66655 0.79022 0.84732 0.86351 0.85359 0.88578 0.93730 0.93141 0.93540 0.85374 0.75271 0.47545 0.33124 0.02341 0.02939 0.03449 0.00000 0.00000
0.00000 0.00000 0.02471 0.00000 0.00000 0.00000 0.62424 0.75956 0.82833 0.84272 0.86313 0.89250 0.90132 0.92462 0.94842 0.95142 0.93199 0.75905 0.24186 0.23794 0.02593 0.03074 0.03644 0.00000 0.00000
0.00000 0.00000 0.00000 0.00000 0.00000 0.00000 0.15713 0.82683 0.82956 0.84494 0.86627 0.89401 0.91953 0.94729 1.00000 1.00000 0.91001 0.31136 0.22398 0.00000 0.00000 0.00000 0.00000 0.00000 0.00000
