# name=row_only field=200x200 stride=8
25 25
0.00000 0.00000 0.15479 0.15386 0.36208 0.36810 0.33954 0.33771 0.33056 0.67141 0.76642 0.39335 0.90976 1.00000 1.00000 0.42237 0.38753 0.35735 0.15585 0.15563 0.15585 0.00000 0.00000 0.00000 0.00000
0.00000 0.00000 0.31117 0.31233 0.78949 0.32466 0.69384 0.73180 0.64714 0.83248 0.89893 0.91684 0.96491 1.00000 0.97184 0.93887 0.93769 0.95128 0.92557 0.50129 0.52404 0.12473 0.00000 0.00000 0.00000
0.00000 0.00000 0.27363 0.75410 0.77318 0.78713 0.82954 0.73192 0.84040 0.82763 0.88847 0.95483 0.97113 0.98275 0.96856 0.93783 0.95825 0.95555 0.92211 0.77098 0.47681 0.48638 0.00000 0.00000 0.00000
0.07357 0.07354 0.21469 0.84958 0.83077 0.87384 0.82201 0.75215 0.81619 0.87237 0.89165 0.94805 0.96556 0.97880 0.96725 0.95577 0.96231 0.95756 0.86532 0.80128 0.69466 0.72058 0.38633 0.00000 0.00000
0.08577 0.18779 0.18540 0.82290 0.78120 0.88152 0.82866 0.78021 0.83082 0.88231 0.89099 0.95940 0.98167 0.97496 0.95907 0.94189 0.95496 0.92269 0.88134 0.76279 0.74317 0.38916 0.39339 0.00000 0.00000
0.04157 0.22644 0.35981 0.72612 0.79446 0.78338 0.80407 0.79397 0.82653 0.86130 0.92389 0.95434 0.98786 0.96662 0.95792 0.93627 0.93593 0.85059 0.77696 0.75103 0.63564 0.67812 0.36373 0.07207 0.00000
0.09453 0.23477 0.22443 0.77958 0.76564 0.79479 0.71811 0.78540 0.87126 0.89012 0.92209 0.96236 0.99902 0.99190 0.98632 0.96014 0.91654 0.90536 0.79716 0.72412 0.80460 0.85023 0.21334 0.08869 0.09564
0.00000 0.22621 0.65758 0.70890 0.73137 0.78738 0.70141 0.79591 0.87233 0.89588 0.93585 0.97825 0.99875 0.99843 0.99173 0.96916 0.90219 0.90044 0.84759 0.72456 0.83236 0.76494 0.23773 0.27137 0.04689
0.34372 0.63073 0.87953 0.85746 0.83592 0.83289 0.81862 0.85841 0.88977 0.93820 0.93812 0.94921 0.95473 0.97274 0.97108 0.95573 0.90776 0.91488 0.88572 0.87294 0.83685 0.81713 0.75772 0.75209 0.21747
0.41912 0.43422 0.91884 0.90142 0.87184 0.89657 0.83729 0.86853 0.91098 0.94771 0.94488 0.95302 0.95750 0.94902 0.96966 0.96814 0.91142 0.89868 0.91831 0.90509 0.87487 0.82320 0.83878 0.82519 0.27499
0.36072 0.82484 0.90996 0.90047 0.88704 0.92926 0.90224 0.93948 0.92097 0.96463 0.94646 0.96107 0.96152 0.96884 0.96759 0.95588 0.91526 0.90967 0.91341 0.86966 0.86362 0.84857 0.89990 0.90293 0.77335
0.89650 0.90066 0.91512 0.93816 0.91959 0.93615 0.95518 0.96289 0.96604 0.97466 0.97479 0.97912 0.97993 0.96719 0.96589 0.96473 0.92706 0.92474 0.91292 0.90389 0.89746 0.90205 0.88762 0.94842 0.87480
1.00000 0.97294 0.95504 0.95457 0.94198 0.92982 0.93655 0.93379 0.93474 0.95123 0.97800 0.98790 0.97731 0.97627 0.96564 0.95717 0.94032 0.93057 0.90467 0.93237 0.93012 0.92276 0.91108 0.92345 1.00000
1.00000 1.00000 0.97929 0.97454 0.97247 0.96504 0.97487 0.96789 0.96988 0.96382 0.96730 0.98046 0.98067 0.97961 0.97877 0.96650 0.97255 0.93568 0.93395 0.94883 0.94667 0.94376 0.93727 0.96125 1.00000
1.00000 1.00000 0.98293 0.96941 0.97275 0.93677 0.95146 0.94923 0.93708 0.95298 0.95697 0.97061 0.97859 0.97957 0.98775 0.98166 0.94807 0.95752 0.92971 0.94274 0.95938 0.94273 0.94879 0.96678 1.00000
1.00000 0.92483 0.96382 0.95788 0.94771 0.93846 0.92374 0.93571 0.93008 0.93871 0.94431 0.96520 0.97409 0.97811 0.99076 0.98861 0.95861 0.95482 0.92809 0.95217 0.96019 0.94315 0.94658 0.94825 1.00000
0.36419 0.84600 0.93928 0.94935 0.95300 0.94585 0.95057 0.93965 0.88190 0.92268 0.92591 0.90717 0.92687 0.95279 0.96452 0.97864 0.95231 0.96162 0.93888 0.93334 0.96172 0.96157 0.89597 0.86843 0.89808
0.45059 0.45859 0.90540 0.91031 0.91157 0.90761 0.91219 0.84589 0.89116 0.88284 0.89286 0.90045 0.92383 0.92622 0.94734 0.95318 0.94343 0.92641 0.89466 0.94625 0.94488 0.90953 0.78264 0.52803 0.34926
0.33180 0.58511 0.82282 0.81599 0.89104 0.89567 0.89525 0.82371 0.89954 0.88889 0.87987 0.90016 0.93518 0.94467 0.95055 0.94891 0.89854 0.89856 0.89622 0.87374 0.92145 0.95493 0.39120 0.43189 0.47093
0.03797 0.42551 0.78290 0.79687 0.78113 0.82624 0.86873 0.80614 0.88185 0.83153 0.90346 0.92009 0.95106 0.96123 0.96122 0.95026 0.88050 0.84777 0.83553 0.84792 0.82217 0.85735 0.73866 0.00000 0.00000
0.03933 0.43440 0.78158 0.82074 0.82809 0.84379 0.84681 0.88148 0.87326 0.88136 0.90651 0.96177 0.96744 0.96031 0.96718 0.93093 0.86381 0.82527 0.80652 0.80859 0.82000 0.78893 0.46851 0.07291 0.00000
0.00000 0.87273 0.82105 0.80535 0.83500 0.83259 0.86328 0.90738 0.90746 0.92362 0.94529 0.97809 0.97569 0.97367 0.95137 0.91428 0.86610 0.84219 0.83275 0.78965 0.78212 0.43450 0.07792 0.00000 0.00000
0.00000 0.31455 0.87184 0.85674 0.86888 0.83371 0.93133 0.95462 0.94947 0.96522 0.96942 0.98239 0.98467 0.99862 0.97900 0.95223 0.87700 0.87136 0.85305 0.43492 0.48881 0.52274 0.00000 0.00000 0.00000
0.00000 0.34462 0.32824 0.89433 0.46280 0.85446 0.94409 0.73016 0.95224 0.92371 0.96508 0.99591 0.99679 0.99832 0.97534 0.94386 0.88456 0.87587 0.49040 0.44791 0.51464 0.00000 0.00000 0.00000 0.00000
0.00000 0.00000 0.03528 0.03161 0.23199 0.24072 0.12410 0.77716 0.37689 0.40337 0.92773 0.99474 0.99593 1.00000 1.00000 0.86530 0.74546 0.35071 0.55371 0.14457 0.14731 0.00000 0.00000 0.00000 0.00000
