# name=two_districts field=200x200 stride=8
25 25
0.00000 0.13874 0.33530 0.32768 0.67612 0.66464 0.67612 0.74636 0.79729 0.82135 0.92531 0.94228 0.95556 0.94730 0.89489 0.88716 0.87112 0.86389 0.89787 0.84770 0.36122 0.74423 0.84308 0.89850 0.29626
0.13417 0.34807 1.00000 0.93222 1.00000 0.89834 1.00000 0.96767 1.00000 0.97255 0.99179 0.95191 0.93538 0.91957 0.89574 0.88351 0.88831 0.88937 0.86884 0.85297 0.80264 0.86099 0.83719 0.83820 0.84870
0.33530 1.00000 0.95276 1.00000 0.96239 1.00000 0.98171 1.00000 0.98488 1.00000 0.99449 0.94251 0.94199 0.90100 0.88981 0.88713 0.88331 0.88011 0.87737 0.84420 0.80510 0.86680 0.81409 0.81761 0.80914
0.31490 0.93222 1.00000 1.00000 1.00000 1.00000 1.00000 1.00000 1.00000 1.00000 0.99678 0.92725 0.92186 0.90318 0.89156 0.87962 0.87762 0.86885 0.87575 0.86794 0.84824 0.85226 0.85503 0.83814 0.81494
0.67514 1.00000 0.96239 1.00000 0.97018 1.00000 0.98542 1.00000 0.98815 1.00000 0.99619 0.92663 0.92130 0.91714 0.90334 0.88629 0.87171 0.87445 0.85987 0.86013 0.86556 0.85859 0.83964 0.80004 0.73518
0.66464 0.89834 1.00000 1.00000 1.00000 1.00000 1.00000 1.00000 1.00000 1.00000 0.99507 0.94702 0.95331 0.90757 0.88436 0.88451 0.87151 0.88123 0.86330 0.86916 0.85972 0.86684 0.86397 0.82574 0.78972
0.67514 1.00000 0.98171 1.00000 0.98542 1.00000 1.00000 1.00000 1.00000 1.00000 0.99529 0.98648 0.91659 0.91909 0.88730 0.87673 0.87409 0.87000 0.85642 0.87769 0.84696 0.87048 0.84666 0.82746 0.80430
0.74636 0.96767 1.00000 1.00000 1.00000 1.00000 1.00000 1.00000 1.00000 1.00000 0.99672 0.94752 0.92931 0.91256 0.89578 0.87813 0.88086 0.87884 0.86830 0.86744 0.86441 0.86432 0.84122 0.84251 0.82979
0.77464 1.00000 0.98574 1.00000 0.98869 1.00000 1.00000 1.00000 1.00000 1.00000 1.00000 0.93623 0.93192 0.90308 0.90539 0.88676 0.88690 0.88085 0.87599 0.87430 0.86831 0.85479 0.85590 0.85525 0.84076
0.77497 0.97688 1.00000 1.00000 1.00000 1.00000 1.00000 1.00000 1.00000 1.00000 0.98189 0.96342 0.92665 0.90288 0.91802 0.88365 0.89061 0.88787 0.88505 0.87130 0.86350 0.86896 0.84610 0.83857 0.82006
0.94273 1.00000 1.00000 1.00000 1.00000 1.00000 1.00000 1.00000 1.00000 1.00000 0.98512 0.97730 0.93477 0.91394 0.92521 0.89538 0.88253 0.88071 0.88302 0.86998 0.87844 0.87093 0.87084 0.86376 0.84907
0.95185 0.98133 1.00000 1.00000 1.00000 1.00000 1.00000 1.00000 1.00000 1.00000 0.99626 0.98680 0.92889 0.91815 0.91010 0.90402 0.88467 0.87527 0.87779 0.87660 0.88023 0.87261 0.87267 0.86582 0.86801
1.00000 1.00000 1.00000 1.00000 1.00000 1.00000 1.00000 1.00000 1.00000 1.00000 1.00000 0.95137 0.93870 0.90908 0.90428 0.88675 0.88160 0.88401 0.90919 0.91540 0.87384 0.87873 0.88469 0.88630 0.88129
1.00000 1.00000 1.00000 1.00000 1.00000 1.00000 1.00000 1.00000 1.00000 1.00000 0.99656 0.97108 0.96383 0.90545 0.91015 0.89034 0.89099 0.87972 0.87129 0.88041 0.88794 0.88007 0.87407 0.88521 0.90704
1.00000 1.00000 0.99037 1.00000 0.99240 1.00000 0.99263 1.00000 0.99402 1.00000 0.99544 0.96938 0.93552 0.91259 0.91230 0.88901 0.88491 0.88028 0.88153 0.87204 0.87850 0.87155 0.88601 0.88693 0.89072
0.91503 0.98686 1.00000 1.00000 1.00000 1.00000 1.00000 1.00000 1.00000 1.00000 0.98755 0.98693 0.93567 0.90886 0.90482 0.88938 0.88091 0.87511 0.86908 0.87976 0.88171 0.87531 0.88065 0.88824 0.90020
0.91287 1.00000 0.98868 1.00000 0.99106 1.00000 0.99137 1.00000 0.99292 1.00000 1.00000 0.97724 0.93370 0.90645 0.88589 0.88723 0.88795 0.87335 0.86477 0.87343 0.87233 0.87694 0.88070 0.87116 0.87569
0.79849 0.95681 1.00000 1.00000 1.00000 1.00000 1.00000 1.00000 1.00000 1.00000 1.00000 0.93587 0.93687 0.90890 0.88704 0.87565 0.87226 0.86860 0.85378 0.87176 0.86461 0.87110 0.86259 0.84302 0.84198
0.77140 1.00000 0.96875 1.00000 0.97530 1.00000 0.98787 1.00000 0.99026 1.00000 0.99000 0.95906 0.97057 0.90186 0.88808 0.88065 0.87394 0.86937 0.86323 0.86392 0.84107 0.86105 0.87461 0.87971 0.88656
0.77089 0.94153 1.00000 1.00000 1.00000 1.00000 1.00000 1.00000 1.00000 1.00000 0.98802 0.97135 0.94579 0.89537 0.88159 0.88230 0.88026 0.86859 0.87702 0.86852 0.87407 0.86859 0.84695 0.88320 0.79297
0.70311 1.00000 0.98026 1.00000 0.98451 1.00000 1.00000 1.00000 1.00000 1.00000 0.98899 0.97535 0.95448 0.90983 0.88922 0.88465 0.87153 0.86515 0.86971 0.86560 0.86375 0.87670 0.86075 0.85333 0.82582
0.33482 0.95852 1.00000 1.00000 1.00000 1.00000 1.00000 1.00000 1.00000 1.00000 1.00000 0.97811 0.93061 0.90277 0.89350 0.87219 0.87811 0.87946 0.87169 0.86214 0.86743 0.85131 0.86316 0.84089 0.85010
0.35204 1.00000 0.97159 1.00000 0.97764 0.96735 1.00000 0.97195 1.00000 0.97418 1.00000 0.95416 0.96483 0.90352 0.89010 0.87246 0.88220 0.86609 0.87299 0.88079 0.86526 0.84986 0.81877 0.80966 0.78475
0.14510 0.35647 1.00000 0.92675 0.90428 0.89061 0.90428 0.96558 0.92894 0.97018 0.92139 0.94929 0.95790 0.90386 0.89302 0.86496 0.88424 0.86091 0.89127 0.86643 0.85454 0.83202 0.76272 0.75159 0.68948
0.00000 0.13874 0.13472 0.32768 0.32869 0.32768 0.32869 0.64433 0.73541 0.38180 0.91383 0.97222 0.95447 0.90498 0.89904 0.87360 0.83299 0.85924 0.89728 0.86903 0.85126 0.81040 0.74417 0.66976 0.49231
