# name=mixed_regions field=200x200 stride=8
25 25
0.00000 0.00000 0.50295 0.00000 0.45557 0.00000 0.45557 0.00000 0.45557 0.00000 0.52806 0.00000 0.00000 0.00000 0.00000 0.00000 0.00000 0.00000 0.00000 0.00000 0.00000 0.00000 0.00000 0.00000 0.00000
0.00000 0.52211 1.00000 0.93222 1.00000 0.89834 1.00000 0.89834 1.00000 0.95852 1.00000 0.53470 0.44178 0.00000 0.00000 0.00000 0.00000 0.00000 0.00000 0.00000 0.00000 0.00000 0.00000 0.00000 0.00000
0.50295 1.00000 0.95276 1.00000 0.96239 1.00000 0.96239 1.00000 0.98026 1.00000 0.97159 1.00000 0.43472 0.33802 0.00000 0.00000 0.00000 0.00000 0.00000 0.00000 0.07040 0.42525 0.52608 0.24801 0.14742
0.00000 0.93222 1.00000 1.00000 1.00000 1.00000 1.00000 1.00000 1.00000 1.00000 1.00000 0.89209 0.41488 0.32687 0.00000 0.00000 0.00000 0.00000 0.00000 0.05091 0.07068 0.42840 0.52798 0.57973 0.43635
0.45557 1.00000 0.96239 1.00000 0.97018 1.00000 0.97018 1.00000 0.98451 1.00000 0.97764 0.90428 0.39725 0.17127 0.00000 0.00000 0.00000 0.00000 0.00000 0.00000 0.34499 0.44181 0.52385 0.55954 0.43057
0.00000 0.89834 1.00000 1.00000 1.00000 1.00000 1.00000 1.00000 1.00000 1.00000 0.96735 0.89061 0.20584 0.29108 0.00000 0.00000 0.19216 0.00000 0.00000 0.00000 0.34301 0.60512 0.70252 0.58902 0.42229
0.45557 1.00000 0.96239 1.00000 0.97018 1.00000 0.97018 1.00000 0.98451 1.00000 0.97764 0.90428 0.19536 0.28083 0.00000 0.34683 0.26807 0.33507 0.00000 0.00000 0.25500 0.56576 0.54392 0.56408 0.58560
0.00000 0.89834 1.00000 1.00000 1.00000 1.00000 1.00000 1.00000 1.00000 1.00000 0.96735 0.89186 0.38864 0.14498 0.00000 0.13423 0.15061 0.15672 0.07737 0.19037 0.00000 0.30255 0.34985 0.36827 0.37368
0.45557 1.00000 0.96239 1.00000 0.97018 1.00000 0.97018 1.00000 0.98451 1.00000 0.97764 0.81446 0.47468 0.31792 0.00000 0.00000 0.00000 0.16074 0.19800 0.21945 0.13689 0.00000 0.27231 0.28851 0.00000
0.00000 0.89834 1.00000 1.00000 1.00000 1.00000 1.00000 1.00000 1.00000 1.00000 0.96735 0.83252 0.50723 0.28859 0.23703 0.35457 0.36659 0.36218 0.00000 0.25684 0.26338 0.00000 0.00000 0.00000 0.00000
0.45557 1.00000 0.96239 1.00000 0.97018 1.00000 0.97018 1.00000 0.98451 1.00000 0.95015 0.82711 0.50458 0.51684 0.26530 0.38520 0.40177 0.57014 0.39372 0.27680 0.27496 0.00000 0.00000 0.00000 0.00000
0.00000 0.89834 1.00000 1.00000 1.00000 1.00000 1.00000 1.00000 1.00000 1.00000 0.94059 0.82123 0.64917 0.53825 0.27708 0.29186 0.40720 0.64516 0.43448 0.16134 0.16157 0.00000 0.00000 0.00000 0.00000
0.45557 1.00000 0.96239 1.00000 0.97018 1.00000 0.97018 1.00000 0.98451 1.00000 0.97764 0.88359 0.48724 0.22559 0.00000 0.17166 0.14359 0.58634 0.41239 0.73747 0.33977 0.18142 0.19171 0.18571 0.00000
0.00000 0.89834 1.00000 1.00000 1.00000 1.00000 1.00000 1.00000 1.00000 1.00000 0.96735 0.87776 0.38564 0.18318 0.07615 0.07561 0.20508 0.13332 0.66413 0.73743 0.42780 0.40696 0.22056 0.07991 0.00000
0.45557 1.00000 0.96239 1.00000 0.97018 1.00000 0.97018 1.00000 0.98451 1.00000 0.97764 0.84861 0.19461 0.51910 0.10064 0.08776 0.07216 0.13693 0.18738 0.17540 0.50033 0.18562 0.09950 0.08795 0.00000
0.00000 0.89834 1.00000 1.00000 1.00000 1.00000 1.00000 1.00000 1.00000 1.00000 0.96735 0.81751 0.20671 0.59898 0.18109 0.15623 0.13144 0.10103 0.12932 0.17124 0.45683 0.48914 0.48348 0.20221 0.20291
0.45557 1.00000 0.96239 1.00000 0.97018 1.00000 0.97018 1.00000 0.98451 1.00000 0.97764 0.81613 0.20615 0.58630 0.11500 0.09706 0.07965 0.06047 0.00000 0.16809 0.20133 0.35657 0.18969 0.18944 0.19087
0.00000 0.89834 1.00000 1.00000 1.00000 1.00000 1.00000 1.00000 1.00000 1.00000 0.96735 0.82126 0.19959 0.66662 0.19027 0.17148 0.14281 0.12201 0.27705 0.32096 0.31069 0.28607 0.00000 0.00000 0.00000
0.45557 1.00000 0.96239 1.00000 0.97018 1.00000 0.97018 1.00000 0.98451 1.00000 0.97764 0.89877 0.63468 0.40791 0.15530 0.50664 0.48275 0.11449 0.06775 0.50830 0.36930 0.00000 0.00000 0.00000 0.00000
0.00000 0.89834 1.00000 1.00000 1.00000 1.00000 1.00000 1.00000 1.00000 1.00000 0.96735 0.85402 0.65388 0.40110 0.48593 0.57527 0.54874 0.33173 0.10835 0.39255 0.15893 0.00000 0.00000 0.00000 0.00000
0.45557 1.00000 0.98026 1.00000 0.98451 1.00000 0.98451 1.00000 1.00000 1.00000 1.00000 0.80883 0.19011 0.40927 0.39152 0.38283 0.37993 0.35179 0.34020 0.18072 0.19392 0.19991 0.00000 0.00000 0.00000
0.00000 0.95852 1.00000 1.00000 1.00000 1.00000 1.00000 1.00000 1.00000 1.00000 0.96094 0.84351 0.20588 0.15320 0.40257 0.39710 0.36986 0.33779 0.34490 0.20485 0.21279 0.00000 0.00000 0.00000 0.00000
0.52806 1.00000 0.97159 1.00000 0.97764 0.96735 0.97764 0.96735 1.00000 0.96094 1.00000 0.46434 0.22107 0.00000 0.00000 0.40370 0.36028 0.00000 0.00000 0.20755 0.22631 0.00000 0.00000 0.00000 0.00000
0.00000 0.53470 1.00000 0.92675 0.90428 0.89061 0.90428 0.89061 0.90428 0.95503 0.52318 0.55026 0.00000 0.00000 0.00000 0.00000 0.00000 0.00000 0.00000 0.00000 0.00000 0.00000 0.00000 0.00000 0.00000
0.00000 0.00000 0.00000 0.00000 0.00000 0.00000 0.00000 0.00000 0.00000 0.00000 0.00000 0.00000 0.00000 0.00000 0.00000 0.00000 0.00000 0.00000 0.00000 0.00000 0.00000 0.00000 0.00000 0.00000 0.00000
