# name=two_districts field=200x200 stride=8
25 25
0.00000 0.00000 0.50295 0.00000 0.45557 0.00000 0.45557 0.00000 0.45557 0.00000 0.43028 0.00000 0.35152 0.35643 0.46575 0.44734 0.43338 0.60812 0.62265 0.63130 0.35091 0.80100 0.41191 0.00000 0.00000
0.00000 0.52211 1.00000 0.93222 1.00000 0.89834 1.00000 0.89834 1.00000 0.95852 0.86537 0.35557 0.58865 0.41714 0.41723 0.40947 0.69158 0.56651 0.70603 0.62220 0.61290 0.75954 0.41008 0.42755 0.25684
0.50295 1.00000 0.95276 1.00000 0.96239 1.00000 0.96239 1.00000 0.98026 1.00000 0.88326 0.72784 0.81019 0.74025 0.69219 0.42577 0.68261 0.65914 0.69798 0.58651 0.69677 0.69997 0.60978 0.65312 0.25826
0.00000 0.93222 1.00000 1.00000 1.00000 1.00000 1.00000 1.00000 1.00000 1.00000 0.94762 0.82257 0.77286 0.64939 0.77534 0.76668 0.71792 0.70566 0.65939 0.60215 0.72274 0.60564 0.61072 0.64260 0.66526
0.45557 1.00000 0.96239 1.00000 0.97018 1.00000 0.97018 1.00000 0.98451 1.00000 0.93494 0.79393 0.75101 0.68933 0.63853 0.78740 0.80865 0.71981 0.69618 0.63886 0.71186 0.76292 0.78037 0.76442 0.46371
0.00000 0.89834 1.00000 1.00000 1.00000 1.00000 1.00000 1.00000 1.00000 1.00000 0.91261 0.73267 0.46469 0.74748 0.74594 0.74118 0.70495 0.62963 0.73121 0.76273 0.73040 0.70130 0.61448 0.74036 0.81557
0.45557 1.00000 0.96239 1.00000 0.97018 1.00000 0.97018 1.00000 0.98451 1.00000 0.92210 0.75997 0.59202 0.55176 0.57320 0.70589 0.72474 0.69824 0.64001 0.59660 0.67454 0.72726 0.84791 0.65775 0.72604
0.00000 0.89834 1.00000 1.00000 1.00000 1.00000 1.00000 1.00000 1.00000 1.00000 0.92560 0.76700 0.66841 0.73002 0.75733 0.69903 0.64802 0.59624 0.76025 0.81062 0.81263 0.64063 0.79737 0.83762 0.86392
0.45557 1.00000 0.96239 1.00000 0.97018 1.00000 0.97018 1.00000 0.98451 1.00000 0.97764 0.82770 0.62749 0.69182 0.64431 0.78704 0.75433 0.81695 0.63951 0.63510 0.76477 0.82415 0.77677 0.63786 0.65700
0.00000 0.89834 1.00000 1.00000 1.00000 1.00000 1.00000 1.00000 1.00000 1.00000 0.92314 0.73049 0.62525 0.70087 0.81409 0.75129 0.59660 0.71705 0.79511 0.76406 0.72817 0.70935 0.69884 0.73479 0.74000
0.45557 1.00000 0.96239 1.00000 0.97018 1.00000 0.97018 1.00000 0.98451 1.00000 0.92646 0.73303 0.60044 0.56282 0.40989 0.81205 0.72760 0.71634 0.64349 0.71333 0.74686 0.76348 0.75778 0.65114 0.63016
0.00000 0.89834 1.00000 1.00000 1.00000 1.00000 1.00000 1.00000 1.00000 1.00000 0.92349 0.77115 0.69374 0.74172 0.77183 0.57358 0.68073 0.72402 0.76499 0.73034 0.65094 0.69538 0.77645 0.80696 0.80323
0.45557 1.00000 0.96239 1.00000 0.97018 1.00000 0.97018 1.00000 0.98451 1.00000 0.97764 0.81912 0.57657 0.58550 0.78190 0.80300 0.77562 0.72448 0.65018 0.69549 0.72683 0.68014 0.63766 0.61025 0.63894
0.00000 0.89834 1.00000 1.00000 1.00000 1.00000 1.00000 1.00000 1.00000 1.00000 0.93240 0.77277 0.40802 0.67881 0.64463 0.64341 0.66328 0.71681 0.76715 0.67031 0.65339 0.73727 0.78693 0.78094 0.67881
0.45557 1.00000 0.96239 1.00000 0.97018 1.00000 0.97018 1.00000 0.98451 1.00000 0.93187 0.73635 0.36368 0.54353 0.70611 0.74248 0.72321 0.75661 0.72953 0.76529 0.75131 0.71871 0.55444 0.74720 0.78872
0.00000 0.89834 1.00000 1.00000 1.00000 1.00000 1.00000 1.00000 1.00000 1.00000 0.92308 0.77321 0.53509 0.50428 0.57935 0.59515 0.75892 0.76176 0.70823 0.64848 0.67910 0.72297 0.80391 0.74087 0.42004
0.45557 1.00000 0.96239 1.00000 0.97018 1.00000 0.97018 1.00000 0.98451 1.00000 0.97764 0.76423 0.61431 0.62592 0.75983 0.73361 0.57229 0.59939 0.76274 0.80299 0.78246 0.61492 0.59758 0.80888 0.84011
0.00000 0.89834 1.00000 1.00000 1.00000 1.00000 1.00000 1.00000 1.00000 1.00000 0.96735 0.80154 0.60344 0.68611 0.65315 0.76767 0.77863 0.82381 0.73504 0.57063 0.72964 0.81759 0.78203 0.78656 0.66370
0.45557 1.00000 0.96239 1.00000 0.97018 1.00000 0.97018 1.00000 0.98451 1.00000 0.94156 0.78978 0.28634 0.68647 0.82133 0.75932 0.59897 0.76083 0.80816 0.75926 0.72633 0.64268 0.71901 0.73518 0.77312
0.00000 0.89834 1.00000 1.00000 1.00000 1.00000 1.00000 1.00000 1.00000 1.00000 0.92792 0.78161 0.58890 0.55376 0.40938 0.81696 0.72510 0.71846 0.59753 0.74482 0.66808 0.71800 0.69937 0.57567 0.39450
0.45557 1.00000 0.98026 1.00000 0.98451 1.00000 0.98451 1.00000 1.00000 1.00000 0.96322 0.84154 0.47695 0.66743 0.78119 0.73629 0.54826 0.70619 0.76011 0.75595 0.63451 0.64503 0.73050 0.74865 0.72506
0.00000 0.95852 1.00000 1.00000 1.00000 1.00000 1.00000 1.00000 1.00000 1.00000 0.96094 0.87008 0.66688 0.63573 0.67116 0.78197 0.78398 0.73042 0.74874 0.68669 0.72716 0.82446 0.80367 0.61563 0.65792
0.52806 1.00000 0.97159 1.00000 0.97764 0.96735 0.97764 0.96735 1.00000 0.96094 1.00000 0.41414 0.46595 0.65407 0.66055 0.61688 0.56609 0.68379 0.72712 0.55990 0.76828 0.72080 0.75748 0.76853 0.78432
0.00000 0.53470 1.00000 0.92675 0.90428 0.89061 0.90428 0.89061 0.90428 0.95503 0.46792 0.39919 0.16852 0.20503 0.46384 0.46356 0.58042 0.70692 0.61147 0.74769 0.69385 0.67301 0.54549 0.68116 0.69821
0.00000 0.00000 0.00000 0.00000 0.00000 0.00000 0.00000 0.00000 0.00000 0.00000 0.25515 0.00000 0.15144 0.00000 0.00000 0.42200 0.39068 0.76452 0.62229 0.77315 0.59735 0.69662 0.41108 0.40609 0.25876
