# name=grid_rotated_30 field=200x200 stride=8
25 25
0.34302 0.38467 0.79221 0.86355 0.87762 0.88099 0.57233 0.80417 0.88537 0.89556 0.56550 0.56239 0.81909 0.81956 0.83952 0.74478 0.82959 0.81071 0.80208 0.85956 0.90606 0.89183 0.57451 0.38202 0.37219
0.37237 0.39228 0.77741 0.84480 0.91094 0.89569 0.88678 0.91575 0.85136 0.90407 0.86309 0.89934 0.81892 0.81256 0.86446 0.81855 0.84724 0.84918 0.88986 0.94204 0.91109 0.90376 0.83841 0.73646 0.39184
0.38230 0.73760 0.85173 0.87247 0.91870 0.88559 0.93589 0.93463 0.90221 0.88887 0.86483 0.91165 0.91178 0.87467 0.88688 0.90158 0.90529 0.88729 0.90819 0.92357 0.91827 0.87801 0.88906 0.85149 0.77687
0.57451 0.83955 0.88920 0.91260 0.93760 0.92272 0.90740 0.89967 0.91251 0.93228 0.90777 0.91290 0.93261 0.90004 0.91047 0.90180 0.90686 0.91067 0.93801 0.93853 0.92505 0.93884 0.91232 0.87204 0.84382
0.89183 0.90376 0.89084 0.93901 0.92343 0.92204 0.93469 0.93373 0.93264 0.91807 0.91529 0.91666 0.93257 0.91782 0.93466 0.91900 0.93648 0.90705 0.91890 0.93742 0.93753 0.92330 0.93719 0.91804 0.90973
0.90606 0.91109 0.91827 0.92505 0.93753 0.93598 0.93503 0.91614 0.91777 0.93227 0.90907 0.93223 0.93295 0.93411 0.92033 0.91973 0.93662 0.91447 0.93662 0.92243 0.93598 0.92204 0.92226 0.88511 0.89520
0.85956 0.94204 0.92357 0.93853 0.93742 0.92243 0.92211 0.93462 0.93403 0.91921 0.90054 0.93342 0.91427 0.93482 0.92001 0.93626 0.91700 0.91583 0.90492 0.92211 0.93503 0.93469 0.90673 0.93566 0.88601
0.80208 0.88986 0.90819 0.93801 0.91890 0.93662 0.90492 0.91808 0.93496 0.93446 0.93458 0.93484 0.93519 0.93587 0.90248 0.91707 0.90626 0.93621 0.91808 0.93462 0.91614 0.93376 0.89983 0.93476 0.91557
0.81071 0.84918 0.88729 0.91067 0.90705 0.91447 0.91583 0.93621 0.92068 0.91398 0.92107 0.93634 0.92291 0.93697 0.93709 0.93724 0.92331 0.92068 0.93496 0.93403 0.91777 0.93269 0.91266 0.90246 0.85168
0.82959 0.84724 0.90529 0.90686 0.93648 0.93662 0.91700 0.90626 0.92331 0.93684 0.93695 0.93744 0.93794 0.93817 0.92097 0.90833 0.93684 0.91398 0.93446 0.91921 0.93227 0.91813 0.93237 0.88934 0.90484
0.74478 0.81855 0.90158 0.90180 0.91900 0.91973 0.93626 0.91707 0.93724 0.90833 0.93808 0.93855 0.92419 0.92522 0.93880 0.93808 0.93695 0.92107 0.93458 0.90054 0.90907 0.91529 0.90781 0.86538 0.86431
0.83952 0.86446 0.88688 0.91047 0.93466 0.92033 0.92001 0.90248 0.93709 0.92097 0.93880 0.92094 0.94015 0.91041 0.92094 0.93855 0.93744 0.93634 0.93484 0.93342 0.93223 0.91685 0.91334 0.91175 0.89980
0.81956 0.81256 0.87467 0.90004 0.91782 0.93411 0.93482 0.93587 0.93697 0.93817 0.92522 0.91041 0.91967 0.91967 0.94015 0.92419 0.93794 0.92291 0.93519 0.91427 0.93295 0.93280 0.93312 0.91103 0.81845
0.81909 0.81892 0.91178 0.93261 0.93257 0.93295 0.91427 0.93519 0.92291 0.93794 0.92419 0.94015 0.91967 0.91967 0.91041 0.92522 0.93817 0.93697 0.93587 0.93482 0.93411 0.91806 0.89895 0.87323 0.81136
0.56239 0.89934 0.91165 0.91290 0.91666 0.93223 0.93342 0.93484 0.93634 0.93744 0.93855 0.92094 0.91041 0.94015 0.92094 0.93880 0.92097 0.93709 0.90248 0.92001 0.92033 0.92160 0.90988 0.88626 0.86421
0.56550 0.86309 0.86483 0.90777 0.91529 0.90907 0.90054 0.93458 0.92107 0.93695 0.93808 0.93880 0.92522 0.92419 0.93855 0.93808 0.90833 0.93724 0.91707 0.93626 0.91973 0.91849 0.90120 0.90093 0.81826
0.89556 0.90407 0.88887 0.93228 0.91807 0.93227 0.91921 0.93446 0.91398 0.93684 0.90833 0.92097 0.93817 0.93794 0.93744 0.93695 0.93684 0.92331 0.90626 0.91700 0.93662 0.93020 0.90636 0.90483 0.84664
0.88537 0.85136 0.90221 0.91251 0.93264 0.91777 0.93403 0.93496 0.92068 0.92331 0.93724 0.93709 0.93697 0.92291 0.93634 0.92107 0.91398 0.92068 0.93621 0.91583 0.91447 0.90705 0.90948 0.88595 0.84819
0.80417 0.91575 0.93463 0.89967 0.93373 0.91614 0.93462 0.91808 0.93621 0.90626 0.91707 0.90248 0.93587 0.93519 0.93484 0.93458 0.93446 0.93496 0.91808 0.90492 0.93662 0.91890 0.93787 0.90847 0.89117
0.57233 0.88678 0.93589 0.90740 0.93469 0.93503 0.92211 0.90492 0.91583 0.91700 0.93626 0.92001 0.93482 0.91427 0.93342 0.90054 0.91921 0.93403 0.93462 0.92211 0.92243 0.93735 0.93835 0.92324 0.94130
0.88099 0.89569 0.88559 0.92272 0.92204 0.93598 0.92243 0.93662 0.91447 0.93662 0.91973 0.92033 0.93411 0.93295 0.93223 0.90907 0.93227 0.91777 0.91614 0.93503 0.93598 0.93745 0.92489 0.91793 0.91038
0.87715 0.91053 0.91841 0.93760 0.92343 0.93745 0.93735 0.91890 0.90705 0.93020 0.91849 0.92160 0.91806 0.93280 0.91685 0.91529 0.91813 0.93269 0.93376 0.93469 0.92204 0.92330 0.92600 0.87776 0.90334
0.86296 0.84437 0.87211 0.91231 0.92613 0.92489 0.93835 0.93787 0.90948 0.90636 0.90120 0.90988 0.89895 0.93312 0.91334 0.90781 0.93237 0.91266 0.89983 0.90673 0.92226 0.93719 0.91203 0.88880 0.83831
0.79198 0.77731 0.85158 0.88894 0.89055 0.91793 0.92324 0.90847 0.88595 0.90483 0.90093 0.88626 0.87323 0.91103 0.91175 0.86538 0.88934 0.90246 0.93476 0.93566 0.88511 0.91775 0.87169 0.85134 0.73705
0.38518 0.39270 0.73819 0.83944 0.90334 0.91038 0.94130 0.89117 0.84819 0.84664 0.81826 0.86421 0.81136 0.81845 0.89980 0.86431 0.90484 0.85168 0.91557 0.88601 0.89520 0.90932 0.84340 0.77678 0.39226
