# name=grid_rotated_30 field=200x200 stride=8
25 25
0.43991 0.43057 0.80305 0.87160 0.88526 0.88720 0.75870 0.80757 0.88909 0.89847 0.56789 0.56418 0.82292 0.89408 0.93897 0.88129 0.91345 0.91871 0.86726 0.87113 0.91380 0.94478 0.87472 0.90570 0.91898
0.54144 0.65290 0.80841 0.85842 0.91881 0.90594 0.89856 0.92207 0.87594 0.90626 0.86419 0.90105 0.84202 0.85797 0.93841 0.89654 0.90266 0.88947 0.90998 0.94309 0.92116 0.94401 0.93037 0.90514 0.90328
0.46633 0.75384 0.86459 0.90517 0.92714 0.90206 0.94089 0.93931 0.90728 0.91534 0.86557 0.91435 0.91741 0.91769 0.93787 0.93959 0.94063 0.91093 0.92181 0.94243 0.92728 0.92165 0.94341 0.94342 0.94384
0.57562 0.84931 0.89810 0.92163 0.94273 0.93126 0.91880 0.91050 0.91720 0.93413 0.91058 0.91625 0.93487 0.91495 0.93802 0.93923 0.92643 0.92476 0.94089 0.94174 0.93323 0.93499 0.94294 0.94298 0.94309
0.89324 0.90844 0.89887 0.94308 0.93173 0.93144 0.94021 0.93818 0.93535 0.92152 0.91857 0.92109 0.93540 0.92290 0.93766 0.93922 0.93970 0.91028 0.93986 0.94136 0.94202 0.94184 0.94188 0.94202 0.94176
0.90863 0.91514 0.92286 0.94265 0.94206 0.94095 0.93976 0.93773 0.92150 0.93460 0.91393 0.93626 0.93769 0.93841 0.92607 0.91100 0.93896 0.91687 0.93961 0.93024 0.94104 0.93429 0.93428 0.91673 0.94095
0.86243 0.94409 0.94258 0.94169 0.94102 0.92826 0.92743 0.93732 0.93595 0.92153 0.92392 0.93795 0.92430 0.93971 0.92645 0.93915 0.91823 0.93875 0.91133 0.93974 0.93975 0.93980 0.92559 0.93955 0.91339
0.82835 0.90852 0.92077 0.94037 0.93959 0.93913 0.90890 0.92102 0.93650 0.93605 0.93803 0.93988 0.94063 0.94140 0.91317 0.93949 0.90955 0.93784 0.92315 0.93795 0.93832 0.93810 0.92039 0.93790 0.92683
0.86892 0.88955 0.91030 0.92361 0.90912 0.91611 0.91719 0.93745 0.92178 0.91481 0.92574 0.94078 0.93098 0.94240 0.94145 0.94014 0.92558 0.92320 0.93736 0.93732 0.92642 0.93567 0.93527 0.93546 0.93611
0.91219 0.90230 0.94003 0.92640 0.93901 0.93865 0.91806 0.90989 0.92578 0.93883 0.92679 0.94096 0.94233 0.94254 0.92722 0.91378 0.93901 0.91653 0.93750 0.92612 0.93595 0.92661 0.93395 0.92265 0.91654
0.88131 0.89914 0.93957 0.92443 0.93886 0.91139 0.93895 0.92115 0.94002 0.91336 0.94096 0.94125 0.92854 0.93005 0.94210 0.94097 0.92526 0.92425 0.93844 0.92307 0.92047 0.93435 0.91940 0.90549 0.89160
0.93948 0.93912 0.93898 0.93868 0.93795 0.92606 0.92583 0.91152 0.94071 0.92664 0.94130 0.94203 0.94207 0.91428 0.92427 0.94122 0.94011 0.94012 0.93920 0.93802 0.93663 0.92577 0.92270 0.92145 0.91345
0.82869 0.82669 0.88553 0.90902 0.92420 0.93801 0.93908 0.94041 0.94136 0.94175 0.92918 0.91355 0.92037 0.92053 0.94238 0.92824 0.94194 0.92912 0.94011 0.92351 0.93751 0.93576 0.93517 0.92072 0.92839
0.82664 0.83120 0.91722 0.93600 0.93600 0.93721 0.92180 0.93962 0.92930 0.94205 0.92941 0.94241 0.94233 0.94250 0.91564 0.93050 0.94232 0.94216 0.94091 0.93942 0.93811 0.92754 0.92325 0.91004 0.93696
0.56239 0.90274 0.91535 0.91751 0.92079 0.93557 0.93709 0.93871 0.94088 0.94202 0.94229 0.94266 0.91492 0.94270 0.92605 0.94310 0.92872 0.94203 0.91318 0.93980 0.93847 0.92954 0.92858 0.91794 0.93329
0.56550 0.86309 0.88923 0.91044 0.91794 0.91195 0.92179 0.93829 0.92724 0.94195 0.94251 0.94234 0.92964 0.92916 0.94230 0.94258 0.91801 0.94149 0.94042 0.93943 0.92722 0.93439 0.92848 0.91869 0.90763
0.89556 0.90407 0.91394 0.93367 0.92044 0.93449 0.92089 0.93725 0.91943 0.94105 0.91763 0.92816 0.94152 0.94146 0.94131 0.94142 0.94121 0.92844 0.92727 0.93938 0.93906 0.93565 0.92242 0.92239 0.93074
0.88517 0.87324 0.90556 0.91649 0.93556 0.92239 0.93699 0.93810 0.92507 0.92863 0.94138 0.94107 0.94062 0.92667 0.93982 0.92562 0.92082 0.92622 0.93912 0.93898 0.93962 0.93035 0.92444 0.91134 0.94157
0.84566 0.93912 0.93791 0.90840 0.93785 0.92257 0.93812 0.92240 0.93884 0.92761 0.92222 0.91232 0.93965 0.93863 0.93693 0.93824 0.93836 0.93876 0.92432 0.92578 0.93953 0.93969 0.94038 0.92465 0.92369
0.65039 0.94102 0.94004 0.91804 0.93939 0.93916 0.92817 0.92466 0.91984 0.93873 0.93919 0.93934 0.93903 0.92201 0.93703 0.92046 0.92550 0.93817 0.93859 0.93916 0.92997 0.93968 0.93997 0.94063 0.94151
0.90486 0.91726 0.92106 0.93074 0.93999 0.93959 0.92935 0.93874 0.93822 0.93845 0.92781 0.93872 0.93843 0.93780 0.93639 0.91987 0.93567 0.92708 0.93804 0.93852 0.93902 0.93920 0.93950 0.94019 0.94116
0.90159 0.92297 0.92839 0.94105 0.93162 0.94002 0.93976 0.93910 0.92884 0.93510 0.93469 0.93147 0.93036 0.93740 0.92701 0.93465 0.92586 0.93581 0.93754 0.93848 0.93890 0.93916 0.94004 0.93164 0.94178
0.89429 0.90114 0.91318 0.92476 0.93314 0.93217 0.94025 0.93979 0.92314 0.92269 0.92079 0.93100 0.92719 0.93712 0.92512 0.92023 0.93368 0.93534 0.91863 0.92392 0.93254 0.93937 0.94043 0.94114 0.94211
0.87398 0.88000 0.90697 0.91088 0.91118 0.94125 0.93160 0.92371 0.91069 0.92276 0.92073 0.92219 0.91550 0.92484 0.92339 0.90764 0.92183 0.93521 0.93709 0.93870 0.92654 0.94029 0.94096 0.94161 0.93824
0.86205 0.86475 0.84827 0.89504 0.91943 0.94278 0.94244 0.91379 0.94164 0.93029 0.88275 0.91035 0.89607 0.90309 0.91551 0.89087 0.91523 0.93549 0.93770 0.93953 0.94057 0.94105 0.94185 0.94253 0.94365
