# name=organic_walks field=200x200 stride=8
25 25
0.00000 0.00000 0.00000 0.00000 0.00000 0.00000 0.00000 0.00000 0.31057 0.28951 0.27105 0.00000 0.00000 0.00000 0.00000 0.00000 0.00000 0.00000 0.00000 0.00000 0.00000 0.00000 0.00000 0.00000 0.00000
0.00000 0.00000 0.00000 0.00000 0.00000 0.00000 0.00000 0.00000 0.49205 0.47384 0.25606 0.22105 0.00000 0.00000 0.00000 0.00000 0.00000 0.00000 0.00000 0.00000 0.00000 0.00000 0.00000 0.00000 0.00000
0.00000 0.00000 0.00000 0.00000 0.00000 0.00000 0.00000 0.00000 0.47227 0.45196 0.40798 0.19781 0.00000 0.00000 0.00000 0.00000 0.00000 0.00000 0.00000 0.00000 0.00000 0.00000 0.00000 0.00000 0.00000
0.00000 0.00000 0.00000 0.00000 0.00000 0.00000 0.00000 0.00000 0.44870 0.57127 0.55721 0.41930 0.00000 0.00000 0.00000 0.00000 0.00000 0.00000 0.00000 0.00000 0.00000 0.00000 0.00000 0.00000 0.00000
0.00000 0.00000 0.00000 0.00000 0.00000 0.00000 0.00000 0.00000 0.72860 0.75396 0.52351 0.24722 0.00000 0.00000 0.00000 0.00000 0.00000 0.00000 0.00000 0.00000 0.56351 0.78143 0.95363 0.95228 0.95089
0.00000 0.00000 0.00000 0.00000 0.00000 0.00000 0.00000 0.00000 0.75006 0.75055 0.66935 0.12722 0.00000 0.00000 0.00000 0.00000 0.00000 0.00000 0.00000 0.00000 0.59278 0.79380 0.90202 0.93830 0.93823
0.00000 0.00000 0.00000 0.00000 0.00000 0.00000 0.00000 0.00000 0.58931 0.54823 0.45594 0.51242 0.00000 0.00000 0.00000 0.00000 0.00000 0.00000 0.00000 0.00000 0.63811 0.82870 0.92748 0.92852 0.92948
0.00000 0.00000 0.00000 0.00000 0.00000 0.00000 0.00000 0.00000 0.59254 0.45601 0.44288 0.55057 0.00000 0.00000 0.00000 0.00000 0.00000 0.00000 0.00000 0.00000 0.62460 0.79801 0.88110 0.91578 0.91708
0.00000 0.00000 0.00000 0.00000 0.43695 0.62015 0.63471 0.47105 0.00000 0.00000 0.00000 0.00000 0.44992 0.38223 0.38737 0.19097 0.00000 0.00000 0.00000 0.00000 0.00000 0.00000 0.00000 0.00000 0.00000
0.00000 0.00000 0.00000 0.00000 0.38592 0.57772 0.59100 0.63062 0.00000 0.00000 0.00000 0.00000 0.47374 0.46238 0.52047 0.49144 0.00000 0.00000 0.00000 0.00000 0.00000 0.00000 0.00000 0.00000 0.00000
0.00000 0.00000 0.00000 0.00000 0.41432 0.34794 0.56368 0.51117 0.00000 0.00000 0.00000 0.00000 0.61843 0.67696 0.76068 0.77543 0.00000 0.00000 0.00000 0.00000 0.00000 0.00000 0.00000 0.00000 0.00000
0.00000 0.00000 0.00000 0.00000 0.31579 0.34988 0.13226 0.15493 0.00000 0.00000 0.00000 0.00000 0.66671 0.75450 0.78288 0.84959 0.00000 0.00000 0.00000 0.00000 0.00000 0.00000 0.00000 0.00000 0.00000
0.00000 0.00000 0.00000 0.00000 0.30796 0.26074 0.40989 0.42690 0.00000 0.00000 0.00000 0.00000 0.72316 0.74654 0.80592 0.82386 0.65969 0.68401 0.70301 0.69688 0.75559 0.79784 0.84257 0.86783 0.92036
0.00000 0.00000 0.00000 0.00000 0.60643 0.64478 0.69018 0.64423 0.00000 0.00000 0.00000 0.00000 0.61041 0.68446 0.78777 0.79859 0.69835 0.66945 0.68483 0.77946 0.72063 0.84709 0.86749 0.87177 0.92594
0.00000 0.00000 0.00000 0.00000 0.65556 0.67923 0.71573 0.75385 0.00000 0.00000 0.00000 0.00000 0.51684 0.62398 0.67753 0.58409 0.56666 0.52644 0.58068 0.57246 0.70008 0.78256 0.82209 0.86965 0.93517
0.00000 0.00000 0.00000 0.00000 0.73993 0.78753 0.73454 0.76245 0.00000 0.00000 0.00000 0.00000 0.36770 0.41129 0.51288 0.51369 0.30832 0.60718 0.67076 0.70761 0.67439 0.74781 0.84579 0.88375 0.93707
0.00000 0.00000 0.45023 0.47546 0.57560 0.60408 0.60365 0.55996 0.00000 0.00000 0.00000 0.00000 0.07584 0.06265 0.00000 0.00000 0.46292 0.44642 0.71540 0.65040 0.00000 0.00000 0.00000 0.00000 0.00000
0.00000 0.00000 0.49859 0.65478 0.51549 0.55641 0.54730 0.52598 0.00000 0.00000 0.00000 0.00000 0.49100 0.08014 0.00000 0.07460 0.44129 0.45556 0.63845 0.69766 0.00000 0.00000 0.00000 0.00000 0.00000
0.00000 0.00000 0.24855 0.43031 0.31432 0.45872 0.46917 0.65257 0.00000 0.00000 0.00000 0.00000 0.60137 0.24624 0.05672 0.00000 0.45635 0.69455 0.75509 0.73065 0.00000 0.00000 0.00000 0.00000 0.00000
0.00000 0.00000 0.00000 0.42155 0.22379 0.22755 0.72249 0.84968 0.00000 0.00000 0.00000 0.00000 0.56922 0.40364 0.20326 0.32533 0.68055 0.81067 0.77706 0.79590 0.00000 0.00000 0.00000 0.00000 0.00000
0.00000 0.00000 0.00000 0.00000 0.00000 0.00000 0.00000 0.00000 0.81993 0.88415 0.92476 0.90094 0.00000 0.00000 0.00000 0.00000 0.00000 0.00000 0.00000 0.00000 0.00000 0.00000 0.00000 0.00000 0.00000
0.00000 0.00000 0.00000 0.00000 0.00000 0.00000 0.00000 0.00000 0.88964 0.91742 0.93253 0.91838 0.00000 0.00000 0.00000 0.00000 0.00000 0.00000 0.00000 0.00000 0.00000 0.00000 0.00000 0.00000 0.00000
0.00000 0.00000 0.00000 0.00000 0.00000 0.00000 0.00000 0.00000 0.94804 0.94569 0.94375 0.92922 0.00000 0.00000 0.00000 0.00000 0.00000 0.00000 0.00000 0.00000 0.00000 0.00000 0.00000 0.00000 0.00000
0.00000 0.00000 0.00000 0.00000 0.00000 0.00000 0.00000 0.00000 0.94868 0.94622 0.94401 0.94253 0.00000 0.00000 0.00000 0.00000 0.00000 0.00000 0.00000 0.00000 0.00000 0.00000 0.00000 0.00000 0.00000
0.00000 0.00000 0.00000 0.00000 0.00000 0.00000 0.00000 0.00000 0.77539 0.77337 0.77129 0.62717 0.00000 0.00000 0.00000 0.00000 0.00000 0.00000 0.00000 0.00000 0.00000 0.00000 0.00000 0.00000 0.00000
