# name=rect_rotated_scattered field=200x200 stride=8
25 25
0.00000 0.00000 0.00000 0.00000 0.00000 0.00000 0.00000 0.00000 0.00000 0.00000 0.00000 0.00000 0.00000 0.00000 0.00000 0.00000 0.00000 0.00000 0.00000 0.00000 0.00000 0.00000 0.00000 0.00000 0.00000
0.00000 0.00000 0.00000 0.00000 0.00000 0.00000 0.00000 0.00000 0.00000 0.00000 0.00000 0.00000 0.00000 0.00000 0.00000 0.00000 0.00000 0.00000 0.00000 0.00000 0.00000 0.00000 0.00000 0.00000 0.00000
0.00000 0.00000 0.00000 0.00000 0.00000 0.00000 0.00000 0.00000 0.00000 0.00000 0.00000 0.00000 0.00000 0.00000 0.00000 0.00000 0.00000 0.00000 0.00000 0.00000 0.00000 0.00000 0.00000 0.00000 0.00000
0.00000 0.00000 0.00000 0.00000 0.00000 0.00000 0.00000 0.00000 0.00000 0.00000 0.00000 0.00000 0.00000 0.00000 0.00000 0.00000 0.00000 0.00000 0.00000 0.00000 0.00000 0.00000 0.00000 0.00000 0.00000
0.00000 0.00000 0.00000 0.00000 0.00000 0.56104 0.69913 0.78049 0.91763 0.95728 0.96480 0.77179 0.78375 0.34650 0.00000 0.00000 0.00000 0.24220 0.00000 0.00000 0.35255 0.40682 0.48009 0.56246 0.00000
0.00000 0.00000 0.00000 0.00000 0.00000 0.59831 0.71297 0.77766 0.90062 0.92132 0.88940 0.83035 0.61129 0.48160 0.37069 0.00000 0.00000 0.00000 0.00000 0.36074 0.58000 0.64033 0.70778 0.76196 0.00000
0.00000 0.00000 0.00000 0.00000 0.34768 0.40027 0.71703 0.71851 0.84073 0.76974 0.78088 0.68336 0.29663 0.54613 0.42359 0.15178 0.00000 0.00000 0.36621 0.67605 0.68535 0.73598 0.78142 0.82805 0.00000
0.00000 0.00000 0.00000 0.00000 0.52827 0.54684 0.25971 0.39001 0.71132 0.67867 0.60234 0.30798 0.34657 0.32727 0.25771 0.16843 0.00000 0.00000 0.70858 0.80533 0.73986 0.79500 0.82108 0.88146 0.00000
0.00000 0.00000 0.00000 0.00000 0.00000 0.00000 0.00000 0.00000 0.15579 0.38595 0.79624 0.77649 0.70540 0.74046 0.80123 0.51739 0.00000 0.00000 0.57689 0.75463 0.00000 0.00000 0.00000 0.00000 0.00000
0.00000 0.00000 0.00000 0.00000 0.00000 0.00000 0.00000 0.00000 0.59750 0.75224 0.82035 0.82171 0.76490 0.85178 0.84133 0.77549 0.00000 0.00000 0.49510 0.71900 0.00000 0.00000 0.00000 0.00000 0.00000
0.00000 0.00000 0.00000 0.00000 0.00000 0.00000 0.00000 0.00000 0.72064 0.78705 0.76035 0.79120 0.82679 0.89961 0.82954 0.75092 0.00000 0.00000 0.60292 0.79706 0.00000 0.00000 0.00000 0.00000 0.00000
0.00000 0.00000 0.00000 0.00000 0.00000 0.00000 0.00000 0.00000 0.50535 0.77814 0.77670 0.59472 0.86336 0.83030 0.89670 0.75768 0.37334 0.60649 0.61671 0.67791 0.00000 0.00000 0.00000 0.00000 0.00000
0.00000 0.00000 0.25807 0.30626 0.00000 0.00000 0.00000 0.00000 0.48709 0.67634 0.63011 0.71106 0.38483 0.33413 0.53867 0.66203 0.00000 0.00000 0.00000 0.00000 0.83002 0.93487 0.90079 0.92489 0.00000
0.00000 0.00000 0.00000 0.48667 0.00000 0.00000 0.00000 0.00000 0.53789 0.77570 0.68937 0.66352 0.53564 0.44707 0.50741 0.36111 0.00000 0.00000 0.00000 0.00000 0.93209 0.84251 0.89798 0.92405 0.00000
0.00000 0.00000 0.00000 0.15176 0.00000 0.00000 0.00000 0.00000 0.63435 0.62251 0.58839 0.61415 0.47097 0.47412 0.28992 0.41586 0.00000 0.00000 0.00000 0.00000 0.80585 0.94591 0.94633 0.94643 0.00000
0.00000 0.00000 0.00000 0.13351 0.00000 0.00000 0.00000 0.00000 0.58706 0.39168 0.49810 0.47921 0.12292 0.47255 0.33430 0.45925 0.00000 0.00000 0.00000 0.00000 0.73324 0.87390 0.91956 0.95096 0.00000
0.00000 0.00000 0.00000 0.00000 0.00000 0.00000 0.00000 0.00000 0.63203 0.71779 0.52114 0.50412 0.00000 0.00000 0.00000 0.00000 0.00000 0.00000 0.00000 0.00000 0.61694 0.78012 0.89274 0.95777 0.78263
0.00000 0.00000 0.00000 0.00000 0.00000 0.00000 0.00000 0.00000 0.77584 0.72617 0.80969 0.54911 0.00000 0.00000 0.00000 0.00000 0.00000 0.00000 0.00000 0.00000 0.43818 0.60783 0.70966 0.78686 0.78634
0.00000 0.00000 0.00000 0.00000 0.00000 0.00000 0.00000 0.00000 0.84703 0.83674 0.78659 0.70246 0.00000 0.00000 0.00000 0.00000 0.00000 0.00000 0.00000 0.00000 0.56335 0.75839 0.86875 0.78988 0.78949
0.00000 0.00000 0.00000 0.00000 0.00000 0.00000 0.00000 0.00000 0.88312 0.87895 0.79815 0.73728 0.00000 0.00000 0.00000 0.00000 0.00000 0.00000 0.00000 0.00000 0.74613 0.79728 0.87938 0.97034 0.64863
0.00000 0.00000 0.00000 0.00000 0.00000 0.00000 0.00000 0.00000 0.00000 0.00000 0.00000 0.00000 0.77490 0.79903 0.73760 0.69172 0.31947 0.37035 0.16509 0.24975 0.00000 0.00000 0.00000 0.00000 0.00000
0.00000 0.00000 0.00000 0.00000 0.00000 0.00000 0.00000 0.00000 0.00000 0.00000 0.00000 0.00000 0.86371 0.88338 0.83380 0.81288 0.35689 0.31807 0.55576 0.28148 0.00000 0.00000 0.00000 0.00000 0.00000
0.00000 0.00000 0.00000 0.00000 0.00000 0.00000 0.00000 0.00000 0.00000 0.00000 0.00000 0.00000 0.93465 0.93401 0.90040 0.88345 0.46263 0.43949 0.61966 0.22741 0.00000 0.00000 0.00000 0.00000 0.00000
0.00000 0.00000 0.00000 0.00000 0.00000 0.00000 0.00000 0.00000 0.00000 0.00000 0.00000 0.00000 0.95905 0.95573 0.95363 0.94708 0.55135 0.50631 0.69076 0.23544 0.00000 0.00000 0.00000 0.00000 0.00000
0.00000 0.64466 0.64466 0.64466 0.96059 0.95310 0.94312 0.93490 0.00000 0.00000 0.00000 0.00000 0.00000 0.00000 0.00000 0.00000 0.00000 0.00000 0.00000 0.00000 0.00000 0.00000 0.00000 0.00000 0.00000
