# name=two_districts field=200x200 stride=8
25 25
0.00000 0.00000 0.50295 0.00000 0.45557 0.00000 0.45557 0.00000 0.45557 0.00000 0.43456 0.00000 0.25521 0.34503 0.51658 0.73626 0.75150 0.81838 0.89651 0.89017 0.61077 0.85793 0.91745 0.94728 0.94749
0.00000 0.52211 1.00000 0.93222 1.00000 0.89834 1.00000 0.89834 1.00000 0.95852 0.87156 0.36218 0.40320 0.50606 0.69040 0.78490 0.85351 0.87517 0.91295 0.90788 0.94450 0.92953 0.91668 0.92002 0.92309
0.50295 1.00000 0.95276 1.00000 0.96239 1.00000 0.96239 1.00000 0.98026 1.00000 0.88749 0.74056 0.46559 0.55758 0.78361 0.82665 0.88083 0.91391 0.92613 0.90677 0.94389 0.93412 0.90765 0.91076 0.90239
0.00000 0.93222 1.00000 1.00000 1.00000 1.00000 1.00000 1.00000 1.00000 1.00000 0.95021 0.83721 0.77141 0.78873 0.84775 0.88005 0.89108 0.91225 0.93419 0.94253 0.94314 0.92432 0.93515 0.92703 0.91573
0.45557 1.00000 0.96239 1.00000 0.97366 1.00000 0.97366 1.00000 0.98451 1.00000 0.93800 0.80847 0.73335 0.83513 0.90862 0.91048 0.92586 0.94198 0.92245 0.94201 0.92948 0.93835 0.93273 0.92292 0.93938
0.00000 0.89834 1.00000 1.00000 1.00000 1.00000 1.00000 1.00000 1.00000 1.00000 0.91652 0.74454 0.67125 0.85320 0.91158 0.91825 0.91259 0.91982 0.92557 0.94218 0.94267 0.93823 0.93277 0.92500 0.94017
0.45557 1.00000 0.96239 1.00000 0.97366 1.00000 0.97366 1.00000 0.98451 1.00000 0.92603 0.76978 0.72371 0.82876 0.94170 0.92722 0.94274 0.94305 0.94278 0.92826 0.94285 0.94368 0.92881 0.91468 0.94515
0.00000 0.89834 1.00000 1.00000 1.00000 1.00000 1.00000 1.00000 1.00000 1.00000 0.92861 0.77827 0.66668 0.82812 0.91175 0.91216 0.92383 0.94427 0.94361 0.94332 0.94322 0.93518 0.92585 0.92404 0.94477
0.45557 1.00000 0.96239 1.00000 0.97366 1.00000 0.97366 1.00000 0.98451 1.00000 0.97764 0.84215 0.62914 0.85172 0.89988 0.92836 0.94531 0.94494 0.93011 0.94414 0.94353 0.93478 0.93357 0.92351 0.93860
0.00000 0.89834 1.00000 1.00000 1.00000 1.00000 1.00000 1.00000 1.00000 1.00000 0.92604 0.74080 0.66142 0.87317 0.91668 0.93325 0.94578 0.94545 0.94513 0.94428 0.92356 0.93788 0.93179 0.92174 0.93679
0.45557 1.00000 0.96239 1.00000 0.97366 1.00000 0.97366 1.00000 0.98451 1.00000 0.92977 0.74345 0.63228 0.81495 0.87572 0.94504 0.94568 0.94567 0.94486 0.94404 0.94294 0.94234 0.92382 0.92471 0.93589
0.00000 0.89834 1.00000 1.00000 1.00000 1.00000 1.00000 1.00000 1.00000 1.00000 0.92636 0.78056 0.45277 0.72992 0.92341 0.94500 0.94539 0.94574 0.94498 0.92914 0.94258 0.92837 0.93565 0.93068 0.94017
0.45557 1.00000 0.96239 1.00000 0.97366 1.00000 0.97366 1.00000 0.98451 1.00000 0.97764 0.85050 0.31615 0.67407 0.88078 0.89585 0.92818 0.93328 0.94487 0.92696 0.94213 0.92862 0.93209 0.90149 0.89494
0.00000 0.89834 1.00000 1.00000 1.00000 1.00000 1.00000 1.00000 1.00000 1.00000 0.93516 0.81249 0.00000 0.79686 0.91126 0.90232 0.93150 0.94538 0.94490 0.93171 0.92839 0.94296 0.92575 0.91164 0.89034
0.45557 1.00000 0.96239 1.00000 0.97366 1.00000 0.97366 1.00000 0.98451 1.00000 0.93544 0.78747 0.38515 0.83784 0.88450 0.92060 0.92934 0.94516 0.93207 0.94523 0.94459 0.93566 0.93478 0.94355 0.94344
0.00000 0.89834 1.00000 1.00000 1.00000 1.00000 1.00000 1.00000 1.00000 1.00000 0.92655 0.78226 0.58352 0.80999 0.94072 0.94264 0.94393 0.94452 0.92964 0.94529 0.94517 0.94513 0.94484 0.94477 0.94517
0.45557 1.00000 0.96239 1.00000 0.97366 1.00000 0.97366 1.00000 0.98451 1.00000 0.97764 0.77412 0.50224 0.64681 0.90262 0.91817 0.91527 0.94380 0.94410 0.94471 0.94485 0.93606 0.94521 0.93731 0.93215
0.00000 0.89834 1.00000 1.00000 1.00000 1.00000 1.00000 1.00000 1.00000 1.00000 0.96735 0.83185 0.47660 0.76781 0.88754 0.89210 0.92765 0.94299 0.93019 0.94385 0.94409 0.94440 0.93428 0.92489 0.91210
0.45557 1.00000 0.98171 1.00000 0.98885 1.00000 0.98885 1.00000 1.00000 1.00000 0.96640 0.81563 0.20578 0.82671 0.92208 0.94312 0.94277 0.94237 0.92859 0.94246 0.93055 0.93360 0.93530 0.92919 0.92147
0.34694 0.96767 1.00000 1.00000 1.00000 1.00000 1.00000 1.00000 1.00000 1.00000 0.93974 0.86000 0.72987 0.86270 0.92216 0.94359 0.94330 0.94274 0.94169 0.94118 0.94193 0.94172 0.93403 0.94148 0.92687
0.72302 1.00000 0.98488 1.00000 0.98815 1.00000 0.98815 1.00000 1.00000 1.00000 0.97353 0.88167 0.68158 0.87546 0.94380 0.94373 0.94305 0.91781 0.94176 0.94144 0.94081 0.94080 0.94059 0.94050 0.94040
0.53881 0.97255 1.00000 1.00000 1.00000 1.00000 1.00000 1.00000 1.00000 1.00000 0.97418 0.96113 0.81965 0.85782 0.89337 0.89465 0.92734 0.93036 0.94364 0.93460 0.94373 0.93684 0.93632 0.93296 0.94115
0.74699 1.00000 1.00000 1.00000 1.00000 1.00000 1.00000 1.00000 1.00000 1.00000 1.00000 0.92637 0.85812 0.92213 0.92228 0.93013 0.94323 0.94434 0.93358 0.94636 0.94596 0.94482 0.94379 0.94288 0.94207
0.62600 0.77956 1.00000 1.00000 1.00000 1.00000 1.00000 1.00000 1.00000 1.00000 0.95614 0.94929 0.93294 0.94823 0.92798 0.94410 0.94357 0.94569 0.92699 0.94167 0.94864 0.94706 0.94545 0.93860 0.93411
0.00000 0.00000 0.00000 0.00000 0.00000 0.00000 0.00000 0.00000 0.00000 0.00000 0.00000 0.00000 0.91615 0.94388 0.94437 0.94456 0.92907 0.94734 0.92104 0.94128 0.95099 0.94880 0.94724 0.94599 0.94482
