# name=grid_sheared field=200x200 stride=8
25 25
0.78593 0.90275 0.89291 0.92866 0.93170 0.93051 0.95525 0.93051 0.95525 0.93051 0.95525 0.93051 0.95525 0.93051 0.95525 0.93051 0.95525 0.93051 0.95525 0.93051 0.95525 0.95524 0.95524 0.95521 0.31840
0.87583 0.90837 0.91968 0.92353 0.94679 0.92192 0.95507 0.92192 0.95507 0.92192 0.95507 0.92192 0.95507 0.92192 0.95507 0.92192 0.95507 0.92192 0.95507 0.92192 0.95507 0.93425 0.94460 0.92042 0.82778
0.84006 0.92430 0.92870 0.94188 0.95551 0.95491 0.95491 0.95491 0.95491 0.95491 0.95491 0.95491 0.95491 0.95491 0.95491 0.95491 0.95491 0.95491 0.95491 0.95491 0.95491 0.95490 0.93358 0.95486 0.84200
0.92096 0.92885 0.92311 0.94996 0.94708 0.94811 0.94652 0.94811 0.94652 0.94811 0.94652 0.94811 0.94652 0.94811 0.94652 0.94811 0.94652 0.94811 0.94652 0.94811 0.94652 0.95474 0.95472 0.95471 0.93666
0.92029 0.94483 0.94895 0.95558 0.94735 0.95462 0.94719 0.95462 0.94719 0.95462 0.94719 0.95462 0.94719 0.95462 0.94719 0.95462 0.94719 0.95462 0.94719 0.95462 0.94719 0.95462 0.93350 0.92967 0.95455
0.86159 0.93342 0.93683 0.95510 0.95455 0.94512 0.95455 0.94512 0.95455 0.94512 0.95455 0.94512 0.95455 0.94512 0.95455 0.94512 0.95455 0.94512 0.95455 0.94512 0.95455 0.94512 0.95455 0.93604 0.93984
0.88213 0.90175 0.93978 0.93836 0.95455 0.95455 0.95455 0.95455 0.95455 0.95455 0.95455 0.95455 0.95455 0.95455 0.95455 0.95455 0.95455 0.95455 0.95455 0.95455 0.95455 0.95455 0.95515 0.92424 0.93499
0.83514 0.90711 0.94819 0.90925 0.95455 0.94620 0.95455 0.94620 0.95455 0.94620 0.95455 0.94620 0.95455 0.94620 0.95455 0.94620 0.95455 0.94620 0.95455 0.94620 0.95455 0.94640 0.95563 0.94904 0.93185
0.79372 0.90935 0.93138 0.92875 0.93975 0.94711 0.95455 0.94711 0.95455 0.94711 0.95455 0.94711 0.95455 0.94711 0.95455 0.94711 0.95455 0.94711 0.95455 0.94711 0.95455 0.94775 0.94701 0.92182 0.90907
0.85104 0.91685 0.93445 0.93152 0.94211 0.95455 0.94512 0.95455 0.94512 0.95455 0.94512 0.95455 0.94512 0.95455 0.94512 0.95455 0.94512 0.95455 0.94512 0.95455 0.94512 0.94188 0.94297 0.91849 0.91297
0.83655 0.91457 0.91931 0.94393 0.95514 0.95455 0.95455 0.95455 0.95455 0.95455 0.95455 0.95455 0.95455 0.95455 0.95455 0.95455 0.95455 0.95455 0.95455 0.95455 0.95455 0.94302 0.93848 0.93505 0.87295
0.92176 0.92706 0.92309 0.94932 0.94676 0.95455 0.94620 0.95455 0.94620 0.95455 0.94620 0.95455 0.94620 0.95455 0.94620 0.95455 0.94620 0.95455 0.94620 0.95455 0.94620 0.94576 0.92812 0.93005 0.90813
0.92345 0.94559 0.95634 0.95551 0.94728 0.95455 0.94711 0.95455 0.94711 0.95455 0.94711 0.95455 0.94711 0.95455 0.94711 0.95455 0.94711 0.95455 0.94711 0.95455 0.94711 0.95455 0.90782 0.92880 0.90649
0.86159 0.93342 0.93683 0.95510 0.95455 0.94512 0.95455 0.94512 0.95455 0.94512 0.95455 0.94512 0.95455 0.94512 0.95455 0.94512 0.95455 0.94512 0.95455 0.94512 0.95455 0.94512 0.93680 0.93822 0.89941
0.88213 0.90175 0.93978 0.93836 0.95455 0.95455 0.95455 0.95455 0.95455 0.95455 0.95455 0.95455 0.95455 0.95455 0.95455 0.95455 0.95455 0.95455 0.95455 0.95455 0.95455 0.95455 0.95515 0.92424 0.93232
0.83514 0.90711 0.94819 0.90925 0.95455 0.94620 0.95455 0.94620 0.95455 0.94620 0.95455 0.94620 0.95455 0.94620 0.95455 0.94620 0.95455 0.94620 0.95455 0.94620 0.95455 0.94640 0.95563 0.94904 0.93185
0.79372 0.90935 0.93138 0.92875 0.93975 0.94711 0.95455 0.94711 0.95455 0.94711 0.95455 0.94711 0.95455 0.94711 0.95455 0.94711 0.95455 0.94711 0.95455 0.94711 0.95455 0.94775 0.94701 0.92182 0.90907
0.85104 0.91685 0.93445 0.93152 0.94211 0.95455 0.94512 0.95455 0.94512 0.95455 0.94512 0.95455 0.94512 0.95455 0.94512 0.95455 0.94512 0.95455 0.94512 0.95455 0.94512 0.94188 0.94297 0.91849 0.91297
0.83655 0.91457 0.91931 0.94393 0.95514 0.95455 0.95455 0.95455 0.95455 0.95455 0.95455 0.95455 0.95455 0.95455 0.95455 0.95455 0.95455 0.95455 0.95455 0.95455 0.95455 0.94302 0.93848 0.93505 0.87295
0.92176 0.92706 0.92309 0.94932 0.94676 0.95455 0.94620 0.95455 0.94620 0.95455 0.94620 0.95455 0.94620 0.95455 0.94620 0.95455 0.94620 0.95455 0.94620 0.95455 0.94620 0.94576 0.92812 0.93005 0.90813
0.92345 0.94559 0.95634 0.95551 0.94728 0.95455 0.94711 0.95455 0.94711 0.95455 0.94711 0.95455 0.94711 0.95455 0.94711 0.95455 0.94711 0.95455 0.94711 0.95455 0.94711 0.95455 0.90782 0.92880 0.90649
0.91046 0.95632 0.95565 0.95514 0.95455 0.93854 0.95455 0.93854 0.95455 0.93854 0.95455 0.93854 0.95455 0.93854 0.95455 0.93854 0.95455 0.93854 0.95455 0.93854 0.95455 0.93854 0.93591 0.92674 0.89468
0.91230 0.92141 0.95508 0.93213 0.95455 0.92117 0.95455 0.92117 0.95455 0.92117 0.95455 0.92117 0.95455 0.92117 0.95455 0.92117 0.95455 0.92117 0.95455 0.92117 0.95455 0.92117 0.95455 0.90097 0.92442
0.52834 0.95455 0.92692 0.95455 0.94298 0.92740 0.94298 0.92740 0.94298 0.92740 0.94298 0.92740 0.94298 0.92740 0.94298 0.92740 0.94298 0.92740 0.94298 0.92740 0.94298 0.92740 0.89711 0.91547 0.49542
0.31818 0.52435 0.95455 0.83585 0.88984 0.88038 0.88984 0.88038 0.88984 0.88038 0.88984 0.88038 0.88984 0.88038 0.88984 0.88038 0.88984 0.88038 0.88984 0.88038 0.88984 0.88038 0.88984 0.69579 0.52877
