# name=grid_nonrect_buildings field=200x200 stride=8
25 25
0.00000 0.00000 0.30780 0.30974 0.28872 0.29780 0.32536 0.28791 0.00000 0.27200 0.29336 0.30613 0.25782 0.00000 0.23935 0.26757 0.29467 0.52471 0.30374 0.53295 0.53275 0.31073 0.31249 0.00000 0.00000
0.00000 0.51168 0.50594 0.91548 0.45732 0.45723 0.58783 0.62086 0.98805 0.47393 0.48859 0.48117 0.45281 0.40694 0.42057 0.42349 0.46626 0.47527 0.87214 0.62447 0.62620 0.48489 0.50833 0.53639 0.00000
0.29791 0.49898 0.90172 0.90569 0.86407 0.89311 0.92887 0.97225 0.94693 0.89887 0.88904 0.88251 0.90352 0.86130 0.82813 0.84135 0.87261 0.91298 0.88176 0.91605 0.86531 0.92353 0.93172 0.50105 0.31548
0.29491 0.88815 0.89039 0.89318 0.91272 0.93140 0.95425 0.96305 0.96799 0.95050 0.93825 0.89418 0.91400 0.88306 0.90432 0.90976 0.91661 0.92074 0.89337 0.91516 0.91481 0.91901 0.92870 0.44836 0.31548
0.51439 0.74323 0.89023 0.89152 0.90755 0.92780 0.91916 0.91052 0.93198 0.94914 0.93791 0.90368 0.88380 0.89081 0.91896 0.92225 0.89739 0.92812 0.90063 0.91719 0.91173 0.91129 0.85913 0.44919 0.28235
0.51644 0.74664 0.83834 0.89517 0.91017 0.93005 0.92000 0.91637 0.93288 0.95264 0.94153 0.92169 0.91588 0.89946 0.92658 0.92952 0.90118 0.89455 0.90224 0.91551 0.90978 0.90533 0.86083 0.46064 0.30312
0.30220 0.61818 0.86784 0.87587 0.89638 0.91074 0.90620 0.93919 0.96950 0.93011 0.92351 0.91130 0.90717 0.91646 0.90556 0.90616 0.90972 0.90731 0.88140 0.88909 0.88176 0.90417 0.86128 0.52038 0.29745
0.53308 0.62681 0.90868 0.91065 0.87507 0.90303 0.92561 0.95978 0.94138 0.95484 0.90760 0.91220 0.93907 0.91374 0.89753 0.88919 0.90108 0.93021 0.90314 0.92216 0.87483 0.90895 0.90350 0.68319 0.52665
0.30111 0.61289 0.87538 0.88707 0.89693 0.90571 0.91353 0.92938 0.93607 0.92355 0.91932 0.92238 0.91802 0.92105 0.90777 0.90555 0.93371 0.90761 0.88431 0.90576 0.89754 0.91874 0.88340 0.29894 0.29873
0.52259 0.48894 0.84326 0.90328 0.91114 0.87254 0.89289 0.93161 0.91040 0.93792 0.93939 0.91209 0.94077 0.91988 0.94577 0.94241 0.90494 0.93067 0.90738 0.93112 0.93276 0.93084 0.87073 0.56604 0.53405
0.52116 0.48696 0.85036 0.89693 0.85802 0.89864 0.87495 0.86789 0.89526 0.92614 0.92791 0.90872 0.89232 0.92112 0.94886 0.94531 0.90805 0.88629 0.90759 0.93571 0.93756 0.93883 0.88297 0.60870 0.54049
0.30220 0.86065 0.86031 0.89593 0.86712 0.86402 0.86632 0.87078 0.86231 0.89297 0.89933 0.86870 0.90397 0.91347 0.92144 0.91899 0.91565 0.90795 0.92824 0.90354 0.90851 0.91996 0.91211 0.55154 0.31548
0.53308 0.68932 0.90304 0.90210 0.85745 0.86107 0.86322 0.90132 0.88592 0.90601 0.88628 0.89561 0.92545 0.90387 0.88507 0.89879 0.90868 0.93391 0.90676 0.88035 0.89398 0.94360 0.88631 0.70338 0.56300
0.30111 0.86572 0.87306 0.90815 0.88030 0.87729 0.90681 0.88170 0.89650 0.91191 0.89979 0.87363 0.89254 0.90558 0.89919 0.90932 0.90955 0.90477 0.90000 0.90703 0.91078 0.94084 0.92070 0.32407 0.32419
0.52259 0.67364 0.85721 0.92383 0.92811 0.88800 0.90132 0.87736 0.91085 0.93469 0.93454 0.89911 0.87248 0.89403 0.92744 0.93762 0.91753 0.91047 0.91849 0.93369 0.93890 0.94882 0.89830 0.47474 0.29969
0.52116 0.64688 0.87834 0.93501 0.91524 0.94561 0.91842 0.90147 0.91579 0.94080 0.94062 0.90346 0.88171 0.90548 0.93863 0.94818 0.92429 0.90429 0.91690 0.94333 0.94853 0.95773 0.92098 0.47393 0.00000
0.30220 0.62859 0.90149 0.92094 0.92873 0.94748 0.93009 0.92347 0.89849 0.92938 0.91781 0.91256 0.90992 0.91802 0.92234 0.92857 0.94152 0.93264 0.90729 0.92904 0.93417 0.93383 0.93313 0.65491 0.00000
0.54356 0.64315 0.93940 0.95090 0.94419 0.92842 0.92408 0.94769 0.91760 0.93274 0.90652 0.91605 0.94542 0.92222 0.90530 0.92930 0.94134 0.96468 0.93601 0.91248 0.91504 0.95790 0.96064 0.60421 0.28497
0.31026 0.89392 0.90537 0.92110 0.93147 0.93143 0.92086 0.91277 0.90647 0.91995 0.92040 0.91696 0.91609 0.92007 0.92887 0.93477 0.95041 0.94719 0.92060 0.92725 0.92169 0.92070 0.91021 0.56347 0.31047
0.27979 0.45500 0.87592 0.93704 0.93816 0.89836 0.91178 0.94372 0.92172 0.94455 0.90093 0.90264 0.89531 0.90535 0.93973 0.94646 0.92372 0.95739 0.92885 0.94371 0.89542 0.92343 0.86499 0.55158 0.27964
0.25049 0.44515 0.87787 0.92591 0.88502 0.92520 0.90269 0.89826 0.92498 0.91893 0.93855 0.89894 0.87385 0.88846 0.91737 0.92436 0.90491 0.89577 0.91859 0.90534 0.92286 0.91221 0.84929 0.57493 0.24817
0.00000 0.92468 0.91999 0.91375 0.91122 0.91146 0.88552 0.93203 0.91840 0.94446 0.93700 0.92018 0.90564 0.88930 0.89515 0.90031 0.90995 0.91620 0.89607 0.91986 0.91427 0.90536 0.89771 0.00000 0.00000
0.00000 0.49490 0.91906 0.90929 0.84371 0.85916 0.87516 0.85115 0.90870 0.88777 0.88806 0.88172 0.90512 0.86253 0.82466 0.83679 0.85331 0.82300 0.87923 0.86759 0.86227 0.91285 0.90606 0.48975 0.00000
0.00000 0.52360 0.48626 0.47943 0.68903 0.68219 0.66794 0.65012 0.62809 0.45886 0.44796 0.43643 0.44614 0.42902 0.42233 0.41703 0.41157 0.45354 0.86656 0.55805 0.59620 0.91815 0.50235 0.00000 0.00000
0.00000 0.00000 0.30573 0.30029 0.52561 0.29614 0.30139 0.54030 0.31548 0.28293 0.00000 0.00000 0.27207 0.29513 0.26676 0.23696 0.00000 0.25842 0.29873 0.27545 0.24582 0.00000 0.00000 0.00000 0.00000
