# name=rect_rotated_scattered field=200x200 stride=8
25 25
0.00000 0.00000 0.00000 0.00000 0.00000 0.00000 0.00000 0.00000 0.00000 0.00000 0.00000 0.00000 0.00000 0.00000 0.00000 0.00000 0.00000 0.00000 0.00000 0.00000 0.00000 0.00000 0.00000 0.00000 0.00000
0.00000 0.00000 0.00000 0.00000 0.00000 0.00000 0.15004 0.15486 0.00000 0.00000 0.00000 0.00000 0.00000 0.00000 0.00000 0.00000 0.00000 0.00000 0.00000 0.00000 0.00000 0.00000 0.00000 0.00000 0.00000
0.00000 0.00000 0.00000 0.00000 0.00000 0.00000 0.15062 0.15552 0.15972 0.00000 0.00000 0.00000 0.00000 0.00000 0.00000 0.00000 0.00000 0.00000 0.00000 0.00000 0.00000 0.00000 0.00000 0.00000 0.00000
0.00000 0.00000 0.00000 0.00000 0.00000 0.14751 0.15122 0.13685 0.13981 0.00000 0.00000 0.00000 0.00000 0.00000 0.00000 0.00000 0.00000 0.00000 0.00000 0.00000 0.00000 0.00000 0.00000 0.00000 0.00000
0.00000 0.00000 0.00000 0.00000 0.00000 0.11480 0.12041 0.11715 0.11993 0.00000 0.00000 0.00000 0.00000 0.00000 0.00000 0.00000 0.00000 0.09073 0.00000 0.00000 0.00000 0.00000 0.00000 0.00000 0.00000
0.00000 0.00000 0.00000 0.00000 0.07088 0.13089 0.09261 0.08705 0.00000 0.06990 0.11410 0.00000 0.00000 0.00000 0.00000 0.00000 0.00000 0.00000 0.00000 0.18807 0.12598 0.09497 0.10866 0.00000 0.00000
0.00000 0.00000 0.00000 0.00000 0.13168 0.09647 0.05903 0.24396 0.10675 0.10338 0.15896 0.20643 0.15593 0.00000 0.00000 0.00000 0.00000 0.00000 0.25600 0.21124 0.14965 0.10297 0.11558 0.12724 0.00000
0.00000 0.00000 0.00000 0.00000 0.09321 0.10614 0.20498 0.12927 0.12748 0.20902 0.18347 0.24728 0.22829 0.00000 0.00000 0.00000 0.07701 0.00000 0.35018 0.55364 0.48361 0.12598 0.13196 0.14807 0.14882
0.00000 0.00000 0.15450 0.17187 0.08053 0.09292 0.20528 0.21815 0.14383 0.22498 0.47166 0.23130 0.21606 0.22164 0.21943 0.18272 0.14025 0.00000 0.37735 0.43355 0.44311 0.25549 0.14621 0.14715 0.14807
0.00000 0.20165 0.20827 0.21311 0.21585 0.20861 0.31009 0.30638 0.12041 0.29534 0.46770 0.21030 0.21588 0.19934 0.19239 0.27233 0.12772 0.00000 0.51800 0.41134 0.15251 0.25666 0.22028 0.22507 0.22924
0.00000 0.14454 0.14602 0.14758 0.22058 0.19343 0.29306 0.27304 0.08989 0.23202 0.17545 0.17521 0.19053 0.11820 0.10845 0.26605 0.00000 0.00000 0.56245 0.38828 0.38589 0.33399 0.19405 0.00000 0.00000
0.00000 0.13436 0.13440 0.13511 0.20140 0.17019 0.00000 0.07515 0.10288 0.07685 0.06464 0.00000 0.28376 0.20403 0.15133 0.13126 0.14234 0.36128 0.40055 0.37774 0.34363 0.33464 0.22623 0.00000 0.00000
0.14177 0.14198 0.13252 0.19980 0.18501 0.19960 0.10450 0.00000 0.12539 0.10463 0.09161 0.24087 0.25139 0.27648 0.21841 0.21851 0.12625 0.32063 0.36448 0.40058 0.23267 0.49332 0.22643 0.24101 0.14575
0.22369 0.22931 0.23529 0.38413 0.42766 0.19300 0.00000 0.10350 0.11641 0.11282 0.23309 0.24935 0.25012 0.28950 0.23238 0.16379 0.25191 0.30063 0.34416 0.38334 0.49229 0.21970 0.21220 0.22123 0.14641
0.21395 0.22201 0.23023 0.40953 0.34974 0.28166 0.00000 0.00000 0.19074 0.24424 0.19623 0.23131 0.23761 0.31235 0.18230 0.13150 0.12962 0.11721 0.28977 0.23159 0.46321 0.32478 0.33980 0.38487 0.42941
0.00000 0.19772 0.20936 0.39848 0.39002 0.30873 0.00000 0.00000 0.22337 0.27612 0.17884 0.19077 0.21788 0.28136 0.14406 0.14406 0.14406 0.15438 0.18540 0.20439 0.60455 0.61584 0.63197 0.41121 0.41306
0.00000 0.00000 0.00000 0.40986 0.50018 0.48779 0.36328 0.75805 0.41163 0.36315 0.14967 0.17126 0.19307 0.37489 0.10624 0.10317 0.16041 0.09668 0.16352 0.16138 0.67102 0.71911 0.72677 0.38716 0.00000
0.00000 0.00000 0.00000 0.56484 0.56786 0.66181 0.40470 0.71017 0.70450 0.40751 0.21810 0.08033 0.30023 0.30213 0.31562 0.05864 0.08726 0.10681 0.12538 0.14800 0.35311 0.43352 0.47419 0.00000 0.00000
0.00000 0.00000 0.10525 0.10452 0.30822 0.60802 0.43319 0.66257 0.68000 0.14705 0.21863 0.17921 0.18259 0.33587 0.14673 0.20948 0.08468 0.09310 0.08501 0.22277 0.21977 0.40446 0.46161 0.00000 0.00000
0.00000 0.00000 0.12220 0.39263 0.35128 0.36126 0.64976 0.13968 0.19457 0.37342 0.49758 0.44482 0.30452 0.24611 0.23360 0.20472 0.29363 0.10655 0.18064 0.18865 0.30641 0.21153 0.24570 0.15655 0.00000
0.00000 0.14840 0.26025 0.23591 0.22472 0.62507 0.57321 0.11771 0.11895 0.66043 0.68251 0.12048 0.22928 0.36070 0.59953 0.16588 0.16056 0.18222 0.21317 0.20952 0.37436 0.21659 0.15510 0.15557 0.15606
0.00000 0.14953 0.15020 0.24013 0.50834 0.64071 0.32584 0.28781 0.10253 0.47143 0.47829 0.00000 0.19512 0.34367 0.57173 0.47701 0.11823 0.13022 0.43203 0.21268 0.16578 0.00000 0.15434 0.15465 0.00000
0.15035 0.15109 0.15186 0.15259 0.52873 0.51816 0.32042 0.28999 0.00000 0.23352 0.50241 0.00000 0.12646 0.31583 0.51957 0.42119 0.13610 0.15387 0.42421 0.00000 0.00000 0.00000 0.00000 0.00000 0.00000
0.00000 0.15273 0.15337 0.15392 0.22804 0.15071 0.14737 0.14476 0.00000 0.00000 0.00000 0.00000 0.13378 0.13516 0.13930 0.23147 0.15306 0.15343 0.40814 0.00000 0.00000 0.00000 0.00000 0.00000 0.00000
0.00000 0.00000 0.00000 0.00000 0.15353 0.15103 0.14771 0.14497 0.00000 0.00000 0.00000 0.00000 0.16054 0.15824 0.15570 0.15385 0.15273 0.15302 0.15337 0.00000 0.00000 0.00000 0.00000 0.00000 0.00000
