# name=grid_streets_w7 field=200x200 stride=8
25 25
0.00000 0.16667 0.16667 0.49712 0.50842 0.16667 0.50842 0.49712 0.50321 0.50550 0.49339 0.50901 0.48926 0.50724 0.50041 0.50041 0.50724 0.48926 0.50901 0.49339 0.50550 0.50321 0.16667 0.16667 0.00000
0.16667 0.53327 1.00000 0.94945 0.91428 0.96726 0.91428 0.94945 0.93705 0.93004 0.95488 1.00000 0.96704 0.92246 0.94352 0.94352 0.92246 0.96704 1.00000 0.95488 0.93004 0.93705 1.00000 0.52603 0.54979
0.16667 1.00000 1.00000 1.00000 1.00000 0.97293 1.00000 1.00000 1.00000 1.00000 0.96318 1.00000 0.97276 1.00000 1.00000 1.00000 1.00000 0.97276 1.00000 0.96318 1.00000 1.00000 1.00000 1.00000 0.50634
0.49712 0.94945 1.00000 1.00000 0.96378 1.00000 0.96378 1.00000 1.00000 1.00000 1.00000 0.96366 0.97312 0.96401 1.00000 1.00000 0.96401 0.97312 0.96366 1.00000 1.00000 1.00000 1.00000 0.95151 0.88238
0.50842 0.91428 1.00000 0.96378 1.00000 1.00000 1.00000 0.96378 1.00000 1.00000 0.96775 1.00000 1.00000 1.00000 0.95942 0.95942 1.00000 1.00000 1.00000 0.96775 1.00000 1.00000 1.00000 1.00000 0.89254
0.16667 0.96726 0.97293 1.00000 1.00000 1.00000 1.00000 1.00000 1.00000 1.00000 1.00000 1.00000 1.00000 1.00000 1.00000 1.00000 1.00000 1.00000 1.00000 1.00000 1.00000 1.00000 0.97459 0.96851 0.16667
0.50842 0.91428 1.00000 0.96378 1.00000 1.00000 1.00000 0.96378 1.00000 1.00000 0.96775 1.00000 1.00000 1.00000 0.95942 0.95942 1.00000 1.00000 1.00000 0.96775 1.00000 1.00000 1.00000 1.00000 0.89254
0.49712 0.94945 1.00000 1.00000 0.96378 1.00000 0.96378 1.00000 1.00000 1.00000 1.00000 0.96366 0.97312 0.96401 1.00000 1.00000 0.96401 0.97312 0.96366 1.00000 1.00000 1.00000 1.00000 0.95151 0.88238
0.50321 0.93705 1.00000 1.00000 1.00000 1.00000 1.00000 1.00000 1.00000 1.00000 0.96866 1.00000 1.00000 1.00000 1.00000 1.00000 1.00000 1.00000 1.00000 0.96866 1.00000 1.00000 1.00000 0.93958 0.88788
0.50550 0.93004 1.00000 1.00000 1.00000 1.00000 1.00000 1.00000 1.00000 1.00000 0.96826 1.00000 1.00000 1.00000 1.00000 1.00000 1.00000 1.00000 1.00000 0.96826 1.00000 1.00000 1.00000 0.93282 0.88994
0.49339 0.95488 0.96318 1.00000 0.96775 1.00000 0.96775 1.00000 0.96866 0.96826 1.00000 0.96764 1.00000 0.96795 1.00000 1.00000 0.96795 1.00000 0.96764 1.00000 0.96826 0.96866 1.00000 0.95674 0.87898
0.50901 1.00000 1.00000 0.96366 1.00000 1.00000 1.00000 0.96366 1.00000 1.00000 0.96764 1.00000 1.00000 1.00000 0.95929 0.95929 1.00000 1.00000 1.00000 0.96764 1.00000 1.00000 1.00000 1.00000 0.89307
0.48926 0.96704 0.97276 0.97312 1.00000 1.00000 1.00000 0.97312 1.00000 1.00000 1.00000 1.00000 1.00000 1.00000 0.97261 0.97261 1.00000 1.00000 1.00000 1.00000 1.00000 1.00000 0.96938 0.96831 0.87519
0.50724 0.92246 1.00000 0.96401 1.00000 1.00000 1.00000 0.96401 1.00000 1.00000 0.96795 1.00000 1.00000 1.00000 1.00000 1.00000 1.00000 1.00000 1.00000 0.96795 1.00000 1.00000 1.00000 1.00000 0.89150
0.50041 0.94352 1.00000 1.00000 0.95942 1.00000 0.95942 1.00000 1.00000 1.00000 1.00000 0.95929 0.97261 1.00000 1.00000 1.00000 1.00000 0.97261 0.95929 1.00000 1.00000 1.00000 1.00000 0.94580 0.88536
0.50041 0.94352 1.00000 1.00000 0.95942 1.00000 0.95942 1.00000 1.00000 1.00000 1.00000 0.95929 0.97261 1.00000 1.00000 1.00000 1.00000 0.97261 0.95929 1.00000 1.00000 1.00000 1.00000 0.94580 0.88536
0.50724 0.92246 1.00000 0.96401 1.00000 1.00000 1.00000 0.96401 1.00000 1.00000 0.96795 1.00000 1.00000 1.00000 1.00000 1.00000 1.00000 1.00000 1.00000 0.96795 1.00000 1.00000 1.00000 1.00000 0.89150
0.48926 0.96704 0.97276 0.97312 1.00000 1.00000 1.00000 0.97312 1.00000 1.00000 1.00000 1.00000 1.00000 1.00000 0.97261 0.97261 1.00000 1.00000 1.00000 1.00000 1.00000 1.00000 0.96938 0.96831 0.87519
0.50901 1.00000 1.00000 0.96366 1.00000 1.00000 1.00000 0.96366 1.00000 1.00000 0.96764 1.00000 1.00000 1.00000 0.95929 0.95929 1.00000 1.00000 1.00000 0.96764 1.00000 1.00000 1.00000 1.00000 0.89307
0.49339 0.95488 0.96318 1.00000 0.96775 1.00000 0.96775 1.00000 0.96866 0.96826 1.00000 0.96764 1.00000 0.96795 1.00000 1.00000 0.96795 1.00000 0.96764 1.00000 0.96826 0.96866 1.00000 0.95674 0.87898
0.50550 0.93004 1.00000 1.00000 1.00000 1.00000 1.00000 1.00000 1.00000 1.00000 0.96826 1.00000 1.00000 1.00000 1.00000 1.00000 1.00000 1.00000 1.00000 0.96826 1.00000 1.00000 1.00000 0.93282 0.88994
0.50321 0.93705 1.00000 1.00000 1.00000 1.00000 1.00000 1.00000 1.00000 1.00000 0.96866 1.00000 1.00000 1.00000 1.00000 1.00000 1.00000 1.00000 1.00000 0.96866 1.00000 1.00000 1.00000 0.93958 0.88788
0.16667 1.00000 1.00000 1.00000 1.00000 0.97459 1.00000 1.00000 1.00000 1.00000 1.00000 1.00000 0.96938 1.00000 1.00000 1.00000 1.00000 0.96938 1.00000 1.00000 1.00000 1.00000 1.00000 1.00000 0.50000
0.16667 0.52603 1.00000 0.95151 1.00000 0.96851 1.00000 0.95151 0.93958 0.93282 0.95674 1.00000 0.96831 1.00000 0.94580 0.94580 1.00000 0.96831 1.00000 0.95674 0.93282 0.93958 1.00000 1.00000 0.54067
0.00000 0.54979 0.50634 0.88238 0.89254 0.16667 0.89254 0.88238 0.88788 0.88994 0.87898 0.89307 0.87519 0.89150 0.88536 0.88536 0.89150 0.87519 0.89307 0.87898 0.88994 0.88788 0.50000 0.54067 0.00000
