# name=grid_rotated_30 field=200x200 stride=8
25 25
0.32273 0.36183 0.74412 0.81047 0.82226 0.82412 0.71175 0.76048 0.82519 0.83373 0.71382 0.84418 0.78089 0.76464 0.78761 0.72874 0.85364 0.85935 0.75322 0.80867 0.85335 0.83959 0.76438 0.74358 0.70111
0.40330 0.58014 0.73370 0.79206 0.85227 0.83677 0.82710 0.85328 0.79231 0.84042 0.81752 0.85128 0.79777 0.79048 0.80656 0.79561 0.81089 0.82825 0.83381 0.88407 0.85575 0.84887 0.83481 0.79958 0.73151
0.49141 0.75606 0.79821 0.82024 0.85857 0.83464 0.87177 0.86926 0.83829 0.83150 0.82338 0.84614 0.84673 0.83289 0.82656 0.84097 0.84480 0.85236 0.84956 0.86468 0.86021 0.83978 0.83292 0.79986 0.80413
0.75162 0.80440 0.83343 0.85383 0.87519 0.86009 0.85057 0.83605 0.84690 0.86457 0.85303 0.86358 0.86521 0.83714 0.84761 0.84796 0.84574 0.85785 0.87602 0.87707 0.86482 0.87768 0.85314 0.83432 0.78982
0.84388 0.84887 0.86964 0.87802 0.86139 0.87159 0.86937 0.86745 0.86529 0.85114 0.85174 0.86379 0.86514 0.85657 0.86932 0.85615 0.87297 0.86005 0.86204 0.87483 0.87506 0.86608 0.87438 0.85714 0.84978
0.85335 0.85640 0.86673 0.86490 0.87506 0.87197 0.87006 0.85506 0.85231 0.86455 0.85508 0.86447 0.86590 0.86821 0.87023 0.86188 0.87324 0.86381 0.87324 0.85978 0.87197 0.85878 0.86600 0.86061 0.83539
0.81309 0.88407 0.86970 0.87707 0.87483 0.86082 0.85870 0.86923 0.86807 0.85347 0.85289 0.86684 0.85957 0.86964 0.85926 0.87251 0.86245 0.86402 0.85017 0.87132 0.87006 0.86937 0.87049 0.87132 0.84031
0.81689 0.85245 0.85822 0.87602 0.86350 0.87324 0.85862 0.86017 0.86991 0.86892 0.86917 0.86969 0.87038 0.87175 0.84973 0.86300 0.86099 0.87242 0.86038 0.86923 0.85832 0.86753 0.85237 0.86953 0.85307
0.85935 0.83852 0.87671 0.87526 0.85092 0.86535 0.86263 0.87242 0.85860 0.86135 0.85812 0.87268 0.87329 0.87395 0.87417 0.87449 0.86100 0.86069 0.86991 0.86807 0.85562 0.86538 0.85644 0.85769 0.84276
0.85364 0.84286 0.84480 0.84791 0.87297 0.87324 0.86503 0.85219 0.87358 0.87367 0.87389 0.87489 0.87588 0.87633 0.86261 0.86224 0.87367 0.86295 0.86892 0.85482 0.86455 0.86420 0.86474 0.85748 0.84161
0.75387 0.84550 0.85923 0.85980 0.86168 0.85844 0.87251 0.86283 0.87449 0.85279 0.87616 0.87710 0.86623 0.86525 0.87760 0.87616 0.87389 0.87180 0.86917 0.84503 0.85426 0.85045 0.86425 0.83305 0.82348
0.84324 0.84066 0.83984 0.87084 0.86932 0.85658 0.85989 0.85723 0.87417 0.86551 0.87760 0.86901 0.88030 0.86745 0.86829 0.87710 0.87489 0.87268 0.86969 0.86684 0.86447 0.85082 0.85338 0.85267 0.85292
0.79515 0.81197 0.85163 0.85542 0.85410 0.86821 0.86964 0.87175 0.87395 0.87633 0.87826 0.85834 0.87325 0.87121 0.88030 0.86488 0.87588 0.86048 0.87038 0.85582 0.86590 0.86559 0.86623 0.85010 0.79829
0.76548 0.79777 0.84903 0.86521 0.86514 0.86590 0.85582 0.87038 0.86048 0.87588 0.86488 0.88030 0.87121 0.87325 0.85834 0.87826 0.87633 0.87395 0.87175 0.86964 0.86821 0.85457 0.83598 0.81864 0.76798
0.82551 0.85072 0.85116 0.85254 0.85045 0.86447 0.86684 0.86969 0.87268 0.87489 0.87710 0.86829 0.86745 0.88030 0.86901 0.87760 0.86551 0.87417 0.85723 0.85989 0.85658 0.85760 0.87151 0.84126 0.84236
0.72003 0.82177 0.83193 0.86367 0.85045 0.85426 0.84503 0.86917 0.87180 0.87389 0.87616 0.87760 0.86525 0.86623 0.87710 0.87616 0.85279 0.87449 0.86283 0.87251 0.85844 0.86172 0.86022 0.85989 0.84635
0.83373 0.84042 0.85679 0.86457 0.86412 0.86455 0.85482 0.86892 0.86295 0.87367 0.86224 0.86261 0.87633 0.87588 0.87489 0.87389 0.87367 0.87358 0.85219 0.86503 0.87324 0.87337 0.84798 0.84436 0.84230
0.82519 0.84230 0.85736 0.85622 0.86529 0.85562 0.86807 0.86991 0.86069 0.86100 0.87449 0.87417 0.87395 0.87329 0.87268 0.85812 0.86135 0.85860 0.87242 0.86263 0.86535 0.85092 0.87511 0.87638 0.83726
0.83402 0.85328 0.86926 0.85218 0.86745 0.85832 0.86923 0.86038 0.87242 0.86099 0.86300 0.84973 0.87175 0.87038 0.86969 0.86917 0.86892 0.86991 0.86017 0.85862 0.87324 0.86350 0.87574 0.85783 0.85200
0.74792 0.86409 0.87177 0.87070 0.86937 0.87006 0.87132 0.85017 0.86402 0.86245 0.87251 0.85926 0.86964 0.85957 0.86684 0.85289 0.85347 0.86807 0.86923 0.85870 0.86082 0.87470 0.87670 0.86893 0.88261
0.83268 0.83677 0.86172 0.86648 0.85878 0.87197 0.85978 0.87324 0.86381 0.87324 0.86188 0.87023 0.86821 0.86590 0.86447 0.85508 0.86455 0.85231 0.85506 0.87006 0.87197 0.87490 0.86453 0.86593 0.85494
0.85244 0.85209 0.85844 0.87519 0.87409 0.87490 0.87470 0.86204 0.86005 0.86732 0.85569 0.85760 0.85671 0.86559 0.86415 0.85174 0.85125 0.86538 0.86753 0.86937 0.87159 0.86111 0.86579 0.84845 0.84812
0.81041 0.79208 0.83469 0.85824 0.86609 0.86445 0.87670 0.87574 0.85710 0.84528 0.84734 0.84741 0.83744 0.86623 0.86441 0.85319 0.86474 0.84714 0.83629 0.84978 0.85941 0.87438 0.85297 0.83282 0.80254
0.79805 0.74638 0.79862 0.83332 0.83947 0.85944 0.86394 0.84951 0.85210 0.84436 0.84066 0.82658 0.83351 0.84699 0.84734 0.82393 0.83146 0.83868 0.86953 0.87132 0.83289 0.85702 0.81550 0.79770 0.75570
0.40563 0.63183 0.75761 0.79962 0.84812 0.85430 0.88261 0.83451 0.82764 0.81079 0.79622 0.80708 0.79187 0.79829 0.85319 0.81854 0.84161 0.79282 0.85307 0.82596 0.83539 0.84960 0.78984 0.72860 0.58042
