# name=grid_streets_mixed field=200x200 stride=8
25 25
0.55309 0.52642 1.00000 0.93397 0.94494 0.93931 0.96383 0.93366 0.96261 0.98394 0.97269 0.98588 0.97101 0.96591 0.95608 0.97397 0.96294 0.94460 0.88802 0.97227 0.72043 0.95018 1.00000 0.54386 0.33333
0.52251 1.00000 0.96862 1.00000 0.97400 1.00000 0.97011 0.97578 0.96913 0.97351 1.00000 0.98775 1.00000 0.99088 1.00000 1.00000 0.96811 0.96231 0.97533 0.97682 1.00000 0.95701 1.00000 1.00000 0.33333
0.95391 0.96009 0.97746 0.97160 0.98079 1.00000 1.00000 0.99117 1.00000 1.00000 1.00000 1.00000 1.00000 1.00000 1.00000 1.00000 1.00000 1.00000 0.95969 1.00000 0.97113 1.00000 0.96384 0.95699 0.33333
0.72116 1.00000 0.97715 1.00000 0.98814 1.00000 0.98983 0.98830 1.00000 0.98775 1.00000 1.00000 1.00000 0.99249 1.00000 1.00000 1.00000 1.00000 0.98606 1.00000 1.00000 1.00000 1.00000 1.00000 0.57277
0.94625 0.97588 0.97860 0.98731 1.00000 0.98611 0.99093 0.96913 1.00000 0.98556 1.00000 0.99322 1.00000 0.98650 0.98690 0.98701 0.98614 1.00000 0.99029 1.00000 0.99018 1.00000 0.97819 0.93452 0.56788
0.71629 1.00000 0.97604 1.00000 0.98708 1.00000 0.99177 0.98335 1.00000 0.98258 1.00000 1.00000 1.00000 0.99208 1.00000 1.00000 1.00000 1.00000 0.98120 1.00000 1.00000 1.00000 1.00000 0.92533 0.57742
0.74485 1.00000 0.97765 1.00000 1.00000 1.00000 1.00000 0.99120 1.00000 0.99080 1.00000 1.00000 1.00000 1.00000 1.00000 1.00000 1.00000 1.00000 0.98175 1.00000 1.00000 1.00000 1.00000 0.94317 0.57451
0.88502 0.94217 0.97636 1.00000 0.98574 1.00000 1.00000 0.98180 1.00000 0.98069 1.00000 0.96789 1.00000 1.00000 1.00000 1.00000 1.00000 1.00000 0.98146 1.00000 1.00000 1.00000 1.00000 0.94587 0.57607
0.89006 1.00000 0.97555 1.00000 1.00000 1.00000 0.98622 0.99033 1.00000 0.98989 1.00000 0.97845 1.00000 0.99244 1.00000 1.00000 1.00000 1.00000 0.98849 1.00000 1.00000 1.00000 1.00000 0.94224 0.57943
0.94119 0.96341 0.97802 1.00000 0.98270 1.00000 0.99058 1.00000 1.00000 1.00000 1.00000 0.98601 1.00000 0.98593 0.98635 0.98610 1.00000 1.00000 0.97540 1.00000 1.00000 1.00000 0.97927 0.94628 0.56913
0.88687 1.00000 0.97622 1.00000 0.99085 1.00000 0.98946 0.98581 0.98911 0.98731 1.00000 1.00000 1.00000 1.00000 1.00000 1.00000 0.98504 1.00000 0.98134 0.99179 1.00000 0.96899 1.00000 1.00000 0.57668
0.95383 0.95934 1.00000 1.00000 1.00000 1.00000 1.00000 1.00000 1.00000 1.00000 1.00000 1.00000 1.00000 1.00000 1.00000 1.00000 1.00000 1.00000 0.98469 1.00000 1.00000 1.00000 0.98006 0.97553 0.56431
0.64871 1.00000 0.97708 1.00000 0.98969 1.00000 0.98813 0.98633 0.98772 0.98569 1.00000 1.00000 1.00000 0.99361 1.00000 1.00000 0.98313 1.00000 0.98203 0.99074 1.00000 0.97010 1.00000 1.00000 0.57307
0.92968 0.92271 1.00000 1.00000 1.00000 1.00000 1.00000 1.00000 1.00000 1.00000 1.00000 1.00000 1.00000 1.00000 1.00000 1.00000 1.00000 1.00000 1.00000 1.00000 1.00000 1.00000 1.00000 0.97636 0.88348
0.64465 1.00000 0.97750 1.00000 0.98913 1.00000 0.98834 0.98658 1.00000 0.98596 1.00000 1.00000 1.00000 0.99373 1.00000 1.00000 1.00000 1.00000 0.98401 1.00000 1.00000 1.00000 1.00000 1.00000 0.57132
0.97150 0.97495 1.00000 0.98875 0.99200 0.98768 0.99030 1.00000 1.00000 1.00000 1.00000 0.99272 1.00000 1.00000 1.00000 1.00000 0.98236 1.00000 0.98419 1.00000 0.99126 1.00000 0.97229 0.95672 0.56476
0.72162 1.00000 0.97624 1.00000 0.98852 1.00000 0.99033 0.98478 1.00000 0.98407 1.00000 1.00000 1.00000 0.99273 1.00000 1.00000 1.00000 1.00000 0.98674 1.00000 1.00000 1.00000 1.00000 0.92009 0.57657
0.92833 0.92264 0.98028 1.00000 0.98281 1.00000 1.00000 1.00000 1.00000 1.00000 1.00000 1.00000 1.00000 1.00000 1.00000 1.00000 1.00000 1.00000 0.98411 1.00000 0.97085 1.00000 1.00000 0.97777 0.87739
0.65005 1.00000 0.97739 1.00000 0.98878 1.00000 0.98708 0.98717 1.00000 0.98657 1.00000 0.97268 1.00000 0.98699 1.00000 1.00000 1.00000 1.00000 0.98227 1.00000 1.00000 1.00000 1.00000 1.00000 0.49036
0.95485 0.96027 0.97957 0.98897 1.00000 0.98792 0.99086 0.98401 1.00000 1.00000 1.00000 0.98325 1.00000 0.98806 1.00000 1.00000 0.98270 1.00000 0.97416 1.00000 0.99143 1.00000 0.97381 0.98338 0.48747
0.71576 1.00000 0.97759 1.00000 0.98688 1.00000 1.00000 0.98275 1.00000 0.98896 1.00000 1.00000 1.00000 0.99171 1.00000 1.00000 1.00000 1.00000 0.98744 1.00000 1.00000 1.00000 1.00000 0.93668 0.57094
0.94022 1.00000 0.97863 1.00000 0.98154 1.00000 1.00000 0.98356 1.00000 1.00000 1.00000 1.00000 1.00000 1.00000 1.00000 1.00000 1.00000 1.00000 0.98325 1.00000 1.00000 1.00000 1.00000 0.92075 0.56654
0.54725 0.96592 0.94852 0.97581 0.95463 0.97692 0.95047 0.96862 0.97996 0.95623 0.98137 0.97836 1.00000 0.96885 0.98196 1.00000 0.98058 1.00000 0.95658 0.98067 0.97541 0.97737 0.96915 0.96325 0.33333
0.55780 1.00000 0.96487 0.93838 0.98475 0.93766 0.98143 0.97332 0.96937 0.97147 0.96638 0.98636 0.96192 0.98985 0.96239 0.96233 0.96605 0.91767 0.97234 0.95218 1.00000 0.95196 1.00000 0.53394 0.33333
0.00000 0.33333 0.33333 0.57509 0.57369 0.57059 0.86792 0.56584 0.86261 0.56582 0.84961 0.56465 0.84903 0.83080 0.83646 0.84254 0.83211 0.86599 0.57110 0.87974 0.57672 0.56876 0.33333 0.33333 0.00000
