# name=mixed_regions field=200x200 stride=8
25 25
0.00000 0.33333 0.54838 0.56773 0.87825 0.87575 0.87825 0.87575 0.87825 0.55897 0.55526 0.33333 0.00000 0.00000 0.00000 0.00000 0.00000 0.00000 0.00000 0.00000 0.00000 0.00000 0.00000 0.00000 0.00000
0.33333 0.52211 1.00000 0.93792 1.00000 0.96912 1.00000 0.96912 1.00000 0.95852 1.00000 0.54665 0.44178 0.00000 0.00000 0.00000 0.00000 0.18246 0.14774 0.14611 0.00000 0.00000 0.00000 0.00000 0.00000
0.54838 1.00000 0.95276 1.00000 0.97174 1.00000 0.97174 1.00000 0.98026 1.00000 0.97159 1.00000 0.43472 0.33802 0.00000 0.14551 0.16995 0.19869 0.18967 0.14778 0.18022 0.42525 0.52608 0.24801 0.14742
0.56773 0.93792 1.00000 1.00000 1.00000 1.00000 1.00000 1.00000 1.00000 1.00000 1.00000 0.92252 0.57511 0.32687 0.00000 0.14655 0.18740 0.21771 0.21450 0.20741 0.16526 0.62776 0.52798 0.57973 0.43635
0.87825 1.00000 0.97174 1.00000 0.98851 1.00000 0.98851 1.00000 0.98451 1.00000 0.97764 0.93486 0.61531 0.33516 0.00000 0.14787 0.15145 0.23807 0.23431 0.22058 0.57000 0.62478 0.52385 0.55954 0.43057
0.87575 0.96912 1.00000 1.00000 1.00000 1.00000 1.00000 1.00000 1.00000 1.00000 0.97053 0.98070 0.66498 0.59059 0.00000 0.22586 0.19539 0.21077 0.35921 0.31097 0.57138 0.60512 0.70252 0.58902 0.42229
0.87825 1.00000 0.97174 1.00000 0.98851 1.00000 0.98851 1.00000 0.98451 1.00000 0.97764 0.93486 0.49198 0.53170 0.00000 0.34683 0.27331 0.34339 0.10869 0.30344 0.44950 0.56576 0.54392 0.56408 0.58560
0.87575 0.96912 1.00000 1.00000 1.00000 1.00000 1.00000 1.00000 1.00000 1.00000 0.97053 0.94003 0.73953 0.24350 0.00000 0.23062 0.23261 0.25226 0.31376 0.59085 0.57016 0.61690 0.60794 0.36827 0.37368
0.87825 1.00000 0.97174 1.00000 0.98851 1.00000 0.98851 1.00000 0.98451 1.00000 0.97764 0.85955 0.59367 0.31792 0.20431 0.48240 0.49051 0.24145 0.54083 0.64448 0.71529 0.53467 0.56023 0.56468 0.00000
0.87575 0.96912 1.00000 1.00000 1.00000 1.00000 1.00000 1.00000 1.00000 1.00000 0.97053 0.83252 0.50723 0.28859 0.35131 0.66186 0.65573 0.72795 0.55044 0.46855 0.49427 0.43071 0.29590 0.29500 0.00000
0.87825 1.00000 0.97174 1.00000 0.98851 1.00000 0.98851 1.00000 0.98451 1.00000 0.95015 0.82711 0.50458 0.51684 0.32754 0.60175 0.61262 0.71544 0.46312 0.46729 0.50261 0.44435 0.41411 0.40797 0.00000
0.87575 0.96912 1.00000 1.00000 1.00000 1.00000 1.00000 1.00000 1.00000 1.00000 0.94221 0.88738 0.66838 0.53825 0.32536 0.31122 0.55535 0.64516 0.43448 0.32778 0.43794 0.38984 0.34887 0.33942 0.00000
0.87825 1.00000 0.97174 1.00000 0.98851 1.00000 0.98851 1.00000 0.98451 1.00000 0.97764 0.88359 0.68434 0.33804 0.36641 0.17166 0.40943 0.64486 0.54402 0.73747 0.63445 0.64006 0.60525 0.61311 0.00000
0.87575 0.96912 1.00000 1.00000 1.00000 1.00000 1.00000 1.00000 1.00000 1.00000 0.97053 0.90865 0.64447 0.36433 0.33575 0.36675 0.54640 0.46133 0.76293 0.73743 0.54961 0.57511 0.58117 0.12217 0.14508
0.87825 1.00000 0.97174 1.00000 0.98851 1.00000 0.98851 1.00000 0.98451 1.00000 0.97764 0.87597 0.45780 0.66759 0.35412 0.37545 0.36171 0.46833 0.57583 0.21373 0.50033 0.33176 0.11809 0.12891 0.14508
0.87575 0.96912 1.00000 1.00000 1.00000 1.00000 1.00000 1.00000 1.00000 1.00000 0.97053 0.91978 0.70637 0.64506 0.47795 0.50894 0.53113 0.52945 0.24316 0.22441 0.50159 0.48914 0.48348 0.20221 0.20291
0.87825 1.00000 0.97174 1.00000 0.98851 1.00000 0.98851 1.00000 0.98451 1.00000 0.97764 0.91070 0.70000 0.69238 0.23590 0.34169 0.38555 0.40773 0.41583 0.33618 0.40266 0.40433 0.20625 0.19561 0.19087
0.87575 0.96912 1.00000 1.00000 1.00000 1.00000 1.00000 1.00000 1.00000 1.00000 0.97053 0.91613 0.42325 0.69351 0.32403 0.32083 0.51041 0.53313 0.52100 0.58826 0.36366 0.34024 0.24216 0.24883 0.00000
0.87825 1.00000 0.97174 1.00000 0.98851 1.00000 0.98851 1.00000 0.98451 1.00000 0.97764 0.89877 0.72575 0.69718 0.25970 0.50664 0.48275 0.53021 0.44915 0.64346 0.44817 0.25436 0.25767 0.14909 0.14910
0.87575 0.96912 1.00000 1.00000 1.00000 1.00000 1.00000 1.00000 1.00000 1.00000 0.97053 0.96465 0.81605 0.68964 0.48593 0.57527 0.54874 0.34459 0.11768 0.47313 0.31627 0.12762 0.13671 0.14971 0.14972
0.87825 1.00000 0.98026 1.00000 0.98451 1.00000 0.98451 1.00000 1.00000 1.00000 1.00000 0.90500 0.69612 0.51635 0.39152 0.38283 0.37993 0.35179 0.34020 0.34921 0.33978 0.33808 0.12570 0.15033 0.15034
0.55897 0.95852 1.00000 1.00000 1.00000 1.00000 1.00000 1.00000 1.00000 1.00000 0.96094 0.89222 0.40455 0.30410 0.40257 0.39710 0.36986 0.33779 0.34490 0.22655 0.34519 0.10887 0.11900 0.12601 0.00000
0.55526 1.00000 0.97159 1.00000 0.97764 0.97053 0.97764 0.97053 1.00000 0.96094 1.00000 0.63373 0.41357 0.00000 0.00000 0.40370 0.36028 0.24000 0.14217 0.22301 0.22631 0.00000 0.00000 0.00000 0.00000
0.33333 0.54665 1.00000 0.94236 0.93486 0.98070 0.93486 0.98070 0.93486 0.95503 0.54397 0.55026 0.00000 0.00000 0.00000 0.00000 0.21701 0.14205 0.14243 0.14275 0.00000 0.00000 0.00000 0.00000 0.00000
0.00000 0.33333 0.33333 0.56773 0.57059 0.56773 0.57059 0.56773 0.57059 0.33333 0.33333 0.00000 0.00000 0.00000 0.00000 0.00000 0.00000 0.00000 0.00000 0.00000 0.00000 0.00000 0.00000 0.00000 0.00000
