# name=organic_walks field=200x200 stride=8
25 25
0.00000 0.00000 0.00000 0.00000 0.00000 0.00000 0.38944 0.14098 0.00000 0.28306 0.28469 0.00000 0.00000 0.00000 0.00000 0.00000 0.00000 0.00000 0.00000 0.00000 0.00000 0.00000 0.00000 0.00000 0.00000
0.00000 0.00000 0.00000 0.00000 0.00000 0.36030 0.38832 0.40487 0.42298 0.42577 0.28575 0.28758 0.14533 0.14528 0.00000 0.00000 0.00000 0.00000 0.00000 0.00000 0.00000 0.00000 0.00000 0.00000 0.00000
0.00000 0.00000 0.00000 0.00000 0.30572 0.35799 0.38690 0.55226 0.42623 0.42783 0.42816 0.28844 0.14534 0.14529 0.00000 0.00000 0.00000 0.00000 0.00000 0.12546 0.11178 0.00000 0.00000 0.00000 0.00000
0.00000 0.00000 0.00000 0.17132 0.20266 0.35691 0.38540 0.52572 0.42702 0.38829 0.43772 0.49413 0.44616 0.52446 0.24807 0.07721 0.16117 0.17806 0.00000 0.11711 0.10787 0.23211 0.15297 0.15263 0.15227
0.00000 0.00000 0.00000 0.16256 0.19896 0.35709 0.38417 0.64295 0.56106 0.63626 0.42238 0.28969 0.51008 0.46612 0.42281 0.16018 0.16049 0.16941 0.17556 0.10479 0.16835 0.21711 0.15121 0.15076 0.15030
0.00000 0.00000 0.00000 0.00000 0.29451 0.22917 0.34203 0.64336 0.62998 0.67476 0.69760 0.26258 0.62455 0.68973 0.37014 0.16081 0.16994 0.18620 0.11147 0.00000 0.30967 0.35446 0.31014 0.12109 0.12442
0.00000 0.00000 0.00000 0.00000 0.28510 0.29869 0.29402 0.00000 0.62979 0.65964 0.40074 0.56255 0.63639 0.64410 0.72049 0.42998 0.34573 0.10538 0.11675 0.00000 0.36564 0.25663 0.11980 0.12166 0.12363
0.00000 0.11461 0.12438 0.13250 0.14812 0.51750 0.51117 0.24554 0.43673 0.21285 0.39488 0.57361 0.48355 0.49028 0.50178 0.30165 0.26156 0.10112 0.11590 0.32298 0.43309 0.62154 0.34639 0.22674 0.22192
0.14454 0.14539 0.14621 0.26752 0.26568 0.39102 0.45781 0.50902 0.28253 0.28959 0.38540 0.40304 0.48380 0.50013 0.39725 0.22098 0.23998 0.21044 0.41777 0.61972 0.61451 0.37502 0.36526 0.34546 0.20782
0.14355 0.14430 0.14514 0.25497 0.25396 0.68841 0.42481 0.85300 0.37924 0.49919 0.52936 0.49673 0.31194 0.48217 0.62095 0.34436 0.56856 0.61334 0.41776 0.62169 0.31203 0.39366 0.35864 0.34522 0.35590
0.14278 0.14335 0.14408 0.57039 0.70335 0.78178 0.78377 0.83504 0.80531 0.78353 0.55408 0.33503 0.31642 0.55867 0.49761 0.31350 0.48527 0.38035 0.35376 0.12965 0.57593 0.61101 0.65622 0.64084 0.62458
0.00000 0.12085 0.11505 0.50461 0.62180 0.73679 0.45750 0.41144 0.77882 0.76453 0.38735 0.39970 0.39553 0.67764 0.42015 0.47563 0.50216 0.37307 0.39983 0.37159 0.57426 0.63028 0.66116 0.59335 0.19598
0.00000 0.00000 0.00000 0.40181 0.53843 0.41949 0.61022 0.38762 0.38193 0.62895 0.41179 0.36814 0.35248 0.26757 0.41713 0.40859 0.33720 0.58746 0.60862 0.61254 0.51510 0.55475 0.58844 0.32597 0.00000
0.00000 0.00000 0.00000 0.47157 0.69619 0.72279 0.65132 0.44241 0.55545 0.46396 0.56507 0.32733 0.31741 0.38895 0.54288 0.52139 0.54895 0.69534 0.64514 0.56953 0.42276 0.61418 0.47614 0.19169 0.00000
0.00000 0.00000 0.17938 0.36639 0.37149 0.45894 0.40882 0.36279 0.38575 0.42094 0.52971 0.35064 0.36867 0.41928 0.41743 0.28717 0.29198 0.58058 0.57701 0.44789 0.48493 0.52942 0.09972 0.11758 0.14462
0.00000 0.00000 0.10573 0.11167 0.45248 0.43218 0.41821 0.34419 0.53548 0.10911 0.50200 0.32021 0.38777 0.41816 0.27147 0.28512 0.28756 0.58398 0.63408 0.56030 0.54776 0.32811 0.10788 0.12253 0.14491
0.00000 0.00000 0.08869 0.09803 0.24952 0.30579 0.27072 0.40912 0.36546 0.18906 0.26125 0.23549 0.36543 0.34707 0.44611 0.19736 0.38052 0.28676 0.54628 0.16943 0.15221 0.51209 0.23986 0.24284 0.22601
0.00000 0.00000 0.13510 0.21189 0.25933 0.27672 0.27461 0.41662 0.38269 0.35298 0.26280 0.31939 0.30291 0.29902 0.10495 0.64172 0.59230 0.28582 0.41139 0.50058 0.61353 0.45703 0.22442 0.14583 0.14585
0.00000 0.00000 0.00000 0.17749 0.22275 0.28856 0.27833 0.27435 0.49262 0.32590 0.23458 0.09944 0.21542 0.11139 0.27326 0.28508 0.49359 0.45010 0.56519 0.53872 0.54640 0.45368 0.47881 0.14592 0.14594
0.00000 0.00000 0.00000 0.12885 0.17881 0.22686 0.42937 0.47127 0.32820 0.44804 0.36146 0.18729 0.16532 0.11632 0.46722 0.55033 0.59552 0.58152 0.44387 0.50638 0.61608 0.44309 0.47046 0.24301 0.14602
0.00000 0.00000 0.00000 0.00000 0.08583 0.18504 0.19568 0.17029 0.29148 0.29521 0.32405 0.19523 0.33034 0.32791 0.32021 0.44924 0.69485 0.60303 0.57906 0.52317 0.49863 0.32769 0.22912 0.00000 0.00000
0.00000 0.00000 0.00000 0.00000 0.07200 0.19581 0.17754 0.28028 0.29534 0.31895 0.33987 0.34327 0.31468 0.29646 0.63892 0.46393 0.49305 0.60341 0.59282 0.45146 0.51581 0.20000 0.00000 0.00000 0.00000
0.00000 0.00000 0.00000 0.00000 0.00000 0.00000 0.14637 0.29527 0.20557 0.20602 0.22157 0.36190 0.32975 0.29673 0.11703 0.48497 0.39843 0.47170 0.46450 0.21497 0.14821 0.20501 0.00000 0.00000 0.00000
0.00000 0.00000 0.00000 0.00000 0.00000 0.00000 0.00000 0.14685 0.21748 0.22356 0.23009 0.24761 0.23666 0.00000 0.00000 0.14248 0.39655 0.37950 0.46467 0.14730 0.14780 0.14832 0.00000 0.00000 0.00000
0.00000 0.00000 0.00000 0.00000 0.00000 0.00000 0.00000 0.00000 0.14686 0.14687 0.14689 0.00000 0.00000 0.00000 0.00000 0.14247 0.14324 0.14412 0.14489 0.00000 0.00000 0.00000 0.00000 0.00000 0.00000
