# name=two_districts field=200x200 stride=8
25 25
0.00000 0.33333 0.54838 0.56773 0.87825 0.87575 0.87825 0.87575 0.87825 0.55897 0.45245 0.18567 0.35869 0.38872 0.75671 0.72658 0.76994 0.78208 0.84182 0.84099 0.56745 0.87114 0.87244 0.88977 0.48268
0.33333 0.52211 1.00000 0.93792 1.00000 0.98200 1.00000 0.98200 1.00000 0.95852 0.86537 0.37814 0.69609 0.76160 0.75744 0.78825 0.84166 0.85901 0.83809 0.84300 0.84014 0.87489 0.85998 0.87587 0.84517
0.54838 1.00000 0.95276 1.00000 0.97174 1.00000 0.97174 1.00000 0.98026 1.00000 0.88326 0.80118 0.81019 0.76715 0.80846 0.81162 0.84869 0.85668 0.87182 0.86357 0.85350 0.86947 0.86388 0.85449 0.81178
0.56773 0.93792 1.00000 1.00000 1.00000 1.00000 1.00000 1.00000 1.00000 1.00000 0.94762 0.85745 0.77286 0.82462 0.80421 0.84273 0.85983 0.85632 0.87437 0.86875 0.88364 0.86476 0.87923 0.85194 0.85287
0.87825 1.00000 0.97174 1.00000 0.98851 1.00000 0.98851 1.00000 0.98816 1.00000 0.94058 0.82885 0.75101 0.81063 0.84820 0.85005 0.86906 0.88035 0.87168 0.87266 0.87246 0.88444 0.88568 0.85958 0.79966
0.87575 0.98200 1.00000 1.00000 1.00000 1.00000 1.00000 1.00000 1.00000 1.00000 0.92029 0.84578 0.59853 0.79723 0.87721 0.87795 0.86847 0.86922 0.86846 0.88032 0.87291 0.87675 0.86719 0.85421 0.85690
0.87825 1.00000 0.97174 1.00000 0.98851 1.00000 0.98851 1.00000 0.98816 1.00000 0.92210 0.76242 0.64690 0.77898 0.87667 0.87699 0.87690 0.87727 0.86993 0.86802 0.87187 0.88303 0.86626 0.87261 0.84373
0.87575 0.98200 1.00000 1.00000 1.00000 1.00000 1.00000 1.00000 1.00000 1.00000 0.92560 0.83673 0.66841 0.76277 0.86533 0.85889 0.86883 0.87664 0.87720 0.87875 0.88040 0.86977 0.85767 0.85481 0.86392
0.87825 1.00000 0.97174 1.00000 0.98851 1.00000 0.98851 1.00000 0.98816 1.00000 0.97764 0.84633 0.62749 0.79371 0.83800 0.87818 0.87746 0.87742 0.86857 0.86760 0.88024 0.86833 0.86528 0.82974 0.80461
0.87575 0.98200 1.00000 1.00000 1.00000 1.00000 1.00000 1.00000 1.00000 1.00000 0.95339 0.80862 0.66427 0.81523 0.84931 0.87271 0.87883 0.87886 0.87943 0.88047 0.87075 0.86463 0.84728 0.82247 0.79884
0.87825 1.00000 0.97174 1.00000 0.98851 1.00000 0.98851 1.00000 0.98816 1.00000 0.94646 0.78589 0.67852 0.80072 0.85468 0.88029 0.88059 0.88101 0.86890 0.88232 0.88269 0.88156 0.85364 0.85166 0.83162
0.87575 0.98200 1.00000 1.00000 1.00000 1.00000 1.00000 1.00000 1.00000 1.00000 0.96680 0.88370 0.77288 0.79663 0.86895 0.88122 0.88221 0.87431 0.88398 0.87622 0.87346 0.87369 0.87217 0.86244 0.82769
0.87825 1.00000 0.97174 1.00000 0.98851 1.00000 0.98851 1.00000 0.98816 1.00000 0.97764 0.86027 0.64117 0.69648 0.84816 0.87994 0.88178 0.87260 0.88508 0.87483 0.88428 0.87294 0.86810 0.86075 0.83919
0.87575 0.98200 1.00000 1.00000 1.00000 1.00000 1.00000 1.00000 1.00000 1.00000 0.93240 0.78325 0.56606 0.75084 0.84390 0.86222 0.87106 0.88383 0.88467 0.87596 0.87510 0.87380 0.88302 0.85030 0.83769
0.87825 1.00000 0.97174 1.00000 0.98851 1.00000 0.98851 1.00000 0.98816 1.00000 0.93187 0.73635 0.48544 0.75571 0.86230 0.87818 0.87046 0.88236 0.87205 0.88411 0.88354 0.88390 0.88419 0.86802 0.87401
0.87575 0.98200 1.00000 1.00000 1.00000 1.00000 1.00000 1.00000 1.00000 1.00000 0.92308 0.80426 0.63702 0.75687 0.87556 0.87812 0.88036 0.88158 0.87492 0.87314 0.86955 0.88212 0.88299 0.88542 0.86163
0.87825 1.00000 0.97174 1.00000 0.98851 1.00000 0.98851 1.00000 0.98816 1.00000 0.97764 0.78690 0.70360 0.78913 0.86517 0.86936 0.87991 0.88131 0.88067 0.88006 0.87929 0.87010 0.88162 0.87759 0.86961
0.87575 0.98200 1.00000 1.00000 1.00000 1.00000 1.00000 1.00000 1.00000 1.00000 0.97224 0.84902 0.65541 0.80592 0.83823 0.86564 0.88118 0.88147 0.87960 0.87819 0.87745 0.87824 0.88037 0.85060 0.84238
0.87825 1.00000 0.97174 1.00000 0.98851 1.00000 0.98851 1.00000 0.98816 1.00000 0.94156 0.80648 0.39474 0.78170 0.85292 0.88362 0.88271 0.88120 0.87956 0.87779 0.86871 0.86557 0.87285 0.87176 0.87225
0.87575 0.98200 1.00000 1.00000 1.00000 1.00000 1.00000 1.00000 1.00000 1.00000 0.92792 0.81517 0.62647 0.76845 0.86258 0.88449 0.88385 0.88251 0.87974 0.87837 0.86780 0.87792 0.87962 0.88161 0.85184
0.87825 1.00000 0.98026 1.00000 0.98816 1.00000 0.98816 1.00000 1.00000 1.00000 0.96322 0.84154 0.65420 0.78707 0.87304 0.87015 0.88436 0.87473 0.88102 0.87972 0.86745 0.87916 0.86937 0.86949 0.85463
0.55897 0.95852 1.00000 1.00000 1.00000 1.00000 1.00000 1.00000 1.00000 1.00000 0.96094 0.87008 0.66688 0.74125 0.83964 0.85449 0.88540 0.87246 0.88255 0.87023 0.88093 0.86848 0.86761 0.87223 0.84787
0.55526 1.00000 0.97159 1.00000 0.97764 0.97224 0.97764 0.97224 1.00000 0.96094 1.00000 0.66177 0.68818 0.83724 0.85419 0.87745 0.88679 0.87790 0.88429 0.88324 0.87233 0.86678 0.84496 0.81437 0.80014
0.33333 0.54665 1.00000 0.94236 0.93486 0.98070 0.93486 0.98070 0.93486 0.95503 0.66144 0.59324 0.55595 0.86225 0.86291 0.87636 0.88852 0.87629 0.84833 0.87430 0.86368 0.83838 0.78408 0.79564 0.74945
0.00000 0.33333 0.33333 0.56773 0.57059 0.56773 0.57059 0.56773 0.57059 0.33333 0.52730 0.00000 0.59303 0.88987 0.89129 0.85920 0.86762 0.87603 0.84340 0.86772 0.84830 0.81612 0.74422 0.69394 0.57769
