# name=grid_rotated_30 field=200x200 stride=8
25 25
0.41389 0.40500 0.74412 0.81047 0.82226 0.82412 0.67688 0.75029 0.82519 0.83373 0.64516 0.69016 0.76602 0.83417 0.87629 0.82309 0.85364 0.85935 0.77640 0.80867 0.85335 0.83959 0.67804 0.49155 0.50832
0.50911 0.50107 0.73098 0.79206 0.85227 0.83677 0.82710 0.85328 0.79231 0.84042 0.80170 0.83527 0.78297 0.79926 0.87445 0.81651 0.84172 0.83012 0.84922 0.88407 0.85575 0.84887 0.78694 0.73124 0.49984
0.49141 0.73373 0.79821 0.81674 0.85857 0.82640 0.87177 0.86926 0.83829 0.82511 0.80243 0.84590 0.84673 0.84276 0.87263 0.87401 0.87474 0.86923 0.85909 0.86468 0.86021 0.82283 0.83292 0.79729 0.72946
0.67804 0.78826 0.83343 0.85383 0.87519 0.86009 0.84468 0.83605 0.84690 0.86457 0.84136 0.84607 0.86521 0.83650 0.87084 0.85743 0.86062 0.85999 0.87602 0.87707 0.86482 0.87768 0.85314 0.81552 0.78982
0.83959 0.84887 0.83480 0.87802 0.86139 0.85878 0.86937 0.86745 0.86529 0.85114 0.84778 0.84967 0.86514 0.85248 0.86932 0.87197 0.87297 0.84590 0.85695 0.87483 0.87506 0.86111 0.87438 0.85714 0.84978
0.85335 0.85575 0.86021 0.86482 0.87506 0.87197 0.87006 0.85119 0.85186 0.86455 0.84256 0.86447 0.86590 0.86821 0.85647 0.85677 0.87324 0.85293 0.87324 0.85978 0.87197 0.85878 0.85941 0.83572 0.83539
0.80867 0.88407 0.86468 0.87707 0.87483 0.85978 0.85870 0.86923 0.86807 0.85347 0.83606 0.86684 0.84957 0.86964 0.85677 0.87251 0.85528 0.85388 0.84319 0.85870 0.87006 0.86937 0.84395 0.87132 0.82596
0.77640 0.84922 0.85909 0.87602 0.85695 0.87324 0.84319 0.85490 0.86991 0.86892 0.86917 0.86969 0.87038 0.87175 0.84100 0.85506 0.84508 0.87242 0.85490 0.86923 0.85119 0.86753 0.83629 0.86953 0.85307
0.85935 0.83012 0.86923 0.85999 0.84590 0.85293 0.85388 0.87242 0.85761 0.85123 0.85798 0.87268 0.86048 0.87395 0.87417 0.87449 0.86100 0.85761 0.86991 0.86807 0.85186 0.86538 0.84714 0.83868 0.79282
0.85364 0.84172 0.87474 0.86062 0.87297 0.87324 0.85528 0.84508 0.86100 0.87367 0.87389 0.87489 0.87588 0.87633 0.85982 0.84776 0.87367 0.85123 0.86892 0.85347 0.86455 0.85125 0.86474 0.82589 0.84161
0.82309 0.81651 0.87401 0.85743 0.87197 0.85677 0.87251 0.85506 0.87449 0.84776 0.87616 0.87710 0.86420 0.86525 0.87760 0.87616 0.87389 0.85798 0.86917 0.83606 0.84256 0.84778 0.84171 0.80347 0.80359
0.87629 0.87445 0.87263 0.87084 0.86932 0.85647 0.85677 0.84100 0.87417 0.85982 0.87760 0.86179 0.88030 0.85257 0.86179 0.87710 0.87489 0.87268 0.86969 0.86684 0.86447 0.85003 0.84692 0.84678 0.83684
0.83417 0.79926 0.84276 0.83650 0.85248 0.86821 0.86964 0.87175 0.87395 0.87633 0.86525 0.85257 0.86207 0.86207 0.88030 0.86420 0.87588 0.86048 0.87038 0.84957 0.86590 0.86559 0.86623 0.84699 0.78583
0.76602 0.78297 0.84673 0.86521 0.86514 0.86590 0.84957 0.87038 0.86048 0.87588 0.86420 0.88030 0.86207 0.86207 0.85257 0.86525 0.87633 0.87395 0.87175 0.86964 0.86821 0.85294 0.83598 0.84454 0.80202
0.69016 0.83527 0.84590 0.84607 0.84967 0.86447 0.86684 0.86969 0.87268 0.87489 0.87710 0.86179 0.85257 0.88030 0.86179 0.87760 0.85982 0.87417 0.84100 0.85677 0.85647 0.85760 0.86219 0.82658 0.84784
0.64516 0.80170 0.80243 0.84136 0.84778 0.84256 0.83606 0.86917 0.85798 0.87389 0.87616 0.87760 0.86525 0.86420 0.87710 0.87616 0.84776 0.87449 0.85506 0.87251 0.85677 0.85569 0.85285 0.85631 0.79622
0.83373 0.84042 0.82511 0.86457 0.85114 0.86455 0.85347 0.86892 0.85123 0.87367 0.84776 0.85982 0.87633 0.87588 0.87489 0.87389 0.87367 0.86100 0.84508 0.85528 0.87324 0.86732 0.84528 0.85124 0.81079
0.82519 0.79231 0.83829 0.84690 0.86529 0.85186 0.86807 0.86991 0.85761 0.86100 0.87449 0.87417 0.87395 0.86048 0.87268 0.85798 0.85123 0.85761 0.87242 0.85388 0.85293 0.84590 0.85787 0.86892 0.82764
0.75029 0.85328 0.86926 0.83605 0.86745 0.85119 0.86923 0.85490 0.87242 0.84508 0.85506 0.84100 0.87175 0.87038 0.86969 0.86917 0.86892 0.86991 0.85490 0.84319 0.87324 0.85695 0.87574 0.84951 0.83451
0.67688 0.82710 0.87177 0.84468 0.86937 0.87006 0.85870 0.84319 0.85388 0.85528 0.87251 0.85677 0.86964 0.84957 0.86684 0.83606 0.85347 0.86807 0.86923 0.85870 0.85978 0.87470 0.87670 0.86394 0.88261
0.82412 0.83677 0.82640 0.86009 0.85878 0.87197 0.85978 0.87324 0.85293 0.87324 0.85677 0.85647 0.86821 0.86590 0.86447 0.84256 0.86455 0.85186 0.85119 0.87006 0.87197 0.87490 0.86445 0.85944 0.85430
0.82205 0.85209 0.85844 0.87519 0.86139 0.87490 0.87470 0.85695 0.84590 0.86732 0.85569 0.85760 0.85294 0.86559 0.85003 0.84778 0.85125 0.86538 0.86753 0.86937 0.85878 0.86111 0.86579 0.82242 0.84812
0.81041 0.79208 0.81671 0.85365 0.86609 0.86445 0.87670 0.87574 0.85787 0.84528 0.85285 0.86219 0.83598 0.86623 0.84692 0.84171 0.86474 0.84714 0.83629 0.84395 0.85941 0.87438 0.85297 0.83282 0.78700
0.74473 0.73156 0.79862 0.83332 0.83434 0.85944 0.86394 0.84951 0.86892 0.85124 0.85631 0.82658 0.84454 0.84699 0.84678 0.80347 0.82589 0.83868 0.86953 0.87132 0.83572 0.85702 0.81550 0.79770 0.73273
0.40646 0.50248 0.73522 0.78831 0.84812 0.85430 0.88261 0.83451 0.82764 0.81079 0.79622 0.84784 0.80202 0.78583 0.83684 0.80359 0.84161 0.79282 0.85307 0.82596 0.83539 0.84960 0.78984 0.73004 0.50124
