# name=two_districts field=200x200 stride=8
25 25
0.00000 0.00000 0.50295 0.00000 0.45557 0.00000 0.45557 0.00000 0.45557 0.00000 0.43028 0.00000 0.35152 0.35643 0.48543 0.44734 0.43338 0.68502 0.69176 0.72236 0.35091 0.80100 0.41191 0.00000 0.00000
0.00000 0.52211 1.00000 0.93222 1.00000 0.89834 1.00000 0.89834 1.00000 0.95852 0.86537 0.35557 0.68116 0.45771 0.65263 0.74747 0.74717 0.64433 0.76588 0.70940 0.61290 0.75954 0.41008 0.59608 0.44591
0.50295 1.00000 0.95276 1.00000 0.96239 1.00000 0.96239 1.00000 0.98026 1.00000 0.88326 0.72784 0.81019 0.74025 0.75850 0.71720 0.72098 0.69121 0.76858 0.66282 0.69677 0.71253 0.75836 0.78577 0.48604
0.00000 0.93222 1.00000 1.00000 1.00000 1.00000 1.00000 1.00000 1.00000 1.00000 0.94762 0.82257 0.77286 0.80233 0.77534 0.76668 0.72663 0.75409 0.74312 0.63780 0.72274 0.71053 0.73670 0.74692 0.78959
0.45557 1.00000 0.96239 1.00000 0.97018 1.00000 0.97018 1.00000 0.98451 1.00000 0.93494 0.79393 0.75101 0.78519 0.75817 0.80171 0.80865 0.81565 0.73439 0.71187 0.72420 0.79846 0.84034 0.85209 0.74278
0.00000 0.89834 1.00000 1.00000 1.00000 1.00000 1.00000 1.00000 1.00000 1.00000 0.91261 0.73267 0.59023 0.74748 0.79099 0.80747 0.78993 0.75244 0.80726 0.85851 0.80642 0.80367 0.83797 0.84558 0.85679
0.45557 1.00000 0.96239 1.00000 0.97018 1.00000 0.97018 1.00000 0.98451 1.00000 0.92210 0.75997 0.68771 0.69494 0.79749 0.81395 0.81638 0.74808 0.74433 0.72782 0.72790 0.81830 0.86632 0.86396 0.83255
0.00000 0.89834 1.00000 1.00000 1.00000 1.00000 1.00000 1.00000 1.00000 1.00000 0.92560 0.78483 0.66841 0.73002 0.82701 0.83919 0.81591 0.78620 0.85540 0.81816 0.81263 0.70219 0.85893 0.87606 0.86392
0.45557 1.00000 0.96239 1.00000 0.97018 1.00000 0.97018 1.00000 0.98451 1.00000 0.97764 0.85025 0.62749 0.69182 0.64431 0.82537 0.81846 0.85615 0.81634 0.81702 0.81358 0.85573 0.87285 0.74439 0.78146
0.00000 0.89834 1.00000 1.00000 1.00000 1.00000 1.00000 1.00000 1.00000 1.00000 0.92314 0.74998 0.63176 0.70087 0.81409 0.81451 0.69976 0.80284 0.82313 0.85892 0.80852 0.85316 0.84304 0.83457 0.83663
0.45557 1.00000 0.96239 1.00000 0.97018 1.00000 0.97018 1.00000 0.98451 1.00000 0.92646 0.77988 0.60044 0.56282 0.40989 0.82965 0.76157 0.79286 0.74177 0.76785 0.74686 0.81556 0.84724 0.85380 0.85262
0.00000 0.89834 1.00000 1.00000 1.00000 1.00000 1.00000 1.00000 1.00000 1.00000 0.92349 0.77115 0.69911 0.74172 0.77183 0.59561 0.71285 0.72402 0.80876 0.80803 0.71057 0.78580 0.85267 0.86946 0.83278
0.45557 1.00000 0.96239 1.00000 0.97018 1.00000 0.97018 1.00000 0.98451 1.00000 0.97764 0.83732 0.62252 0.58550 0.78190 0.80300 0.83653 0.80987 0.79506 0.81051 0.81735 0.73394 0.71776 0.74284 0.72798
0.00000 0.89834 1.00000 1.00000 1.00000 1.00000 1.00000 1.00000 1.00000 1.00000 0.93240 0.80158 0.47248 0.67881 0.64463 0.71433 0.71987 0.80323 0.82166 0.79347 0.75543 0.81188 0.83560 0.78094 0.67881
0.45557 1.00000 0.96239 1.00000 0.97018 1.00000 0.97018 1.00000 0.98451 1.00000 0.93187 0.77520 0.67001 0.67323 0.71554 0.80299 0.80470 0.74522 0.81168 0.82123 0.75131 0.72570 0.65053 0.75815 0.78872
0.00000 0.89834 1.00000 1.00000 1.00000 1.00000 1.00000 1.00000 1.00000 1.00000 0.92308 0.77321 0.75435 0.67945 0.80008 0.80016 0.82358 0.80197 0.75147 0.74218 0.73553 0.76495 0.82805 0.78924 0.42004
0.45557 1.00000 0.96239 1.00000 0.97018 1.00000 0.97018 1.00000 0.98451 1.00000 0.97764 0.76423 0.70389 0.76037 0.82394 0.81603 0.82151 0.79126 0.85862 0.82325 0.81690 0.69443 0.69135 0.85876 0.84011
0.00000 0.89834 1.00000 1.00000 1.00000 1.00000 1.00000 1.00000 1.00000 1.00000 0.96735 0.82058 0.65486 0.68611 0.65315 0.77765 0.83322 0.82381 0.79354 0.78763 0.81739 0.81759 0.83117 0.78656 0.66370
0.45557 1.00000 0.96239 1.00000 0.97018 1.00000 0.97018 1.00000 0.98451 1.00000 0.94156 0.80586 0.31759 0.68647 0.82133 0.81856 0.69853 0.74385 0.80816 0.85496 0.80246 0.81644 0.85573 0.82341 0.83327
0.00000 0.89834 1.00000 1.00000 1.00000 1.00000 1.00000 1.00000 1.00000 1.00000 0.92792 0.78161 0.68693 0.69469 0.72438 0.83154 0.82666 0.80556 0.69890 0.80356 0.72178 0.80560 0.80911 0.80295 0.70961
0.45557 1.00000 0.98026 1.00000 0.98451 1.00000 0.98451 1.00000 1.00000 1.00000 0.96322 0.84154 0.65739 0.71735 0.84608 0.83195 0.77820 0.83258 0.85738 0.85094 0.74133 0.79114 0.80601 0.80383 0.72506
0.00000 0.95852 1.00000 1.00000 1.00000 1.00000 1.00000 1.00000 1.00000 1.00000 0.96094 0.85244 0.61055 0.63573 0.67116 0.78197 0.78398 0.73042 0.76530 0.72272 0.80350 0.82446 0.80367 0.79517 0.77255
0.52806 1.00000 0.97159 1.00000 0.97764 0.96735 0.97764 0.96735 1.00000 0.96094 1.00000 0.39869 0.27450 0.65407 0.66055 0.68827 0.62524 0.68477 0.72712 0.60633 0.80493 0.70176 0.73792 0.75829 0.74710
0.00000 0.53470 1.00000 0.92675 0.90428 0.89061 0.90428 0.89061 0.90428 0.95503 0.46792 0.39919 0.16852 0.20503 0.46384 0.65340 0.64847 0.71733 0.61147 0.80609 0.76916 0.70903 0.68740 0.71858 0.71387
0.00000 0.00000 0.00000 0.00000 0.00000 0.00000 0.00000 0.00000 0.00000 0.00000 0.25515 0.00000 0.15144 0.00000 0.00000 0.42200 0.43428 0.76452 0.62229 0.81925 0.67422 0.74889 0.68606 0.64673 0.67030
