# name=mixed_regions field=200x200 stride=8
25 25
0.00000 0.14257 0.33530 0.33835 0.61250 0.64974 0.61250 0.64974 0.61250 0.33482 0.35204 0.14510 0.00000 0.00000 0.00000 0.00000 0.00000 0.00000 0.00000 0.00000 0.00000 0.00000 0.00000 0.00000 0.00000
0.15003 0.34807 1.00000 0.93222 1.00000 0.89834 1.00000 0.89834 1.00000 0.95852 1.00000 0.35647 0.23667 0.00000 0.00000 0.00000 0.00000 0.00000 0.00000 0.00000 0.00000 0.00000 0.00000 0.00000 0.00000
0.33530 1.00000 0.95276 1.00000 0.96239 1.00000 0.96239 1.00000 0.98026 1.00000 0.97159 1.00000 0.22897 0.17273 0.00000 0.00000 0.00000 0.00000 0.00000 0.00000 0.13869 0.38677 0.45684 0.08363 0.03711
0.35898 0.93222 1.00000 1.00000 1.00000 1.00000 1.00000 1.00000 1.00000 1.00000 1.00000 0.84585 0.24062 0.16876 0.00000 0.00000 0.00000 0.00000 0.00000 0.13994 0.13763 0.38756 0.43250 0.48881 0.19824
0.65829 1.00000 0.96239 1.00000 0.97018 1.00000 0.97018 1.00000 0.98451 1.00000 0.97764 0.90428 0.25337 0.18538 0.00000 0.00000 0.00000 0.00000 0.05345 0.05770 0.38614 0.40714 0.41350 0.45505 0.18442
0.68495 0.89834 1.00000 1.00000 1.00000 1.00000 1.00000 1.00000 1.00000 1.00000 0.96735 0.89061 0.46457 0.37076 0.00000 0.07797 0.10074 0.07380 0.18134 0.14900 0.42734 0.45622 0.42850 0.30180 0.17898
0.65829 1.00000 0.96239 1.00000 0.97018 1.00000 0.97018 1.00000 0.98451 1.00000 0.97764 0.90428 0.35161 0.24064 0.00000 0.15617 0.13471 0.24206 0.05989 0.13837 0.39261 0.43665 0.27945 0.28172 0.30003
0.68495 0.89834 1.00000 1.00000 1.00000 1.00000 1.00000 1.00000 1.00000 1.00000 0.96735 0.86094 0.58976 0.06742 0.00000 0.12546 0.14981 0.16957 0.06340 0.38664 0.37796 0.42369 0.40148 0.15932 0.15135
0.65829 1.00000 0.96239 1.00000 0.97018 1.00000 0.97018 1.00000 0.98451 1.00000 0.97764 0.74444 0.45499 0.20363 0.07281 0.10954 0.09472 0.17363 0.28881 0.38507 0.25703 0.30188 0.44229 0.44162 0.02614
0.68495 0.89834 1.00000 1.00000 1.00000 1.00000 1.00000 1.00000 1.00000 1.00000 0.96735 0.73208 0.32055 0.18142 0.15818 0.37108 0.37873 0.43313 0.26553 0.22184 0.25809 0.21120 0.10980 0.11009 0.00000
0.65829 1.00000 0.96239 1.00000 0.97018 1.00000 0.97018 1.00000 0.98451 1.00000 0.90998 0.71775 0.31249 0.37307 0.14195 0.33653 0.33750 0.41294 0.20874 0.23009 0.25084 0.20521 0.19780 0.19371 0.00000
0.68495 0.89834 1.00000 1.00000 1.00000 1.00000 1.00000 1.00000 1.00000 1.00000 0.89987 0.71496 0.51767 0.38076 0.14546 0.14778 0.33921 0.42242 0.22576 0.10837 0.26921 0.17003 0.15719 0.16016 0.00000
0.65829 1.00000 0.96239 1.00000 0.97018 1.00000 0.97018 1.00000 0.98451 1.00000 0.97764 0.79952 0.58924 0.22544 0.16777 0.06800 0.18838 0.43198 0.29453 0.46293 0.36209 0.39199 0.38245 0.39714 0.00000
0.68495 0.89834 1.00000 1.00000 1.00000 1.00000 1.00000 1.00000 1.00000 1.00000 0.96735 0.82801 0.34393 0.20908 0.13384 0.14854 0.32160 0.24724 0.45322 0.42405 0.32876 0.32234 0.20601 0.06395 0.03233
0.65829 1.00000 0.96239 1.00000 0.97018 1.00000 0.97018 1.00000 0.98451 1.00000 0.97764 0.82463 0.24901 0.38305 0.13539 0.13736 0.14151 0.23450 0.34335 0.12843 0.31922 0.13255 0.05521 0.06034 0.02998
0.68495 0.89834 1.00000 1.00000 1.00000 1.00000 1.00000 1.00000 1.00000 1.00000 0.96735 0.78586 0.55761 0.47495 0.11476 0.37296 0.39613 0.43388 0.13484 0.13375 0.34087 0.28142 0.28014 0.06591 0.06763
0.65829 1.00000 0.96239 1.00000 0.97018 1.00000 0.97018 1.00000 0.98451 1.00000 0.97764 0.77964 0.54470 0.50674 0.06990 0.25114 0.26470 0.28421 0.15462 0.12972 0.16534 0.17731 0.06647 0.06185 0.06253
0.68495 0.89834 1.00000 1.00000 1.00000 1.00000 1.00000 1.00000 1.00000 1.00000 0.96735 0.79155 0.25125 0.55423 0.22677 0.23944 0.37718 0.38563 0.37662 0.33202 0.09382 0.08728 0.07922 0.08201 0.00000
0.65829 1.00000 0.96239 1.00000 0.97018 1.00000 0.97018 1.00000 0.98451 1.00000 0.97764 0.87839 0.54204 0.25692 0.25915 0.34265 0.32277 0.32088 0.35911 0.42032 0.36956 0.08154 0.08325 0.03372 0.03368
0.68495 0.89834 1.00000 1.00000 1.00000 1.00000 1.00000 1.00000 1.00000 1.00000 0.96735 0.81880 0.60015 0.28272 0.15089 0.36518 0.33427 0.17274 0.06515 0.34610 0.13676 0.02780 0.02991 0.03297 0.03298
0.65829 1.00000 0.98026 1.00000 0.98451 1.00000 0.98451 1.00000 1.00000 1.00000 1.00000 0.75382 0.37925 0.30062 0.06674 0.06037 0.06678 0.14852 0.13513 0.15137 0.15128 0.15881 0.02951 0.03453 0.03458
0.35424 0.95852 1.00000 1.00000 1.00000 1.00000 1.00000 1.00000 1.00000 1.00000 0.96094 0.78241 0.22045 0.15953 0.07658 0.06279 0.13926 0.14257 0.14239 0.15893 0.15920 0.02806 0.03106 0.03317 0.00000
0.35204 1.00000 0.97159 1.00000 0.97764 0.96735 0.97764 0.96735 1.00000 0.96094 1.00000 0.38988 0.23614 0.00000 0.00000 0.07035 0.14301 0.05958 0.02729 0.14891 0.15958 0.00000 0.00000 0.00000 0.00000
0.15124 0.35647 1.00000 0.92675 0.90428 0.89061 0.90428 0.89061 0.90428 0.95503 0.34879 0.36684 0.00000 0.00000 0.00000 0.00000 0.05678 0.02715 0.02825 0.03057 0.00000 0.00000 0.00000 0.00000 0.00000
0.00000 0.14257 0.13944 0.33835 0.33955 0.33835 0.33955 0.33835 0.33955 0.13887 0.14119 0.00000 0.00000 0.00000 0.00000 0.00000 0.00000 0.00000 0.00000 0.00000 0.00000 0.00000 0.00000 0.00000 0.00000
