# name=grid_sheared field=200x200 stride=8
25 25
0.79998 0.89173 0.90949 0.94901 0.95309 0.95230 0.97763 0.95230 0.97763 0.95230 0.97763 0.95230 0.97763 0.95230 0.97763 0.95230 0.97763 0.95230 0.97763 0.95230 0.97763 0.97762 0.97762 0.97761 0.32587
0.85886 0.88527 0.93573 0.94120 0.96848 0.94358 0.97753 0.94358 0.97753 0.94358 0.97753 0.94358 0.97753 0.94358 0.97753 0.94358 0.97753 0.94358 0.97753 0.94358 0.97753 0.95621 0.96683 0.94208 0.84730
0.85285 0.93263 0.94845 0.96295 0.97776 0.97746 0.97745 0.97746 0.97745 0.97746 0.97745 0.97746 0.97745 0.97746 0.97745 0.97746 0.97745 0.97746 0.97745 0.97746 0.97745 0.97745 0.95564 0.97743 0.86192
0.93921 0.94079 0.94330 0.96926 0.96924 0.97008 0.96896 0.97008 0.96896 0.97008 0.96896 0.97008 0.96896 0.97008 0.96896 0.97008 0.96896 0.97008 0.96896 0.97008 0.96896 0.97737 0.97736 0.97735 0.95890
0.93964 0.96543 0.97033 0.97779 0.96967 0.97731 0.96972 0.97731 0.96972 0.97731 0.96972 0.97731 0.96972 0.97731 0.96972 0.97731 0.96972 0.97731 0.96972 0.97731 0.96972 0.97731 0.95545 0.95178 0.97727
0.88078 0.95466 0.95813 0.97755 0.97727 0.96762 0.97727 0.96762 0.97727 0.96762 0.97727 0.96762 0.97727 0.96762 0.97727 0.96762 0.97727 0.96762 0.97727 0.96762 0.97727 0.96762 0.97727 0.95807 0.96178
0.88433 0.90904 0.95367 0.96059 0.97727 0.97727 0.97727 0.97727 0.97727 0.97727 0.97727 0.97727 0.97727 0.97727 0.97727 0.97727 0.97727 0.97727 0.97727 0.97727 0.97727 0.97727 0.97757 0.94566 0.95635
0.84947 0.89372 0.92698 0.93070 0.97727 0.96873 0.97727 0.96873 0.97727 0.96873 0.97727 0.96873 0.97727 0.96873 0.97727 0.96873 0.97727 0.96873 0.97727 0.96873 0.97727 0.96868 0.97781 0.97057 0.95236
0.81076 0.88276 0.92286 0.94876 0.96201 0.96966 0.97727 0.96966 0.97727 0.96966 0.97727 0.96966 0.97727 0.96966 0.97727 0.96966 0.97727 0.96966 0.97727 0.96966 0.97727 0.96998 0.96871 0.94235 0.92854
0.83287 0.89726 0.94149 0.93459 0.96215 0.97727 0.96762 0.97727 0.96762 0.97727 0.96762 0.97727 0.96762 0.97727 0.96762 0.97727 0.96762 0.97727 0.96762 0.97727 0.96762 0.96389 0.95069 0.92951 0.89092
0.85232 0.91560 0.93151 0.96391 0.97757 0.97727 0.97727 0.97727 0.97727 0.97727 0.97727 0.97727 0.97727 0.97727 0.97727 0.97727 0.97727 0.97727 0.97727 0.97727 0.97727 0.96027 0.93805 0.93914 0.87516
0.94092 0.94189 0.94373 0.96965 0.96902 0.97727 0.96873 0.97727 0.96873 0.97727 0.96873 0.97727 0.96873 0.97727 0.96873 0.97727 0.96873 0.97727 0.96873 0.97727 0.96873 0.96815 0.94611 0.92696 0.87927
0.94331 0.96653 0.97817 0.97776 0.96962 0.97727 0.96966 0.97727 0.96966 0.97727 0.96966 0.97727 0.96966 0.97727 0.96966 0.97727 0.96966 0.97727 0.96966 0.97727 0.96966 0.97727 0.92923 0.93739 0.88987
0.88078 0.95466 0.95813 0.97755 0.97727 0.96762 0.97727 0.96762 0.97727 0.96762 0.97727 0.96762 0.97727 0.96762 0.97727 0.96762 0.97727 0.96762 0.97727 0.96762 0.97727 0.96762 0.95898 0.93959 0.90607
0.88433 0.90904 0.95367 0.96059 0.97727 0.97727 0.97727 0.97727 0.97727 0.97727 0.97727 0.97727 0.97727 0.97727 0.97727 0.97727 0.97727 0.97727 0.97727 0.97727 0.97727 0.97727 0.97757 0.94566 0.95350
0.84947 0.89372 0.92698 0.93070 0.97727 0.96873 0.97727 0.96873 0.97727 0.96873 0.97727 0.96873 0.97727 0.96873 0.97727 0.96873 0.97727 0.96873 0.97727 0.96873 0.97727 0.96868 0.97781 0.97057 0.95236
0.81076 0.88276 0.92286 0.94876 0.96201 0.96966 0.97727 0.96966 0.97727 0.96966 0.97727 0.96966 0.97727 0.96966 0.97727 0.96966 0.97727 0.96966 0.97727 0.96966 0.97727 0.96998 0.96871 0.94235 0.92854
0.83287 0.89726 0.94149 0.93459 0.96215 0.97727 0.96762 0.97727 0.96762 0.97727 0.96762 0.97727 0.96762 0.97727 0.96762 0.97727 0.96762 0.97727 0.96762 0.97727 0.96762 0.96389 0.95069 0.92951 0.89092
0.85232 0.91560 0.93151 0.96391 0.97757 0.97727 0.97727 0.97727 0.97727 0.97727 0.97727 0.97727 0.97727 0.97727 0.97727 0.97727 0.97727 0.97727 0.97727 0.97727 0.97727 0.96027 0.93805 0.93914 0.87516
0.94092 0.94189 0.94373 0.96965 0.96902 0.97727 0.96873 0.97727 0.96873 0.97727 0.96873 0.97727 0.96873 0.97727 0.96873 0.97727 0.96873 0.97727 0.96873 0.97727 0.96873 0.96815 0.94611 0.92696 0.87927
0.94331 0.96653 0.97817 0.97776 0.96962 0.97727 0.96966 0.97727 0.96966 0.97727 0.96966 0.97727 0.96966 0.97727 0.96966 0.97727 0.96966 0.97727 0.96966 0.97727 0.96966 0.97727 0.92923 0.93739 0.88987
0.93088 0.97816 0.97782 0.97757 0.97727 0.96088 0.97727 0.96088 0.97727 0.96088 0.97727 0.96088 0.97727 0.96088 0.97727 0.96088 0.97727 0.96088 0.97727 0.96088 0.97727 0.96088 0.95806 0.91867 0.91120
0.93338 0.94288 0.97754 0.95432 0.97727 0.94310 0.97727 0.94310 0.97727 0.94310 0.97727 0.94310 0.97727 0.94310 0.97727 0.94310 0.97727 0.94310 0.97727 0.94310 0.97727 0.94310 0.97727 0.92013 0.94622
0.50983 0.97727 0.94898 0.97727 0.92709 0.94948 0.92709 0.94948 0.92709 0.94948 0.92709 0.94948 0.92709 0.94948 0.92709 0.94948 0.92709 0.94948 0.92709 0.94948 0.92709 0.94948 0.91847 0.93726 0.50002
0.32576 0.52384 0.97727 0.85575 0.91079 0.90135 0.91079 0.90135 0.91079 0.90135 0.91079 0.90135 0.91079 0.90135 0.91079 0.90135 0.91079 0.90135 0.91079 0.90135 0.91079 0.90135 0.91079 0.64801 0.51551
