# name=mixed_regions field=200x200 stride=8
25 25
0.00000 0.00000 0.50295 0.00000 0.45557 0.00000 0.45557 0.00000 0.45557 0.00000 0.52806 0.00000 0.00000 0.00000 0.00000 0.00000 0.00000 0.00000 0.00000 0.00000 0.00000 0.00000 0.00000 0.00000 0.00000
0.00000 0.52211 1.00000 0.93222 1.00000 0.89834 1.00000 0.89834 1.00000 0.95852 1.00000 0.53470 0.44965 0.00000 0.00000 0.00000 0.00000 0.00000 0.00000 0.00000 0.00000 0.00000 0.00000 0.00000 0.00000
0.50295 1.00000 0.95276 1.00000 0.96239 1.00000 0.96239 1.00000 0.98026 1.00000 0.97159 1.00000 0.44372 0.35436 0.00000 0.00000 0.00000 0.00000 0.00000 0.00000 0.19194 0.68120 0.75918 0.26448 0.15704
0.00000 0.93222 1.00000 1.00000 1.00000 1.00000 1.00000 1.00000 1.00000 1.00000 1.00000 0.89632 0.42303 0.34345 0.00000 0.00000 0.00000 0.00000 0.00000 0.15160 0.17809 0.66152 0.75291 0.79246 0.45226
0.45557 1.00000 0.96239 1.00000 0.97018 1.00000 0.97018 1.00000 0.98451 1.00000 0.97764 0.90428 0.40420 0.17966 0.00000 0.00000 0.00000 0.00000 0.06113 0.00000 0.56861 0.66123 0.74121 0.76758 0.44438
0.00000 0.89834 1.00000 1.00000 1.00000 1.00000 1.00000 1.00000 1.00000 1.00000 0.96735 0.89061 0.20846 0.30410 0.00000 0.00000 0.20186 0.04419 0.00000 0.00000 0.58984 0.67298 0.75939 0.57375 0.43397
0.45557 1.00000 0.96239 1.00000 0.97018 1.00000 0.97018 1.00000 0.98451 1.00000 0.97764 0.90428 0.19751 0.29288 0.00000 0.36831 0.28280 0.42909 0.00000 0.00000 0.20705 0.60453 0.47819 0.52475 0.57160
0.00000 0.89834 1.00000 1.00000 1.00000 1.00000 1.00000 1.00000 1.00000 1.00000 0.96735 0.89559 0.39517 0.15167 0.00000 0.31340 0.35755 0.37896 0.19131 0.30354 0.00000 0.13925 0.16691 0.10323 0.11140
0.45557 1.00000 0.96239 1.00000 0.97018 1.00000 0.97018 1.00000 0.98451 1.00000 0.97764 0.82242 0.48818 0.33493 0.00000 0.21861 0.28444 0.41355 0.52684 0.38154 0.23918 0.00000 0.13786 0.14813 0.00000
0.00000 0.89834 1.00000 1.00000 1.00000 1.00000 1.00000 1.00000 1.00000 1.00000 0.96735 0.84235 0.52426 0.30495 0.25452 0.41157 0.45308 0.48198 0.31604 0.43849 0.39215 0.00000 0.00000 0.00000 0.00000
0.45557 1.00000 0.96239 1.00000 0.97018 1.00000 0.97018 1.00000 0.98451 1.00000 0.95310 0.83603 0.52205 0.54780 0.28512 0.42860 0.46199 0.67375 0.47864 0.43507 0.39180 0.00000 0.00000 0.00000 0.00000
0.00000 0.89834 1.00000 1.00000 1.00000 1.00000 1.00000 1.00000 1.00000 1.00000 0.94351 0.82958 0.67222 0.57012 0.29790 0.31380 0.45026 0.72270 0.49461 0.29252 0.17222 0.00000 0.00000 0.00000 0.00000
0.45557 1.00000 0.96239 1.00000 0.97018 1.00000 0.97018 1.00000 0.98451 1.00000 0.97764 0.89103 0.50136 0.23822 0.00000 0.18459 0.15363 0.62620 0.44053 0.73435 0.32936 0.19391 0.20511 0.19891 0.00000
0.00000 0.89834 1.00000 1.00000 1.00000 1.00000 1.00000 1.00000 1.00000 1.00000 0.96735 0.88188 0.39619 0.19306 0.08144 0.08063 0.21802 0.27521 0.64858 0.67992 0.41200 0.41316 0.23651 0.08587 0.00000
0.45557 1.00000 0.96239 1.00000 0.97018 1.00000 0.97018 1.00000 0.98451 1.00000 0.97764 0.85280 0.19792 0.54539 0.10719 0.09291 0.07610 0.31938 0.42318 0.33656 0.47933 0.33625 0.10693 0.09450 0.00000
0.00000 0.89834 1.00000 1.00000 1.00000 1.00000 1.00000 1.00000 1.00000 1.00000 0.96735 0.82299 0.21150 0.62806 0.21650 0.19598 0.17501 0.14418 0.29139 0.33510 0.50938 0.53775 0.52898 0.21684 0.21763
0.45557 1.00000 0.96239 1.00000 0.97018 1.00000 0.97018 1.00000 0.98451 1.00000 0.97764 0.82257 0.21123 0.68174 0.21851 0.20154 0.18323 0.15519 0.15224 0.15233 0.19132 0.35694 0.20299 0.20270 0.20427
0.00000 0.89834 1.00000 1.00000 1.00000 1.00000 1.00000 1.00000 1.00000 1.00000 0.96735 0.82647 0.20402 0.75842 0.28935 0.27735 0.17040 0.14706 0.30092 0.32294 0.16516 0.15219 0.00000 0.00000 0.00000
0.45557 1.00000 0.96239 1.00000 0.97018 1.00000 0.97018 1.00000 0.98451 1.00000 0.97764 0.90276 0.65296 0.43146 0.23680 0.55223 0.52181 0.12054 0.06549 0.50479 0.34786 0.00000 0.00000 0.00000 0.00000
0.00000 0.89834 1.00000 1.00000 1.00000 1.00000 1.00000 1.00000 1.00000 1.00000 0.96735 0.85911 0.67316 0.42383 0.37342 0.60121 0.55378 0.30940 0.00000 0.43107 0.28706 0.00000 0.00000 0.00000 0.00000
0.45557 1.00000 0.98026 1.00000 0.98451 1.00000 0.98451 1.00000 1.00000 1.00000 1.00000 0.81549 0.19474 0.43171 0.24608 0.22025 0.19472 0.34237 0.37275 0.36668 0.34039 0.32638 0.00000 0.00000 0.00000
0.00000 0.95852 1.00000 1.00000 1.00000 1.00000 1.00000 1.00000 1.00000 1.00000 0.96094 0.85094 0.21163 0.16062 0.26254 0.23453 0.36848 0.34993 0.38039 0.38497 0.35737 0.00000 0.00000 0.00000 0.00000
0.52806 1.00000 0.97159 1.00000 0.97764 0.96735 0.97764 0.96735 1.00000 0.96094 1.00000 0.46861 0.22682 0.00000 0.00000 0.24474 0.37708 0.23346 0.00000 0.35487 0.35643 0.00000 0.00000 0.00000 0.00000
0.00000 0.53470 1.00000 0.92675 0.90428 0.89061 0.90428 0.89061 0.90428 0.95503 0.52318 0.55026 0.00000 0.00000 0.00000 0.00000 0.21979 0.00000 0.00000 0.00000 0.00000 0.00000 0.00000 0.00000 0.00000
0.00000 0.00000 0.00000 0.00000 0.00000 0.00000 0.00000 0.00000 0.00000 0.00000 0.00000 0.00000 0.00000 0.00000 0.00000 0.00000 0.00000 0.00000 0.00000 0.00000 0.00000 0.00000 0.00000 0.00000 0.00000
