# name=two_districts field=200x200 stride=8
25 25
0.00000 0.33333 0.54838 0.56773 0.87825 0.87575 0.87825 0.87575 0.87825 0.55897 0.45694 0.19034 0.36867 0.37743 0.91138 0.78984 0.82515 0.83240 0.89651 0.90000 0.50839 0.85468 0.88855 0.94488 0.51175
0.33333 0.52211 1.00000 0.93792 1.00000 0.98200 1.00000 0.98200 1.00000 0.95852 0.87156 0.37026 0.71178 0.72083 0.88306 0.88647 0.92150 0.91489 0.89288 0.88472 0.85120 0.91702 0.88732 0.89309 0.89839
0.54838 1.00000 0.95276 1.00000 0.97174 1.00000 0.97174 1.00000 0.98026 1.00000 0.88749 0.74056 0.84525 0.78316 0.86223 0.86631 0.91053 0.91314 0.93134 0.89973 0.86051 0.92535 0.89472 0.87861 0.86175
0.56773 0.93792 1.00000 1.00000 1.00000 1.00000 1.00000 1.00000 1.00000 1.00000 0.95021 0.83721 0.80452 0.85001 0.88625 0.89930 0.91703 0.91095 0.93264 0.92661 0.94182 0.91122 0.91861 0.89741 0.87190
0.87825 1.00000 0.97174 1.00000 0.98851 1.00000 0.98851 1.00000 0.98816 1.00000 0.93800 0.81790 0.78178 0.83376 0.90670 0.90835 0.92365 0.94017 0.92143 0.92029 0.92753 0.92682 0.91116 0.90651 0.79021
0.87575 0.98200 1.00000 1.00000 1.00000 1.00000 1.00000 1.00000 1.00000 1.00000 0.91652 0.84389 0.67125 0.85124 0.93860 0.93897 0.92456 0.92904 0.92833 0.94016 0.93105 0.93429 0.92328 0.89999 0.91177
0.87825 1.00000 0.97174 1.00000 0.98851 1.00000 0.98851 1.00000 0.98816 1.00000 0.92603 0.76978 0.72319 0.82645 0.93834 0.93850 0.93845 0.93863 0.92331 0.92780 0.90962 0.94151 0.92297 0.91995 0.88635
0.87575 0.98200 1.00000 1.00000 1.00000 1.00000 1.00000 1.00000 1.00000 1.00000 0.92861 0.84789 0.69506 0.78042 0.92195 0.91420 0.92991 0.93832 0.93860 0.93938 0.94020 0.92686 0.91575 0.93395 0.92082
0.87825 1.00000 0.97174 1.00000 0.98851 1.00000 0.98851 1.00000 0.98816 1.00000 0.97764 0.86408 0.67499 0.85603 0.88878 0.91925 0.93873 0.93871 0.91937 0.92486 0.94012 0.92657 0.93153 0.88563 0.85894
0.87575 0.98200 1.00000 1.00000 1.00000 1.00000 1.00000 1.00000 1.00000 1.00000 0.95638 0.83542 0.76148 0.87533 0.90008 0.93248 0.93942 0.93943 0.93972 0.94023 0.91593 0.92314 0.90025 0.89155 0.89403
0.87825 1.00000 0.97174 1.00000 0.98851 1.00000 0.98851 1.00000 0.98816 1.00000 0.94984 0.79691 0.74387 0.85420 0.91232 0.94014 0.94029 0.92500 0.92684 0.94116 0.94134 0.94078 0.91019 0.91244 0.91195
0.87575 0.98200 1.00000 1.00000 1.00000 1.00000 1.00000 1.00000 1.00000 1.00000 0.96981 0.90854 0.73998 0.79680 0.91656 0.94061 0.94110 0.92956 0.94199 0.91844 0.92396 0.92736 0.93128 0.92924 0.89090
0.87825 1.00000 0.97174 1.00000 0.98851 1.00000 0.98851 1.00000 0.98816 1.00000 0.97764 0.85050 0.66467 0.72813 0.86378 0.89678 0.92399 0.92771 0.94254 0.93146 0.94214 0.92167 0.92627 0.91461 0.88671
0.87575 0.98200 1.00000 1.00000 1.00000 1.00000 1.00000 1.00000 1.00000 1.00000 0.93756 0.83930 0.58722 0.86251 0.90327 0.91900 0.92486 0.94192 0.94234 0.92800 0.93129 0.93152 0.92939 0.89459 0.89279
0.87825 1.00000 0.97174 1.00000 0.98851 1.00000 0.98851 1.00000 0.98816 1.00000 0.93544 0.78747 0.69690 0.82108 0.91840 0.93909 0.92766 0.94118 0.92849 0.94205 0.94177 0.94195 0.94209 0.92374 0.92967
0.87575 0.98200 1.00000 1.00000 1.00000 1.00000 1.00000 1.00000 1.00000 1.00000 0.92655 0.82602 0.78573 0.80382 0.93778 0.93906 0.94018 0.94079 0.92675 0.93169 0.92682 0.94106 0.94149 0.94271 0.91500
0.87825 1.00000 0.97174 1.00000 0.98851 1.00000 0.98851 1.00000 0.98816 1.00000 0.97764 0.77516 0.73137 0.80632 0.89830 0.91376 0.93995 0.94066 0.94033 0.94003 0.93964 0.92936 0.94081 0.92699 0.92361
0.87575 0.98200 1.00000 1.00000 1.00000 1.00000 1.00000 1.00000 1.00000 1.00000 0.97224 0.84334 0.67944 0.78259 0.88673 0.87299 0.92509 0.94074 0.92598 0.93909 0.93872 0.93912 0.92535 0.89668 0.88211
0.87825 1.00000 0.97174 1.00000 0.98851 1.00000 0.98851 1.00000 0.98816 1.00000 0.94389 0.81626 0.45695 0.82817 0.89878 0.94181 0.94136 0.94060 0.93978 0.93890 0.91410 0.92246 0.93251 0.91410 0.92239
0.87575 0.98200 1.00000 1.00000 1.00000 1.00000 1.00000 1.00000 1.00000 1.00000 0.93048 0.83195 0.71107 0.82823 0.91839 0.94225 0.94193 0.94126 0.93987 0.93919 0.92732 0.93896 0.90706 0.94080 0.84059
0.87825 1.00000 0.98026 1.00000 0.98816 1.00000 0.98816 1.00000 1.00000 1.00000 0.96556 0.84838 0.67805 0.80195 0.92941 0.92521 0.94218 0.92595 0.94051 0.93986 0.92477 0.93958 0.92113 0.91413 0.87691
0.55897 0.95852 1.00000 1.00000 1.00000 1.00000 1.00000 1.00000 1.00000 1.00000 0.96094 0.87706 0.65199 0.76730 0.87519 0.89745 0.93226 0.92977 0.94127 0.92449 0.94046 0.92056 0.92572 0.90697 0.90299
0.55526 1.00000 0.97159 1.00000 0.97764 0.97224 0.97764 0.97224 1.00000 0.96094 1.00000 0.65546 0.71422 0.84092 0.90816 0.90840 0.94340 0.92736 0.94214 0.94162 0.92982 0.92928 0.90675 0.88947 0.85558
0.33333 0.54665 1.00000 0.94236 0.93486 0.98070 0.93486 0.98070 0.93486 0.95503 0.66513 0.60286 0.42185 0.89409 0.91651 0.91331 0.94426 0.93180 0.90025 0.93334 0.93246 0.89762 0.87263 0.84680 0.79950
0.00000 0.33333 0.33333 0.56773 0.57059 0.56773 0.57059 0.56773 0.57059 0.33333 0.53252 0.00000 0.45583 0.94493 0.94564 0.90783 0.84421 0.91615 0.88035 0.91610 0.90213 0.90980 0.85844 0.79781 0.71246
