# name=organic_walks field=200x200 stride=8
25 25
0.00000 0.00000 0.00000 0.00000 0.00000 0.00000 0.13544 0.02848 0.00000 0.09304 0.09164 0.00000 0.00000 0.00000 0.00000 0.00000 0.00000 0.00000 0.00000 0.00000 0.00000 0.00000 0.00000 0.00000 0.00000
0.00000 0.00000 0.00000 0.00000 0.00000 0.13032 0.13094 0.13945 0.14392 0.14303 0.09210 0.09561 0.00000 0.00000 0.00000 0.00000 0.00000 0.00000 0.00000 0.00000 0.00000 0.00000 0.00000 0.00000 0.00000
0.00000 0.00000 0.00000 0.00000 0.16113 0.13787 0.13459 0.25831 0.13187 0.13354 0.15037 0.09846 0.00000 0.00000 0.00000 0.00000 0.00000 0.00000 0.00000 0.03277 0.02965 0.00000 0.00000 0.00000 0.00000
0.00000 0.00000 0.00000 0.14770 0.15259 0.14270 0.14456 0.24864 0.12296 0.17118 0.20475 0.23672 0.19970 0.27946 0.07858 0.01548 0.04491 0.05280 0.00000 0.02918 0.02735 0.07709 0.03920 0.03842 0.03764
0.00000 0.00000 0.00000 0.14135 0.14653 0.15042 0.15691 0.38470 0.26170 0.27093 0.19393 0.08551 0.27335 0.23802 0.22057 0.04415 0.04324 0.04932 0.05659 0.02518 0.04872 0.06096 0.03585 0.03530 0.03485
0.00000 0.00000 0.02576 0.02134 0.12314 0.02595 0.14920 0.36442 0.23531 0.40063 0.42132 0.07204 0.37231 0.39735 0.24689 0.04524 0.04410 0.05379 0.02480 0.00000 0.10097 0.11652 0.14017 0.02702 0.02805
0.00000 0.00000 0.02388 0.02036 0.09846 0.12090 0.13108 0.02287 0.37703 0.37319 0.14120 0.21778 0.35862 0.36440 0.43011 0.18171 0.15188 0.02269 0.02601 0.00000 0.11307 0.13302 0.02475 0.02560 0.02687
0.00000 0.02448 0.02788 0.03135 0.03588 0.28196 0.27610 0.18006 0.23152 0.04857 0.13599 0.21222 0.21748 0.22796 0.25139 0.06720 0.05712 0.02003 0.01611 0.14453 0.22475 0.38941 0.14156 0.06661 0.06583
0.03084 0.03122 0.03245 0.08538 0.08559 0.16408 0.18164 0.20776 0.07586 0.06558 0.05663 0.05762 0.23414 0.25887 0.14404 0.06792 0.05445 0.04171 0.20447 0.14165 0.40295 0.15276 0.14637 0.13820 0.05999
0.03150 0.03089 0.03102 0.07507 0.07663 0.29416 0.17817 0.53447 0.16442 0.22990 0.36754 0.33319 0.10331 0.40738 0.39638 0.13285 0.23076 0.28932 0.08353 0.14186 0.12798 0.19011 0.14327 0.13603 0.14256
0.03274 0.03176 0.03101 0.31675 0.23524 0.27954 0.51165 0.54176 0.52851 0.50713 0.32471 0.15910 0.14165 0.21121 0.20093 0.10414 0.14988 0.06298 0.06087 0.02328 0.33993 0.40358 0.40449 0.38255 0.36922
0.00000 0.02728 0.02534 0.31050 0.37427 0.45541 0.19805 0.18725 0.56121 0.55269 0.19454 0.19994 0.19760 0.35479 0.16488 0.15804 0.14214 0.05932 0.21912 0.20170 0.33030 0.38233 0.38989 0.35408 0.05570
0.00000 0.00000 0.00000 0.29758 0.37138 0.20072 0.32573 0.19299 0.16059 0.31363 0.20975 0.18730 0.17185 0.09283 0.17004 0.11070 0.13651 0.36474 0.36158 0.35685 0.33100 0.32693 0.33990 0.13362 0.02093
0.00000 0.00000 0.00000 0.24058 0.43257 0.47080 0.45124 0.24553 0.41151 0.28338 0.28299 0.16184 0.15385 0.28580 0.17256 0.37310 0.37857 0.37849 0.36397 0.31318 0.20361 0.37153 0.19123 0.13921 0.02570
0.00000 0.00000 0.20342 0.27814 0.27955 0.25785 0.24592 0.19863 0.20152 0.25904 0.27080 0.15225 0.14145 0.29134 0.36096 0.39434 0.38893 0.35959 0.36721 0.22021 0.18784 0.21448 0.02549 0.02788 0.03443
0.00000 0.00000 0.05849 0.05962 0.26986 0.35374 0.23447 0.14651 0.37652 0.03503 0.26690 0.06595 0.14867 0.13922 0.42358 0.42115 0.41062 0.37958 0.41066 0.44887 0.40353 0.32285 0.02515 0.02844 0.03356
0.00000 0.00000 0.05061 0.05540 0.23793 0.23574 0.14521 0.17543 0.17288 0.08643 0.08552 0.06710 0.05252 0.05602 0.25285 0.06919 0.25039 0.08728 0.33041 0.23109 0.20830 0.40549 0.09852 0.10015 0.02889
0.00000 0.00000 0.10099 0.20516 0.23297 0.13575 0.14154 0.17854 0.17838 0.10449 0.07102 0.05115 0.04440 0.04229 0.02254 0.38165 0.33958 0.07542 0.27368 0.34461 0.38413 0.38632 0.18511 0.03185 0.03171
0.00000 0.00000 0.02529 0.19207 0.19100 0.37375 0.14698 0.15908 0.27967 0.09366 0.06851 0.02107 0.04775 0.01597 0.12306 0.13212 0.27439 0.28180 0.33823 0.38272 0.22921 0.26202 0.29801 0.03190 0.03211
0.00000 0.00000 0.00000 0.19993 0.19264 0.20924 0.50363 0.44921 0.22078 0.22579 0.15129 0.05832 0.05179 0.02752 0.32878 0.32850 0.34423 0.40238 0.19813 0.23410 0.37924 0.25665 0.29446 0.07391 0.03409
0.00000 0.00000 0.00000 0.00000 0.05832 0.20640 0.14275 0.05173 0.19068 0.20976 0.13816 0.05995 0.13963 0.14801 0.13962 0.22737 0.38985 0.36084 0.36541 0.24761 0.28060 0.07068 0.07770 0.03693 0.00000
0.00000 0.00000 0.00000 0.00000 0.07527 0.15462 0.16073 0.20680 0.19939 0.20902 0.14713 0.14997 0.12667 0.12987 0.44551 0.19974 0.20799 0.35589 0.36270 0.21525 0.28913 0.07291 0.03587 0.03640 0.00000
0.00000 0.00000 0.00000 0.00000 0.03256 0.02890 0.18778 0.23534 0.06909 0.05922 0.06612 0.16445 0.13694 0.13370 0.02990 0.20609 0.06638 0.23355 0.22594 0.07021 0.03666 0.06700 0.03612 0.03600 0.00000
0.00000 0.00000 0.00000 0.00000 0.03049 0.03011 0.00000 0.09476 0.07388 0.06535 0.07032 0.07905 0.07207 0.03309 0.03380 0.03081 0.06997 0.06433 0.22814 0.03652 0.03634 0.03683 0.00000 0.00000 0.00000
0.00000 0.00000 0.00000 0.00000 0.00000 0.00000 0.00000 0.00000 0.08332 0.07609 0.08074 0.00000 0.00000 0.03320 0.00000 0.03083 0.02948 0.03005 0.03246 0.00000 0.00000 0.00000 0.00000 0.00000 0.00000
