# name=grid_streets_w7 field=200x200 stride=8
25 25
0.00000 0.00000 0.00000 0.00000 0.00000 0.00000 0.00000 0.00000 0.00000 0.00000 0.00000 0.00000 0.00000 0.00000 0.00000 0.22111 0.29757 0.56811 0.61804 0.64615 0.66667 0.66667 0.66667 0.66667 0.44444
0.00000 0.35551 1.00000 0.94945 0.91428 0.93221 0.91428 0.94945 0.93705 0.93004 0.95488 1.00000 0.93178 0.92246 0.94352 1.00000 0.94107 0.98096 1.00000 0.97666 1.00000 1.00000 1.00000 1.00000 1.00000
0.00000 1.00000 1.00000 1.00000 1.00000 0.94432 1.00000 1.00000 1.00000 1.00000 0.96318 1.00000 0.94395 1.00000 1.00000 1.00000 1.00000 0.98427 1.00000 0.98107 1.00000 1.00000 1.00000 1.00000 1.00000
0.00000 0.94945 1.00000 1.00000 0.96378 0.95400 0.96378 1.00000 1.00000 1.00000 1.00000 0.96366 0.97312 0.96401 1.00000 1.00000 0.97174 1.00000 1.00000 1.00000 1.00000 1.00000 1.00000 1.00000 1.00000
0.00000 0.91428 1.00000 0.96378 1.00000 0.95106 1.00000 0.96378 1.00000 1.00000 0.96775 1.00000 0.95073 1.00000 0.95942 1.00000 1.00000 0.98613 1.00000 0.98348 1.00000 1.00000 1.00000 1.00000 1.00000
0.00000 0.93221 0.94432 0.95400 0.95106 1.00000 0.95106 0.95400 0.95241 0.95181 0.95498 0.95090 0.95606 0.95136 0.95314 0.95858 0.96164 1.00000 1.00000 1.00000 1.00000 1.00000 1.00000 1.00000 0.66667
0.00000 0.91428 1.00000 0.96378 1.00000 0.95106 1.00000 0.96378 1.00000 1.00000 0.96775 1.00000 0.95073 1.00000 0.95942 1.00000 1.00000 0.98613 1.00000 0.98348 1.00000 1.00000 1.00000 1.00000 1.00000
0.00000 0.94945 1.00000 1.00000 0.96378 0.95400 0.96378 1.00000 1.00000 1.00000 1.00000 0.96366 0.97312 0.96401 1.00000 1.00000 0.97174 1.00000 1.00000 1.00000 1.00000 1.00000 1.00000 1.00000 1.00000
0.00000 0.93705 1.00000 1.00000 1.00000 0.95241 1.00000 1.00000 1.00000 1.00000 0.96866 1.00000 0.95209 1.00000 1.00000 1.00000 1.00000 0.98651 1.00000 0.98396 1.00000 1.00000 1.00000 1.00000 1.00000
0.00000 0.93004 1.00000 1.00000 1.00000 0.95181 1.00000 1.00000 1.00000 1.00000 0.96826 1.00000 0.95149 1.00000 1.00000 1.00000 1.00000 0.98634 1.00000 0.98375 1.00000 1.00000 1.00000 1.00000 1.00000
0.00000 0.95488 0.96318 1.00000 0.96775 0.95498 0.96775 1.00000 0.96866 0.96826 1.00000 0.96764 1.00000 0.96795 1.00000 1.00000 0.97487 1.00000 1.00000 1.00000 1.00000 1.00000 1.00000 1.00000 1.00000
0.00000 1.00000 1.00000 0.96366 1.00000 0.95090 1.00000 0.96366 1.00000 1.00000 0.96764 1.00000 0.95058 1.00000 0.95929 1.00000 1.00000 0.98609 1.00000 0.98342 1.00000 1.00000 1.00000 1.00000 1.00000
0.00000 0.93178 0.94395 0.97312 0.95073 0.95606 0.95073 0.97312 0.95209 0.95149 1.00000 0.95058 1.00000 0.95104 0.97261 0.97587 0.96139 1.00000 1.00000 1.00000 1.00000 1.00000 1.00000 1.00000 1.00000
0.00000 0.92246 1.00000 0.96401 1.00000 0.95136 1.00000 0.96401 1.00000 1.00000 0.96795 1.00000 0.95104 1.00000 1.00000 1.00000 1.00000 0.98622 1.00000 0.98359 1.00000 1.00000 1.00000 1.00000 1.00000
0.00000 0.94352 1.00000 1.00000 0.95942 0.95314 0.95942 1.00000 1.00000 1.00000 1.00000 0.95929 0.97261 1.00000 1.00000 1.00000 1.00000 1.00000 1.00000 1.00000 1.00000 1.00000 1.00000 1.00000 1.00000
0.22111 1.00000 1.00000 1.00000 1.00000 0.95858 1.00000 1.00000 1.00000 1.00000 1.00000 1.00000 0.97587 1.00000 1.00000 1.00000 1.00000 1.00000 1.00000 1.00000 1.00000 1.00000 1.00000 1.00000 1.00000
0.29757 0.94107 1.00000 0.97174 1.00000 0.96164 1.00000 0.97174 1.00000 1.00000 0.97487 1.00000 0.96139 1.00000 1.00000 1.00000 1.00000 0.98908 1.00000 0.98719 1.00000 1.00000 1.00000 1.00000 1.00000
0.56811 0.98096 0.98427 1.00000 0.98613 1.00000 0.98613 1.00000 0.98651 0.98634 1.00000 0.98609 1.00000 0.98622 1.00000 1.00000 0.98908 1.00000 1.00000 1.00000 1.00000 1.00000 1.00000 1.00000 1.00000
0.61804 1.00000 1.00000 1.00000 1.00000 1.00000 1.00000 1.00000 1.00000 1.00000 1.00000 1.00000 1.00000 1.00000 1.00000 1.00000 1.00000 1.00000 1.00000 1.00000 1.00000 1.00000 1.00000 1.00000 1.00000
0.64615 0.97666 0.98107 1.00000 0.98348 1.00000 0.98348 1.00000 0.98396 0.98375 1.00000 0.98342 1.00000 0.98359 1.00000 1.00000 0.98719 1.00000 1.00000 1.00000 1.00000 1.00000 1.00000 1.00000 1.00000
0.66667 1.00000 1.00000 1.00000 1.00000 1.00000 1.00000 1.00000 1.00000 1.00000 1.00000 1.00000 1.00000 1.00000 1.00000 1.00000 1.00000 1.00000 1.00000 1.00000 1.00000 1.00000 1.00000 1.00000 1.00000
0.66667 1.00000 1.00000 1.00000 1.00000 1.00000 1.00000 1.00000 1.00000 1.00000 1.00000 1.00000 1.00000 1.00000 1.00000 1.00000 1.00000 1.00000 1.00000 1.00000 1.00000 1.00000 1.00000 1.00000 1.00000
0.66667 1.00000 1.00000 1.00000 1.00000 1.00000 1.00000 1.00000 1.00000 1.00000 1.00000 1.00000 1.00000 1.00000 1.00000 1.00000 1.00000 1.00000 1.00000 1.00000 1.00000 1.00000 1.00000 1.00000 1.00000
0.66667 1.00000 1.00000 1.00000 1.00000 1.00000 1.00000 1.00000 1.00000 1.00000 1.00000 1.00000 1.00000 1.00000 1.00000 1.00000 1.00000 1.00000 1.00000 1.00000 1.00000 1.00000 1.00000 1.00000 1.00000
0.44444 1.00000 1.00000 1.00000 1.00000 0.66667 1.00000 1.00000 1.00000 1.00000 1.00000 1.00000 1.00000 1.00000 1.00000 1.00000 1.00000 1.00000 1.00000 1.00000 1.00000 1.00000 1.00000 1.00000 0.44444
