# name=grid_mixed_sizes field=200x200 stride=8
25 25
0.00000 0.00000 0.00000 0.00000 0.00000 0.00000 0.00000 0.00000 0.30949 0.00000 0.00000 0.00000 0.00000 0.00000 0.00000 0.00000 0.26704 0.85548 0.95137 1.00000 1.00000 0.66667 0.66667 0.66667 0.44444
0.00000 0.00000 0.00000 0.00000 0.00000 0.00000 0.43958 0.46552 0.46219 0.26747 0.66565 0.00000 0.31832 0.00000 0.29628 0.32340 0.28073 0.85286 0.95236 0.98347 1.00000 1.00000 1.00000 0.66667 0.44444
0.00000 0.00000 0.36738 0.00000 0.12480 0.22424 0.42848 0.44307 0.79567 0.72782 0.83301 0.83529 0.96000 0.90449 0.81631 0.74351 0.96810 0.90662 0.95517 0.98184 1.00000 1.00000 1.00000 1.00000 0.66667
0.00000 0.36738 0.91961 0.87022 0.81550 0.69399 0.73824 0.76701 0.79940 0.79641 0.84152 0.90306 0.92175 0.88617 0.97189 0.96239 0.90823 0.96083 0.97370 0.97954 1.00000 1.00000 1.00000 1.00000 0.66667
0.00000 0.30141 0.91200 0.86533 0.78726 0.75826 0.73513 0.86731 0.77592 0.77359 0.81849 0.90817 0.91728 0.91962 0.91221 0.89622 0.92400 0.92789 0.96082 0.98006 0.98543 1.00000 1.00000 1.00000 0.66667
0.00000 0.31754 0.98460 0.97246 0.89753 0.82309 0.91697 0.81733 0.71648 0.86032 0.81102 0.48022 0.95187 0.93258 0.85486 0.90196 0.89238 0.91329 0.95261 0.97031 0.97348 0.98193 1.00000 1.00000 0.66667
0.30191 0.90179 0.96922 0.97149 0.94836 0.89053 0.87936 0.85723 0.75607 0.78585 0.79742 0.84418 0.84449 0.84888 0.90269 0.89033 0.90699 0.93235 0.94829 0.96456 0.96398 0.97388 0.98992 1.00000 0.66667
0.00000 1.00000 1.00000 1.00000 0.98643 0.90108 0.85660 0.91122 0.81146 0.85164 0.91134 0.85311 0.85740 0.89407 0.92932 0.91694 0.92039 0.91677 0.95251 0.96240 0.96184 0.97917 0.98452 1.00000 0.66667
0.29144 1.00000 1.00000 0.97664 0.94322 0.90576 0.86169 0.77226 0.85485 0.84038 0.91796 0.91544 0.83396 0.89452 0.90674 0.94814 0.94839 0.95211 0.95655 0.96353 0.96240 0.97690 0.98390 0.66667 0.66667
0.31195 0.96028 1.00000 0.91888 0.84254 0.91876 0.77048 0.76337 0.78325 0.82706 0.76371 0.78485 0.86856 0.93392 0.88889 0.91026 0.96932 0.97216 0.98024 0.97379 0.97989 0.98021 0.98460 0.66667 0.66667
0.00000 0.93671 0.93123 0.82504 0.76816 0.83619 0.76233 0.27011 0.75677 0.77420 0.28448 0.74412 0.81438 0.87558 0.79361 0.86552 0.98049 0.97874 1.00000 0.97306 0.98614 0.98737 1.00000 0.66667 0.66667
0.00000 0.45907 0.75744 0.68838 0.63790 0.66531 0.48119 0.28963 0.47369 0.45144 0.47954 0.47513 0.80658 0.83020 0.80995 0.73508 0.87899 0.95042 0.96785 1.00000 0.99364 1.00000 1.00000 1.00000 0.44444
0.00000 0.00000 0.23056 0.18550 0.00000 0.39850 0.88977 0.92815 0.89036 0.82092 0.84095 0.79009 0.72149 0.67378 0.67683 0.90543 0.74483 0.90923 0.97303 1.00000 1.00000 1.00000 1.00000 1.00000 1.00000
0.00000 0.00000 0.00000 0.13779 0.14923 0.85145 0.84559 0.91951 0.88319 0.81307 0.80551 0.81585 0.86637 0.65796 0.73144 0.75757 0.85857 0.86476 0.95806 0.98620 0.98694 0.99097 1.00000 1.00000 1.00000
0.00000 0.00000 0.00000 0.10609 0.18311 0.49528 0.88456 0.86594 0.74999 0.78545 0.74371 0.76167 0.88297 0.85194 0.89739 0.91476 0.91935 0.94378 0.96322 0.96343 0.97612 0.98548 0.98731 1.00000 0.66667
0.00000 0.00000 0.12480 0.40921 0.11055 0.22848 0.00000 0.42434 0.38207 0.69979 0.74674 0.87759 0.94477 0.92645 0.94955 0.94437 0.92591 0.92190 0.96405 0.95326 0.97426 0.97403 0.65193 0.65193 0.66667
0.00000 0.27196 0.27196 0.48790 0.44393 0.82095 0.46015 0.80622 0.79281 0.81790 0.82206 0.91450 0.92982 0.95018 0.95134 0.95049 0.95695 0.96543 0.96857 0.96937 0.96930 0.97005 0.64796 0.64796 0.64461
0.35283 0.35283 0.35283 0.57076 0.87141 0.89124 0.85801 0.88393 0.88158 0.87394 0.90680 0.95193 0.95835 0.95716 0.97151 0.97075 0.97544 0.97698 0.97759 0.97457 0.97229 0.97573 0.64671 0.64517 0.64517
0.39753 0.39753 0.90726 0.39753 0.93816 0.96254 0.95910 0.95618 0.95216 0.93146 0.91322 0.98533 0.97190 0.98027 0.98118 0.98633 0.98502 0.97605 0.98612 0.98444 0.98604 0.98242 0.65215 0.65215 0.66667
1.00000 0.96648 0.96359 0.96974 0.97566 1.00000 1.00000 1.00000 1.00000 0.97850 0.97263 0.98503 0.99059 0.99063 0.99106 0.99324 0.99146 0.98451 1.00000 0.99567 0.99303 0.99035 0.65852 0.66667 0.66667
1.00000 1.00000 1.00000 1.00000 1.00000 1.00000 1.00000 1.00000 1.00000 1.00000 0.98046 0.97298 1.00000 1.00000 1.00000 1.00000 0.99417 0.98922 0.99615 1.00000 1.00000 1.00000 0.66667 0.66667 0.44444
1.00000 1.00000 1.00000 1.00000 1.00000 1.00000 1.00000 1.00000 1.00000 1.00000 1.00000 0.99270 0.65486 0.98597 0.98557 0.99068 0.99603 1.00000 1.00000 1.00000 1.00000 1.00000 0.44444 0.44444 0.44444
0.44444 1.00000 1.00000 1.00000 1.00000 1.00000 1.00000 1.00000 1.00000 1.00000 1.00000 1.00000 1.00000 1.00000 1.00000 1.00000 1.00000 1.00000 1.00000 1.00000 1.00000 1.00000 0.44444 0.44444 0.44444
0.44444 0.44444 0.66667 0.66667 0.66667 0.66667 0.66667 1.00000 1.00000 1.00000 1.00000 1.00000 0.66667 1.00000 1.00000 1.00000 1.00000 1.00000 1.00000 1.00000 1.00000 1.00000 0.44444 0.44444 0.00000
0.44444 0.44444 0.66667 0.66667 0.66667 0.66667 0.66667 0.66667 1.00000 1.00000 1.00000 0.66667 0.66667 1.00000 1.00000 1.00000 0.66667 0.66667 0.66667 1.00000 1.00000 0.44444 0.44444 0.00000 0.00000
