# name=grid_nonrect_buildings field=200x200 stride=8
25 25
0.00000 0.00000 0.00000 0.00000 0.00000 0.00000 0.00000 0.00000 0.00000 0.00000 0.00000 0.00000 0.00000 0.00000 0.07339 0.10015 0.12399 0.47768 0.54500 0.58978 0.61781 0.64407 0.64582 0.43254 0.43254
0.00000 0.35640 0.33517 0.95774 0.31536 0.31313 0.31005 0.32426 0.99402 0.31608 0.31087 0.29960 0.30789 0.28995 0.47763 0.49791 0.83887 0.90449 0.93721 0.88862 0.92592 0.96665 0.96915 0.97090 0.43254
0.00000 0.33748 0.95086 0.95284 0.90146 0.91894 0.94487 0.98612 0.95789 0.91877 0.91709 0.92194 0.95176 0.91331 0.89372 0.91186 0.96002 0.96023 0.94208 0.95881 0.93058 0.96177 0.96586 0.97110 0.64881
0.00000 0.94408 0.94519 0.94659 0.95636 0.96570 0.97713 0.98153 0.98400 0.97525 0.96913 0.93216 0.95700 0.92815 0.95550 0.96042 0.96343 0.96367 0.94788 0.95835 0.95788 0.95951 0.96435 0.97146 0.64881
0.00000 0.29788 0.94511 0.94576 0.95377 0.96390 0.94441 0.93053 0.95271 0.97457 0.96895 0.93698 0.92027 0.93178 0.96233 0.96595 0.96749 0.96675 0.95080 0.95935 0.95630 0.95565 0.95838 0.96163 0.64348
0.00000 0.29702 0.88881 0.94759 0.95509 0.96502 0.94508 0.93626 0.95334 0.97632 0.97077 0.93838 0.92365 0.93633 0.96570 0.96868 0.96859 0.96916 0.95161 0.95851 0.95532 0.95267 0.95425 0.95447 0.63645
0.00000 0.29992 0.91501 0.92321 0.93538 0.94264 0.92610 0.95481 0.98475 0.95213 0.94896 0.93992 0.93673 0.94583 0.94233 0.94683 0.97022 0.96747 0.95421 0.96035 0.95582 0.95209 0.95036 0.63301 0.63078
0.00000 0.31071 0.95434 0.95533 0.91242 0.93066 0.94691 0.97989 0.95751 0.97742 0.93179 0.94077 0.96953 0.94352 0.92532 0.93397 0.96749 0.96627 0.95232 0.96185 0.93566 0.95448 0.95175 0.94959 0.63133
0.00000 0.29314 0.92034 0.92997 0.93465 0.93913 0.92193 0.95057 0.95444 0.94833 0.94657 0.94906 0.94573 0.94888 0.94131 0.94282 0.96662 0.96666 0.95432 0.96284 0.96115 0.95937 0.95636 0.63227 0.63207
0.00000 0.30472 0.88832 0.95164 0.95557 0.91428 0.93139 0.96581 0.94218 0.96896 0.96969 0.94118 0.97039 0.94722 0.97160 0.96887 0.96586 0.96513 0.95355 0.96631 0.96667 0.96542 0.96256 0.96034 0.63924
0.00000 0.30191 0.90020 0.94846 0.90911 0.94932 0.92239 0.91254 0.93457 0.96307 0.96395 0.93960 0.92099 0.94728 0.97298 0.96995 0.96648 0.96545 0.95368 0.96858 0.96904 0.96942 0.96806 0.96688 0.64409
0.00000 0.90688 0.91115 0.94797 0.91877 0.91749 0.92163 0.92277 0.90703 0.93194 0.93506 0.90379 0.93648 0.94160 0.94940 0.95000 0.96922 0.96785 0.96541 0.96625 0.96838 0.97487 0.97534 0.65074 0.64881
0.00000 0.30957 0.95152 0.95105 0.90209 0.91061 0.91514 0.95066 0.92968 0.91569 0.92141 0.93108 0.96273 0.93943 0.92380 0.93796 0.97020 0.96731 0.95381 0.96526 0.94536 0.97180 0.97477 0.97918 0.65327
0.00000 0.91282 0.91925 0.95408 0.92441 0.92310 0.95341 0.92486 0.93628 0.93419 0.93449 0.90993 0.93393 0.95279 0.94127 0.94973 0.97006 0.96842 0.96517 0.96548 0.96679 0.97042 0.97593 0.65740 0.65752
0.08048 0.48643 0.90313 0.96435 0.96659 0.93002 0.94104 0.92010 0.94508 0.96762 0.96897 0.94071 0.92171 0.94134 0.96930 0.97259 0.97380 0.96996 0.95848 0.96914 0.97301 0.97755 0.98195 0.98764 0.66231
0.10647 0.50299 0.92900 0.97073 0.94413 0.97557 0.95256 0.94007 0.94997 0.97148 0.97294 0.94738 0.93418 0.95261 0.97532 0.97704 0.97528 0.97543 0.96273 0.97536 0.97901 0.98368 0.98908 0.99201 0.66667
0.12811 0.84910 0.96879 0.97683 0.98067 0.98150 0.97749 0.97363 0.97350 0.97463 0.97659 0.97427 0.97554 0.96254 0.98067 0.97963 0.98187 0.97946 0.97937 0.97945 0.98317 0.98545 0.98726 0.99125 0.66667
0.47821 0.91167 0.97069 0.97607 0.98025 0.98084 0.97619 0.97378 0.97252 0.97605 0.97506 0.97620 0.97668 0.97800 0.97850 0.98356 0.98264 0.98012 0.98009 0.98189 0.97882 0.98036 0.98044 0.98264 0.65372
0.54433 0.94611 0.95224 0.96051 0.96404 0.96400 0.96011 0.95639 0.95793 0.96074 0.96129 0.96111 0.95999 0.97387 0.96624 0.96982 0.98453 0.98254 0.98210 0.97711 0.97464 0.97314 0.97115 0.97073 0.64413
0.59019 0.89619 0.96835 0.96821 0.96885 0.96868 0.96978 0.97201 0.97302 0.97355 0.97153 0.96816 0.96691 0.96556 0.97172 0.97410 0.97547 0.97729 0.97566 0.97187 0.96848 0.96235 0.95866 0.95424 0.63607
0.61847 0.93286 0.93615 0.96293 0.95273 0.96269 0.96503 0.95837 0.97370 0.96092 0.97018 0.96517 0.93488 0.95682 0.96084 0.96474 0.96838 0.96820 0.97062 0.96541 0.96225 0.95665 0.95095 0.94793 0.63141
0.64361 0.96234 0.95999 0.95687 0.95561 0.95573 0.95836 0.96602 0.97176 0.97223 0.96850 0.96009 0.95282 0.94465 0.94957 0.95331 0.95845 0.96100 0.96257 0.96081 0.95763 0.95268 0.94886 0.62823 0.62823
0.64534 0.96269 0.95953 0.95464 0.95257 0.95286 0.95694 0.96442 0.97057 0.97357 0.96858 0.95929 0.95256 0.94555 0.93979 0.94597 0.94987 0.95349 0.95781 0.96103 0.95686 0.95642 0.95303 0.95028 0.63160
0.43254 0.96355 0.95841 0.95129 0.94997 0.95039 0.95479 0.96222 0.96742 0.97303 0.97021 0.95624 0.94977 0.94092 0.93845 0.93473 0.94252 0.94808 0.95421 0.95709 0.96023 0.95908 0.95603 0.63405 0.42472
0.43254 0.43254 0.63907 0.63363 0.63161 0.62948 0.63472 0.64189 0.64881 0.64664 0.64389 0.64175 0.63480 0.62846 0.62389 0.62145 0.61982 0.62784 0.63362 0.63802 0.64036 0.64175 0.63990 0.42472 0.42472
