# name=grid_variable_rows field=200x200 stride=8
25 25
0.00000 0.00000 0.00000 0.00000 0.00000 0.00000 0.00000 0.00000 0.00000 0.00000 0.00000 0.00000 0.00000 0.00000 0.00000 0.19318 0.27641 0.33117 0.60176 0.63349 0.66667 0.66667 0.66667 0.66667 0.44444
0.00000 0.38253 0.36122 0.32673 0.31613 0.31664 0.30435 0.31171 0.28647 0.30720 0.88706 0.29327 0.87295 0.28649 0.27931 0.48589 0.54045 0.94474 0.89193 0.95454 1.00000 1.00000 1.00000 1.00000 0.44444
0.00000 0.36122 1.00000 1.00000 0.93207 0.94010 0.94195 1.00000 0.91200 1.00000 0.90096 0.97389 0.95882 0.96807 0.96032 1.00000 0.97132 1.00000 0.98194 1.00000 0.98593 1.00000 1.00000 1.00000 1.00000
0.00000 0.32673 1.00000 1.00000 1.00000 1.00000 1.00000 1.00000 0.97503 1.00000 1.00000 0.97962 1.00000 1.00000 1.00000 1.00000 1.00000 1.00000 0.98594 1.00000 1.00000 1.00000 1.00000 1.00000 0.66667
0.00000 0.31613 0.93207 1.00000 1.00000 1.00000 1.00000 1.00000 0.97632 1.00000 1.00000 0.98116 1.00000 0.97690 1.00000 1.00000 1.00000 1.00000 0.98701 1.00000 0.99009 1.00000 1.00000 1.00000 1.00000
0.00000 0.31664 0.94010 1.00000 1.00000 1.00000 1.00000 1.00000 0.97630 1.00000 1.00000 0.98109 1.00000 0.97682 1.00000 1.00000 1.00000 1.00000 0.98696 1.00000 0.99009 1.00000 1.00000 1.00000 1.00000
0.00000 0.30991 0.95737 1.00000 0.96903 0.96891 1.00000 0.97002 1.00000 0.97101 1.00000 0.95452 1.00000 1.00000 1.00000 1.00000 1.00000 1.00000 1.00000 1.00000 1.00000 1.00000 1.00000 1.00000 0.66667
0.00000 0.31960 1.00000 1.00000 1.00000 1.00000 1.00000 1.00000 0.97552 1.00000 0.97119 0.98067 0.96933 0.97630 0.97046 1.00000 0.97874 1.00000 0.98667 1.00000 0.99013 1.00000 1.00000 1.00000 1.00000
0.00000 0.00000 0.96069 0.96918 0.97148 0.97137 1.00000 0.97240 1.00000 0.97332 1.00000 0.97426 1.00000 0.97725 1.00000 1.00000 1.00000 1.00000 1.00000 1.00000 1.00000 1.00000 1.00000 1.00000 0.66667
0.00000 0.32822 0.94210 1.00000 1.00000 1.00000 1.00000 1.00000 0.97421 1.00000 0.96861 0.97939 0.96647 0.97475 0.96758 1.00000 0.97735 1.00000 0.98522 1.00000 0.98920 1.00000 1.00000 1.00000 1.00000
0.00000 0.32417 0.94735 1.00000 1.00000 1.00000 1.00000 1.00000 0.97501 1.00000 0.96958 0.97931 1.00000 0.97467 1.00000 1.00000 0.97682 1.00000 0.98570 1.00000 1.00000 1.00000 1.00000 1.00000 0.66667
0.00000 0.31459 0.96326 0.97122 0.97337 0.97327 0.97562 0.97424 0.95441 0.97509 1.00000 0.95775 1.00000 0.97877 0.97995 0.98163 0.98299 1.00000 0.98659 1.00000 1.00000 1.00000 1.00000 1.00000 0.66667
0.00000 0.33040 1.00000 1.00000 0.94483 0.95147 0.95300 1.00000 0.92811 1.00000 0.91882 0.97906 0.96683 0.97435 0.96805 1.00000 0.97699 1.00000 0.98555 1.00000 0.98846 1.00000 1.00000 1.00000 1.00000
0.00000 0.32673 0.96887 1.00000 0.97749 0.97740 1.00000 0.97822 0.97503 0.97895 1.00000 0.96129 1.00000 0.98208 0.98308 0.98450 0.98565 1.00000 0.98660 1.00000 1.00000 1.00000 1.00000 1.00000 0.66667
0.08329 0.50328 0.94365 1.00000 1.00000 1.00000 1.00000 1.00000 0.97897 1.00000 1.00000 0.98354 1.00000 0.97981 1.00000 1.00000 1.00000 1.00000 0.98828 1.00000 0.99120 1.00000 1.00000 1.00000 1.00000
0.10944 0.52358 0.95471 1.00000 1.00000 1.00000 1.00000 1.00000 0.98170 1.00000 1.00000 0.98535 1.00000 0.98201 1.00000 1.00000 1.00000 1.00000 0.98992 1.00000 0.99239 1.00000 1.00000 1.00000 1.00000
0.45421 0.88337 1.00000 1.00000 1.00000 1.00000 1.00000 1.00000 1.00000 1.00000 1.00000 1.00000 1.00000 1.00000 1.00000 1.00000 1.00000 1.00000 1.00000 1.00000 1.00000 1.00000 1.00000 1.00000 0.66667
0.51390 0.94335 1.00000 1.00000 1.00000 1.00000 1.00000 1.00000 1.00000 1.00000 1.00000 1.00000 1.00000 1.00000 1.00000 1.00000 1.00000 1.00000 1.00000 1.00000 1.00000 1.00000 1.00000 1.00000 1.00000
0.57785 0.92989 0.98205 0.98583 0.98686 0.98681 1.00000 0.98727 1.00000 0.98768 1.00000 0.98872 1.00000 0.98946 1.00000 1.00000 1.00000 1.00000 1.00000 1.00000 1.00000 1.00000 1.00000 1.00000 0.66667
0.61859 0.93468 1.00000 1.00000 1.00000 1.00000 1.00000 1.00000 1.00000 1.00000 1.00000 1.00000 1.00000 1.00000 1.00000 1.00000 1.00000 1.00000 1.00000 1.00000 1.00000 1.00000 1.00000 1.00000 1.00000
0.63929 0.96763 0.97366 1.00000 1.00000 1.00000 1.00000 1.00000 1.00000 1.00000 1.00000 1.00000 1.00000 1.00000 1.00000 1.00000 1.00000 1.00000 1.00000 1.00000 1.00000 1.00000 1.00000 1.00000 0.66667
0.66667 1.00000 1.00000 1.00000 1.00000 1.00000 1.00000 1.00000 1.00000 1.00000 1.00000 1.00000 1.00000 1.00000 1.00000 1.00000 1.00000 1.00000 1.00000 1.00000 1.00000 1.00000 1.00000 1.00000 1.00000
0.66667 1.00000 1.00000 1.00000 1.00000 1.00000 1.00000 1.00000 1.00000 1.00000 1.00000 1.00000 1.00000 1.00000 1.00000 1.00000 1.00000 1.00000 1.00000 1.00000 1.00000 1.00000 1.00000 1.00000 1.00000
0.44444 0.44444 0.66667 0.66667 0.66667 0.66667 0.66667 0.66667 0.66667 0.66667 0.66667 0.66667 0.66667 0.66667 0.66667 0.66667 0.66667 0.66667 0.66667 0.66667 0.66667 0.66667 0.66667 0.66667 0.44444
0.44444 0.44444 0.66667 0.66667 0.66667 0.66667 0.66667 0.66667 0.66667 0.66667 0.66667 0.66667 0.66667 0.66667 0.66667 0.66667 0.66667 0.66667 0.66667 0.66667 0.66667 0.66667 0.66667 0.66667 0.44444
