# name=grid_rotated_30 field=200x200 stride=8
25 25
0.22659 0.25379 0.77675 0.84096 0.84761 0.84776 0.45046 0.78979 0.87372 0.87987 0.45313 0.45360 0.80778 0.80713 0.89267 0.81415 0.85420 0.87396 0.84889 0.87916 0.90427 0.92387 0.92834 0.91244 0.90275
0.24565 0.25862 0.76225 0.82359 0.88284 0.86745 0.86746 0.90105 0.83829 0.88814 0.84800 0.88841 0.80780 0.80039 0.89759 0.83272 0.85912 0.88878 0.88716 0.92253 0.90556 0.92299 0.91241 0.90194 0.88455
0.25087 0.72822 0.83731 0.85450 0.89607 0.86274 0.91921 0.92363 0.88897 0.87385 0.85088 0.89988 0.90036 0.86397 0.90490 0.89209 0.89140 0.90509 0.90285 0.92300 0.91067 0.91619 0.91937 0.91638 0.91176
0.45997 0.82535 0.87297 0.89570 0.91923 0.90585 0.89378 0.88891 0.90026 0.91885 0.89513 0.90154 0.92201 0.88999 0.91542 0.89312 0.90953 0.91664 0.92565 0.92426 0.91637 0.91365 0.91734 0.91119 0.90192
0.87193 0.88494 0.87436 0.92230 0.90941 0.91112 0.92388 0.92297 0.92111 0.90646 0.90427 0.90581 0.92178 0.90824 0.92598 0.92089 0.92854 0.90809 0.92756 0.92533 0.92440 0.92164 0.91538 0.90708 0.89446
0.88682 0.89128 0.90050 0.92326 0.92440 0.92464 0.92437 0.90610 0.90795 0.92204 0.89894 0.92190 0.92270 0.92470 0.91292 0.91558 0.92767 0.92807 0.92668 0.92574 0.92471 0.92506 0.91012 0.89380 0.87500
0.84206 0.92283 0.90655 0.92414 0.92522 0.91186 0.91196 0.92473 0.92418 0.90968 0.90996 0.92345 0.90655 0.92571 0.91242 0.92683 0.91167 0.92676 0.91637 0.92504 0.92413 0.92408 0.90569 0.91442 0.88028
0.77615 0.86582 0.88836 0.92526 0.90883 0.92649 0.89536 0.90886 0.92570 0.92528 0.92474 0.92418 0.92534 0.92707 0.91365 0.91107 0.92719 0.92576 0.91521 0.92401 0.92346 0.92217 0.92120 0.91980 0.90157
0.78503 0.82333 0.86553 0.89405 0.89714 0.90489 0.90617 0.92675 0.91199 0.90539 0.91194 0.92550 0.91521 0.92788 0.92816 0.92777 0.91732 0.91612 0.92462 0.92347 0.92280 0.92010 0.91831 0.91581 0.91373
0.82023 0.82974 0.88643 0.89073 0.92673 0.92698 0.90724 0.89840 0.91517 0.92796 0.91369 0.92688 0.92780 0.92872 0.91419 0.91673 0.92741 0.91224 0.92442 0.92329 0.92170 0.91975 0.91688 0.90278 0.89316
0.81477 0.81555 0.89091 0.88951 0.91833 0.89729 0.92684 0.90988 0.92826 0.90101 0.92796 0.92810 0.91554 0.91655 0.92865 0.92814 0.91672 0.92600 0.92464 0.92344 0.92159 0.92028 0.90533 0.89060 0.87336
0.89252 0.89697 0.90377 0.91368 0.92451 0.91160 0.91240 0.89837 0.92833 0.91362 0.92840 0.92931 0.92972 0.90181 0.92975 0.92824 0.92663 0.92553 0.92476 0.92341 0.92181 0.92105 0.92037 0.90764 0.89970
0.80713 0.80025 0.86312 0.88914 0.90752 0.92431 0.92585 0.92707 0.92788 0.92853 0.91633 0.90162 0.90911 0.90911 0.93026 0.91703 0.92768 0.91799 0.92482 0.91356 0.92257 0.92189 0.92211 0.90872 0.89879
0.80778 0.80780 0.90036 0.92151 0.92199 0.92304 0.90691 0.92563 0.91540 0.92781 0.91630 0.92971 0.93020 0.93020 0.90458 0.92935 0.92878 0.92748 0.92616 0.92467 0.92410 0.92405 0.91204 0.89938 0.87594
0.76790 0.92209 0.92080 0.90172 0.90674 0.92259 0.92412 0.92479 0.92594 0.92739 0.92827 0.92964 0.90440 0.93022 0.93004 0.92913 0.92866 0.92791 0.91858 0.92643 0.92623 0.91917 0.91791 0.90595 0.89197
0.54047 0.86372 0.86159 0.89918 0.92126 0.90187 0.91213 0.92548 0.92679 0.92745 0.92834 0.92901 0.92915 0.91747 0.92827 0.92819 0.92837 0.92795 0.92707 0.92703 0.92170 0.92439 0.91918 0.90807 0.86587
0.89815 0.90079 0.90618 0.92108 0.92202 0.92309 0.92462 0.92594 0.91172 0.92842 0.91816 0.92868 0.92863 0.92747 0.92684 0.92746 0.92798 0.92082 0.92761 0.92709 0.92791 0.92591 0.92184 0.91329 0.89260
0.92862 0.91308 0.92377 0.92309 0.92282 0.91390 0.92479 0.92617 0.92774 0.91992 0.92859 0.92806 0.92748 0.91826 0.92585 0.92677 0.91595 0.92646 0.92622 0.92694 0.92819 0.92825 0.92460 0.91999 0.91236
0.92266 0.92269 0.92538 0.91493 0.92401 0.92428 0.92512 0.91637 0.92697 0.92050 0.92777 0.90958 0.92616 0.92519 0.92552 0.92519 0.92501 0.92518 0.91984 0.92622 0.92664 0.92769 0.92347 0.91009 0.89869
0.91574 0.91688 0.91949 0.92221 0.92396 0.92454 0.91829 0.92666 0.92695 0.92711 0.92678 0.92604 0.92482 0.91398 0.92417 0.92421 0.92425 0.92424 0.92462 0.92520 0.92565 0.92385 0.92068 0.91531 0.90839
0.90857 0.91168 0.91582 0.92005 0.92488 0.92464 0.91864 0.92640 0.92742 0.92699 0.91950 0.92526 0.92368 0.92293 0.92245 0.92259 0.92283 0.92366 0.92410 0.92438 0.92471 0.92260 0.91883 0.91252 0.90384
0.89074 0.89547 0.90510 0.91923 0.92300 0.92260 0.92373 0.92677 0.92692 0.92317 0.92187 0.91744 0.92333 0.92211 0.92150 0.92126 0.92217 0.92277 0.92395 0.92417 0.92509 0.92164 0.91692 0.91544 0.90784
0.87505 0.88350 0.89635 0.90588 0.91217 0.91147 0.92069 0.92322 0.91162 0.91714 0.91576 0.91593 0.91115 0.92171 0.92060 0.90888 0.92112 0.92296 0.92435 0.92077 0.91762 0.91538 0.91442 0.91341 0.91568
0.83923 0.85735 0.87708 0.89089 0.90149 0.91292 0.91576 0.90366 0.89757 0.90757 0.90379 0.90430 0.89845 0.90872 0.92058 0.89756 0.91217 0.92307 0.92478 0.91633 0.90973 0.90631 0.90960 0.91398 0.92115
0.50933 0.81428 0.83343 0.87309 0.88632 0.90474 0.90984 0.88942 0.87415 0.87095 0.86145 0.89070 0.87502 0.89879 0.92182 0.88603 0.90745 0.92442 0.91938 0.91111 0.90046 0.89284 0.89894 0.90719 0.92485
