# name=grid_with_holes field=200x200 stride=8
25 25
0.00000 0.00000 0.00000 0.00000 0.35204 0.00000 0.00000 0.00000 0.00000 0.00000 0.00000 0.00000 0.30371 0.00000 0.30371 0.23130 0.59034 0.56671 0.94273 0.65042 0.66667 0.66667 0.66667 0.66667 0.44444
0.00000 0.00000 0.28755 0.31910 0.34173 0.35647 0.26115 0.00000 0.00000 0.00000 0.44314 0.29918 0.91118 0.89834 1.00000 0.96767 1.00000 0.97688 1.00000 0.97860 1.00000 0.66667 0.66667 0.66667 0.44444
0.00000 0.25503 0.57160 0.31031 0.31718 0.57493 0.45480 0.34141 0.22222 0.35944 0.88639 0.83722 0.89031 0.97112 0.98171 1.00000 0.98574 1.00000 1.00000 1.00000 1.00000 1.00000 0.66667 0.66667 0.44444
0.00000 0.51720 0.86688 0.83156 0.78480 0.54194 0.83553 0.85843 0.37617 1.00000 1.00000 0.97269 1.00000 0.98090 1.00000 1.00000 1.00000 1.00000 1.00000 1.00000 1.00000 1.00000 1.00000 0.66667 0.44444
0.00000 0.89777 0.83718 0.80587 0.88862 0.81002 0.93555 0.87556 0.84774 0.97824 0.96029 1.00000 0.96700 0.98446 0.98542 1.00000 0.98815 1.00000 1.00000 1.00000 1.00000 1.00000 1.00000 1.00000 0.44444
0.00000 0.51571 0.90905 0.85209 0.85842 0.95264 1.00000 0.95302 0.86626 0.94888 1.00000 1.00000 1.00000 0.97906 1.00000 1.00000 1.00000 1.00000 1.00000 1.00000 1.00000 1.00000 1.00000 1.00000 0.44444
0.33530 0.96302 0.90917 0.94182 0.91065 1.00000 0.96700 0.94675 0.91065 1.00000 0.98279 1.00000 0.96875 1.00000 0.98542 1.00000 0.98869 1.00000 1.00000 1.00000 1.00000 1.00000 1.00000 1.00000 0.44444
0.00000 0.93222 0.98019 0.97731 0.97727 0.98238 0.98446 0.97906 0.97601 0.94778 0.98314 0.93853 1.00000 1.00000 1.00000 1.00000 1.00000 1.00000 1.00000 1.00000 1.00000 1.00000 1.00000 1.00000 0.66667
0.30371 1.00000 0.98026 1.00000 0.97018 1.00000 0.97018 1.00000 0.96712 1.00000 0.98193 1.00000 0.96810 0.97727 0.98542 1.00000 1.00000 1.00000 1.00000 1.00000 1.00000 1.00000 1.00000 1.00000 0.66667
0.00000 0.95852 0.96452 0.95992 1.00000 1.00000 1.00000 0.96884 1.00000 0.96131 1.00000 0.95601 0.95485 0.98238 1.00000 0.97259 1.00000 1.00000 1.00000 1.00000 1.00000 1.00000 1.00000 1.00000 0.66667
0.35204 0.94195 0.88064 1.00000 0.96810 0.97727 0.98451 0.97967 0.93356 0.92928 0.95476 0.94557 0.93679 1.00000 0.98396 1.00000 0.98670 1.00000 1.00000 0.98544 1.00000 1.00000 1.00000 1.00000 0.66667
0.00000 0.48941 0.88413 1.00000 1.00000 0.98238 1.00000 0.96390 1.00000 0.94287 1.00000 1.00000 0.97857 0.96612 1.00000 1.00000 1.00000 1.00000 1.00000 0.98938 1.00000 1.00000 1.00000 1.00000 0.66667
0.00000 0.89777 0.94941 1.00000 0.96700 0.98359 0.98286 0.96631 0.88148 0.88461 0.95305 0.88878 0.94239 0.98314 0.98315 1.00000 0.98663 1.00000 1.00000 0.99128 1.00000 1.00000 1.00000 1.00000 0.66667
0.00000 0.51571 0.90905 1.00000 1.00000 0.94433 1.00000 0.95429 0.96672 0.97432 0.97876 0.95408 1.00000 0.93853 1.00000 1.00000 1.00000 1.00000 1.00000 0.98889 1.00000 1.00000 1.00000 1.00000 0.66667
0.33530 0.96302 0.92835 1.00000 1.00000 1.00000 0.98315 1.00000 0.98022 1.00000 0.98063 0.98308 0.98473 1.00000 1.00000 1.00000 1.00000 1.00000 1.00000 1.00000 1.00000 1.00000 1.00000 1.00000 0.66667
0.00000 1.00000 0.97953 0.97759 1.00000 0.96751 1.00000 1.00000 0.97453 0.97944 0.98330 0.95757 1.00000 1.00000 0.98052 0.98605 1.00000 1.00000 1.00000 1.00000 1.00000 1.00000 1.00000 1.00000 0.66667
0.35204 1.00000 0.98065 1.00000 0.98745 0.98206 0.98810 1.00000 0.98560 1.00000 0.98505 1.00000 0.98745 0.98257 1.00000 1.00000 1.00000 1.00000 1.00000 1.00000 1.00000 1.00000 1.00000 1.00000 0.66667
0.28770 0.96068 1.00000 1.00000 1.00000 0.98862 0.98581 0.96721 0.98833 0.98275 1.00000 1.00000 1.00000 0.98862 1.00000 1.00000 1.00000 1.00000 1.00000 1.00000 1.00000 1.00000 1.00000 1.00000 0.66667
0.88899 1.00000 1.00000 1.00000 1.00000 1.00000 1.00000 1.00000 1.00000 1.00000 1.00000 1.00000 1.00000 1.00000 1.00000 1.00000 1.00000 1.00000 1.00000 1.00000 1.00000 1.00000 1.00000 1.00000 0.66667
0.64114 0.97412 1.00000 1.00000 1.00000 1.00000 1.00000 1.00000 1.00000 1.00000 1.00000 1.00000 1.00000 1.00000 1.00000 1.00000 1.00000 1.00000 1.00000 1.00000 1.00000 1.00000 1.00000 1.00000 0.66667
1.00000 1.00000 1.00000 1.00000 1.00000 1.00000 1.00000 1.00000 1.00000 1.00000 1.00000 1.00000 1.00000 1.00000 1.00000 1.00000 1.00000 1.00000 1.00000 1.00000 1.00000 1.00000 1.00000 0.66667 0.66667
0.66667 1.00000 1.00000 1.00000 1.00000 1.00000 1.00000 1.00000 1.00000 1.00000 1.00000 1.00000 1.00000 1.00000 1.00000 1.00000 1.00000 1.00000 1.00000 1.00000 1.00000 1.00000 0.66667 0.66667 0.66667
0.66667 1.00000 1.00000 1.00000 1.00000 1.00000 1.00000 1.00000 1.00000 1.00000 1.00000 1.00000 1.00000 1.00000 1.00000 1.00000 1.00000 1.00000 1.00000 1.00000 1.00000 1.00000 0.66667 0.66667 0.66667
0.66667 0.66667 1.00000 1.00000 1.00000 1.00000 1.00000 1.00000 1.00000 1.00000 1.00000 1.00000 1.00000 1.00000 1.00000 1.00000 1.00000 1.00000 0.66667 1.00000 1.00000 1.00000 0.66667 0.66667 0.44444
0.44444 0.44444 0.44444 0.66667 0.66667 0.44444 0.44444 0.66667 0.66667 0.66667 0.66667 0.66667 0.66667 0.66667 0.66667 0.66667 0.66667 0.44444 0.44444 0.66667 0.66667 0.44444 0.44444 0.44444 0.00000
