# name=grid_sheared field=200x200 stride=8
25 25
0.79932 0.79701 0.89292 0.89515 0.95138 0.94069 0.97676 0.94069 0.97676 0.94069 0.97676 0.94069 0.97676 0.94069 0.97676 0.97687 0.97678 0.97686 0.97678 0.97683 0.97676 0.97673 0.97672 0.97667 0.65110
0.85801 0.84850 0.93466 0.88291 0.95816 0.92678 0.95777 0.92678 0.95777 0.92678 0.95777 0.92678 0.95777 0.92678 0.95777 0.95602 0.96115 0.97651 0.96526 0.97650 0.96693 0.97642 0.97633 0.97632 0.97634
0.85195 0.93155 0.94734 0.96178 0.95400 0.97625 0.95423 0.97625 0.95423 0.97625 0.95423 0.97625 0.95423 0.97625 0.95423 0.97623 0.95845 0.97621 0.96318 0.97620 0.96506 0.97623 0.97628 0.97624 0.97636
0.93820 0.91093 0.94211 0.95407 0.95934 0.96212 0.95904 0.96212 0.95904 0.96212 0.95904 0.96212 0.95904 0.96212 0.95957 0.97596 0.96260 0.97604 0.97610 0.97605 0.97607 0.97597 0.97603 0.97584 0.97589
0.85991 0.96407 0.96900 0.97639 0.95658 0.97590 0.95634 0.97590 0.95634 0.97590 0.95634 0.97590 0.95634 0.97590 0.95724 0.97593 0.96117 0.97601 0.97603 0.97590 0.97599 0.97590 0.97596 0.97594 0.97610
0.79001 0.95337 0.95568 0.97615 0.95802 0.96052 0.95802 0.94840 0.96160 0.94874 0.95802 0.96052 0.95802 0.96052 0.95889 0.95205 0.96527 0.95859 0.97602 0.96798 0.97599 0.97591 0.97597 0.96785 0.96289
0.85856 0.89180 0.94409 0.94094 0.97589 0.93644 0.95882 0.91211 0.94776 0.91337 0.96024 0.93644 0.97589 0.93644 0.95980 0.92017 0.95474 0.93533 0.96700 0.96500 0.97589 0.97603 0.96606 0.95808 0.95001
0.75560 0.89271 0.92332 0.92945 0.96148 0.94605 0.93526 0.92344 0.91848 0.92390 0.93721 0.94784 0.96148 0.94605 0.94973 0.92955 0.94135 0.94074 0.96146 0.96973 0.97598 0.96836 0.95963 0.94190 0.92245
0.73434 0.86567 0.92067 0.92987 0.96004 0.94516 0.94432 0.91711 0.92383 0.91760 0.94438 0.94378 0.97588 0.94516 0.94432 0.92177 0.93345 0.94502 0.95697 0.96726 0.97588 0.96742 0.94976 0.93151 0.90698
0.82229 0.89627 0.94027 0.92236 0.96077 0.94586 0.93310 0.91789 0.91194 0.91466 0.92936 0.94299 0.96052 0.94586 0.93310 0.92158 0.92204 0.94189 0.94693 0.96706 0.96811 0.96439 0.95134 0.93139 0.90964
0.85143 0.91444 0.93031 0.96256 0.93624 0.96583 0.91716 0.94105 0.89732 0.93837 0.91145 0.96225 0.93644 0.96583 0.91716 0.94291 0.90902 0.94845 0.94596 0.96815 0.96500 0.96979 0.96137 0.94142 0.91984
0.93991 0.91157 0.94255 0.95425 0.95899 0.96148 0.94501 0.93829 0.93312 0.93636 0.94275 0.96148 0.95868 0.96148 0.94531 0.95334 0.94071 0.95784 0.96557 0.97603 0.97599 0.96660 0.96674 0.95823 0.94844
0.86530 0.96518 0.95674 0.97637 0.95875 0.97588 0.95852 0.96426 0.96280 0.96385 0.95852 0.97588 0.95852 0.97588 0.95932 0.96529 0.96572 0.96800 0.97602 0.97588 0.97598 0.97588 0.95951 0.96654 0.96112
0.79001 0.95337 0.95568 0.97615 0.95802 0.96052 0.95802 0.94840 0.96160 0.94874 0.95802 0.96052 0.95802 0.96052 0.95889 0.95205 0.96527 0.95859 0.97602 0.96798 0.97599 0.97591 0.96661 0.94984 0.93073
0.85856 0.89180 0.94409 0.94094 0.97589 0.93644 0.95882 0.91211 0.94776 0.91337 0.96024 0.93644 0.97589 0.93644 0.95980 0.92017 0.95474 0.93533 0.96700 0.96500 0.97589 0.97603 0.96606 0.95808 0.93783
0.81666 0.93064 0.93445 0.94775 0.96224 0.96279 0.93745 0.93923 0.92073 0.93888 0.93845 0.96456 0.96224 0.96279 0.95106 0.94345 0.94217 0.95076 0.96160 0.96987 0.97587 0.96855 0.96052 0.93710 0.91502
0.80548 0.90697 0.94543 0.94542 0.96228 0.94947 0.94774 0.92323 0.92844 0.92290 0.94688 0.94733 0.97575 0.94947 0.94774 0.92689 0.93696 0.94712 0.95837 0.96784 0.97575 0.96857 0.94808 0.92847 0.90067
0.88415 0.93398 0.95100 0.96248 0.97062 0.96599 0.95337 0.93999 0.93486 0.93687 0.95006 0.96244 0.97588 0.96599 0.95337 0.94179 0.94105 0.94733 0.95962 0.96849 0.97585 0.96536 0.95376 0.93476 0.91494
0.93735 0.93853 0.94842 0.96822 0.96538 0.96888 0.94966 0.95117 0.93491 0.94958 0.94651 0.96689 0.96500 0.96888 0.94966 0.95274 0.94131 0.95705 0.96421 0.97097 0.97620 0.97164 0.96553 0.94922 0.93261
0.95718 0.96339 0.96842 0.97221 0.97637 0.97603 0.96694 0.96157 0.95940 0.96091 0.96616 0.97603 0.97605 0.97603 0.96695 0.96263 0.96250 0.96571 0.97017 0.97608 0.97606 0.97609 0.96944 0.96338 0.95620
0.95006 0.97111 0.96674 0.97648 0.96741 0.97596 0.96718 0.96964 0.96906 0.96961 0.96718 0.97596 0.96718 0.97596 0.96760 0.97037 0.97079 0.97196 0.97608 0.97597 0.97603 0.97596 0.97616 0.97018 0.96708
0.97743 0.97700 0.97665 0.97637 0.97611 0.97611 0.97611 0.97611 0.97611 0.97611 0.97611 0.97611 0.97611 0.97611 0.97614 0.97613 0.97614 0.97614 0.97613 0.97611 0.97611 0.97611 0.97618 0.97627 0.97639
0.97670 0.97655 0.97632 0.97614 0.97609 0.97620 0.97609 0.97620 0.97609 0.97620 0.97609 0.97620 0.97609 0.97620 0.97610 0.97621 0.97612 0.97621 0.97611 0.97617 0.97609 0.97620 0.97608 0.97620 0.97627
0.97644 0.97635 0.97643 0.97639 0.97656 0.97645 0.97656 0.97645 0.97656 0.97645 0.97656 0.97645 0.97656 0.97645 0.97659 0.97642 0.97653 0.97641 0.97650 0.97642 0.97656 0.97645 0.97653 0.97648 0.97664
0.65102 0.97675 0.97660 0.97693 0.97672 0.97695 0.97672 0.97695 0.97672 0.97695 0.97672 0.97695 0.97672 0.97695 0.97672 0.97699 0.97667 0.97688 0.97667 0.97694 0.97672 0.97695 0.97672 0.97690 0.97682
