# name=grid_streets_w2 field=200x200 stride=8
25 25
0.35834 0.34233 0.94260 1.00000 0.87097 0.97050 0.87016 0.86290 0.86611 0.86854 0.96686 0.87097 0.97050 0.87016 0.91343 0.96258 0.94623 0.98000 0.96570 1.00000 1.00000 1.00000 1.00000 1.00000 1.00000
0.34233 1.00000 1.00000 0.97984 1.00000 0.95320 1.00000 0.96760 0.96377 1.00000 0.95262 1.00000 0.95320 1.00000 1.00000 0.97010 1.00000 0.98341 1.00000 0.98899 1.00000 1.00000 1.00000 1.00000 1.00000
0.94260 1.00000 1.00000 0.98570 1.00000 0.98485 1.00000 1.00000 1.00000 1.00000 0.98673 1.00000 0.98485 1.00000 1.00000 1.00000 1.00000 1.00000 1.00000 0.99234 1.00000 1.00000 1.00000 1.00000 1.00000
1.00000 0.97984 0.98570 0.97395 1.00000 0.95685 1.00000 0.98783 0.98804 0.98829 0.97553 1.00000 0.95685 1.00000 0.98885 0.99001 0.99182 1.00000 1.00000 0.99274 1.00000 1.00000 1.00000 1.00000 1.00000
0.87097 1.00000 1.00000 1.00000 1.00000 1.00000 1.00000 1.00000 1.00000 1.00000 1.00000 1.00000 1.00000 1.00000 1.00000 1.00000 1.00000 1.00000 1.00000 1.00000 1.00000 1.00000 1.00000 1.00000 1.00000
0.97050 0.95320 0.98485 0.95685 1.00000 0.94118 1.00000 0.98693 0.98717 0.98744 0.95934 1.00000 0.94118 1.00000 0.98798 0.98918 0.99123 1.00000 1.00000 0.99298 1.00000 1.00000 1.00000 1.00000 1.00000
0.87016 1.00000 1.00000 1.00000 1.00000 1.00000 1.00000 1.00000 1.00000 1.00000 1.00000 1.00000 1.00000 1.00000 1.00000 1.00000 1.00000 1.00000 1.00000 1.00000 1.00000 1.00000 1.00000 1.00000 1.00000
0.86290 0.96760 1.00000 0.98783 1.00000 0.98693 1.00000 1.00000 1.00000 1.00000 0.98854 1.00000 0.98693 1.00000 1.00000 1.00000 1.00000 1.00000 1.00000 0.99340 1.00000 1.00000 1.00000 1.00000 1.00000
0.86611 0.96377 1.00000 0.98804 1.00000 0.98717 1.00000 1.00000 1.00000 1.00000 0.98875 1.00000 0.98717 1.00000 1.00000 1.00000 1.00000 1.00000 1.00000 0.99352 1.00000 1.00000 1.00000 1.00000 1.00000
0.86854 1.00000 1.00000 0.98829 1.00000 0.98744 1.00000 1.00000 1.00000 1.00000 0.98899 1.00000 0.98744 1.00000 1.00000 1.00000 1.00000 1.00000 1.00000 0.99366 1.00000 1.00000 1.00000 1.00000 1.00000
0.96686 0.95262 0.98673 0.97553 1.00000 0.95934 1.00000 0.98854 0.98875 0.98899 0.97694 1.00000 0.95934 1.00000 0.98945 0.99051 0.99231 1.00000 1.00000 0.99317 1.00000 1.00000 1.00000 1.00000 1.00000
0.87097 1.00000 1.00000 1.00000 1.00000 1.00000 1.00000 1.00000 1.00000 1.00000 1.00000 1.00000 1.00000 1.00000 1.00000 1.00000 1.00000 1.00000 1.00000 1.00000 1.00000 1.00000 1.00000 1.00000 1.00000
0.97050 0.95320 0.98485 0.95685 1.00000 0.94118 1.00000 0.98693 0.98717 0.98744 0.95934 1.00000 0.94118 1.00000 0.98798 0.98918 0.99123 1.00000 1.00000 0.99298 1.00000 1.00000 1.00000 1.00000 1.00000
0.87016 1.00000 1.00000 1.00000 1.00000 1.00000 1.00000 1.00000 1.00000 1.00000 1.00000 1.00000 1.00000 1.00000 1.00000 1.00000 1.00000 1.00000 1.00000 1.00000 1.00000 1.00000 1.00000 1.00000 1.00000
0.91343 1.00000 1.00000 0.98885 1.00000 0.98798 1.00000 1.00000 1.00000 1.00000 0.98945 1.00000 0.98798 1.00000 1.00000 1.00000 1.00000 1.00000 1.00000 0.99394 1.00000 1.00000 1.00000 1.00000 1.00000
0.96258 0.97010 1.00000 0.99001 1.00000 0.98918 1.00000 1.00000 1.00000 1.00000 0.99051 1.00000 0.98918 1.00000 1.00000 1.00000 1.00000 1.00000 1.00000 0.99455 1.00000 1.00000 1.00000 1.00000 1.00000
0.94623 1.00000 1.00000 0.99182 1.00000 0.99123 1.00000 1.00000 1.00000 1.00000 0.99231 1.00000 0.99123 1.00000 1.00000 1.00000 1.00000 1.00000 1.00000 0.99558 1.00000 1.00000 1.00000 1.00000 1.00000
0.98000 0.98341 1.00000 1.00000 1.00000 1.00000 1.00000 1.00000 1.00000 1.00000 1.00000 1.00000 1.00000 1.00000 1.00000 1.00000 1.00000 1.00000 1.00000 1.00000 1.00000 1.00000 1.00000 1.00000 1.00000
0.96570 1.00000 1.00000 1.00000 1.00000 1.00000 1.00000 1.00000 1.00000 1.00000 1.00000 1.00000 1.00000 1.00000 1.00000 1.00000 1.00000 1.00000 1.00000 1.00000 1.00000 1.00000 1.00000 1.00000 1.00000
1.00000 0.98899 0.99234 0.99274 1.00000 0.99298 1.00000 0.99340 0.99352 0.99366 0.99317 1.00000 0.99298 1.00000 0.99394 0.99455 0.99558 1.00000 1.00000 1.00000 1.00000 1.00000 1.00000 1.00000 1.00000
1.00000 1.00000 1.00000 1.00000 1.00000 1.00000 1.00000 1.00000 1.00000 1.00000 1.00000 1.00000 1.00000 1.00000 1.00000 1.00000 1.00000 1.00000 1.00000 1.00000 1.00000 1.00000 1.00000 1.00000 1.00000
1.00000 1.00000 1.00000 1.00000 1.00000 1.00000 1.00000 1.00000 1.00000 1.00000 1.00000 1.00000 1.00000 1.00000 1.00000 1.00000 1.00000 1.00000 1.00000 1.00000 1.00000 1.00000 1.00000 1.00000 1.00000
1.00000 1.00000 1.00000 1.00000 1.00000 1.00000 1.00000 1.00000 1.00000 1.00000 1.00000 1.00000 1.00000 1.00000 1.00000 1.00000 1.00000 1.00000 1.00000 1.00000 1.00000 1.00000 1.00000 1.00000 1.00000
1.00000 1.00000 1.00000 1.00000 1.00000 1.00000 1.00000 1.00000 1.00000 1.00000 1.00000 1.00000 1.00000 1.00000 1.00000 1.00000 1.00000 1.00000 1.00000 1.00000 1.00000 1.00000 1.00000 1.00000 1.00000
1.00000 1.00000 1.00000 1.00000 1.00000 1.00000 1.00000 1.00000 1.00000 1.00000 1.00000 1.00000 1.00000 1.00000 1.00000 1.00000 1.00000 1.00000 1.00000 1.00000 1.00000 1.00000 1.00000 1.00000 1.00000
