# name=grid_streets_w9 field=200x200 stride=8
25 25
0.00000 0.00000 0.00000 0.00000 0.00000 0.00000 0.00000 0.00000 0.00000 0.00000 0.00000 0.00000 0.00000 0.00000 0.21723 0.29822 0.36840 0.61825 0.64734 0.66667 0.66667 0.66667 0.66667 0.66667 0.44444
0.00000 0.36639 1.00000 0.96538 0.32789 0.96068 0.94974 0.32654 1.00000 0.32654 0.94974 0.96068 0.32789 0.96538 1.00000 0.59677 1.00000 0.93858 0.97698 1.00000 1.00000 1.00000 1.00000 1.00000 0.66667
0.00000 1.00000 1.00000 0.97172 1.00000 0.96784 0.95877 1.00000 1.00000 1.00000 0.95877 0.96784 1.00000 0.97172 1.00000 1.00000 1.00000 1.00000 0.98126 1.00000 1.00000 1.00000 1.00000 1.00000 0.66667
0.00000 0.96538 0.97172 1.00000 0.97452 0.97220 1.00000 0.97479 1.00000 0.97479 1.00000 0.97220 0.97452 1.00000 0.97826 0.98051 1.00000 1.00000 0.98384 1.00000 1.00000 1.00000 1.00000 1.00000 0.66667
0.00000 0.32789 1.00000 0.97452 1.00000 0.97101 0.96278 0.94697 1.00000 0.94697 0.96278 0.97101 1.00000 0.97452 1.00000 0.96415 1.00000 1.00000 0.98314 1.00000 1.00000 1.00000 1.00000 1.00000 0.66667
0.00000 0.96068 0.96784 0.97220 0.97101 0.94606 0.97251 0.97132 1.00000 0.97132 0.97251 0.94606 0.97101 0.97220 0.97524 0.97780 1.00000 1.00000 0.98415 1.00000 1.00000 1.00000 1.00000 1.00000 0.66667
0.00000 0.94974 0.95877 1.00000 0.96278 0.97251 0.92746 0.96317 1.00000 0.96317 0.92746 0.97251 0.96278 1.00000 0.96815 0.97141 1.00000 1.00000 0.98322 1.00000 1.00000 1.00000 1.00000 1.00000 0.66667
0.00000 0.32654 1.00000 0.97479 0.94697 0.97132 0.96317 1.00000 1.00000 1.00000 0.96317 0.97132 0.94697 0.97479 1.00000 0.96453 1.00000 1.00000 0.98332 1.00000 1.00000 1.00000 1.00000 1.00000 0.66667
0.00000 1.00000 1.00000 1.00000 1.00000 1.00000 1.00000 1.00000 1.00000 1.00000 1.00000 1.00000 1.00000 1.00000 1.00000 1.00000 1.00000 1.00000 1.00000 1.00000 1.00000 1.00000 1.00000 1.00000 0.66667
0.00000 0.32654 1.00000 0.97479 0.94697 0.97132 0.96317 1.00000 1.00000 1.00000 0.96317 0.97132 0.94697 0.97479 1.00000 0.96453 1.00000 1.00000 0.98332 1.00000 1.00000 1.00000 1.00000 1.00000 0.66667
0.00000 0.94974 0.95877 1.00000 0.96278 0.97251 0.92746 0.96317 1.00000 0.96317 0.92746 0.97251 0.96278 1.00000 0.96815 0.97141 1.00000 1.00000 0.98322 1.00000 1.00000 1.00000 1.00000 1.00000 0.66667
0.00000 0.96068 0.96784 0.97220 0.97101 0.94606 0.97251 0.97132 1.00000 0.97132 0.97251 0.94606 0.97101 0.97220 0.97524 0.97780 1.00000 1.00000 0.98415 1.00000 1.00000 1.00000 1.00000 1.00000 0.66667
0.00000 0.32789 1.00000 0.97452 1.00000 0.97101 0.96278 0.94697 1.00000 0.94697 0.96278 0.97101 1.00000 0.97452 1.00000 0.96415 1.00000 1.00000 0.98314 1.00000 1.00000 1.00000 1.00000 1.00000 0.66667
0.00000 0.96538 0.97172 1.00000 0.97452 0.97220 1.00000 0.97479 1.00000 0.97479 1.00000 0.97220 0.97452 1.00000 0.97826 0.98051 1.00000 1.00000 0.98384 1.00000 1.00000 1.00000 1.00000 1.00000 0.66667
0.21723 1.00000 1.00000 0.97826 1.00000 0.97524 0.96815 1.00000 1.00000 1.00000 0.96815 0.97524 1.00000 0.97826 1.00000 1.00000 1.00000 1.00000 0.98564 1.00000 1.00000 1.00000 1.00000 1.00000 0.66667
0.29822 0.59677 1.00000 0.98051 0.96415 0.97780 0.97141 0.96453 1.00000 0.96453 0.97141 0.97780 0.96415 0.98051 1.00000 0.94247 1.00000 1.00000 0.98714 1.00000 1.00000 1.00000 1.00000 1.00000 0.66667
0.36840 1.00000 1.00000 1.00000 1.00000 1.00000 1.00000 1.00000 1.00000 1.00000 1.00000 1.00000 1.00000 1.00000 1.00000 1.00000 1.00000 1.00000 1.00000 1.00000 1.00000 1.00000 1.00000 1.00000 0.66667
0.61825 0.93858 1.00000 1.00000 1.00000 1.00000 1.00000 1.00000 1.00000 1.00000 1.00000 1.00000 1.00000 1.00000 1.00000 1.00000 1.00000 1.00000 1.00000 1.00000 1.00000 1.00000 1.00000 1.00000 0.66667
0.64734 0.97698 0.98126 0.98384 0.98314 0.98415 0.98322 0.98332 1.00000 0.98332 0.98322 0.98415 0.98314 0.98384 0.98564 0.98714 1.00000 1.00000 1.00000 1.00000 1.00000 1.00000 1.00000 1.00000 0.66667
0.66667 1.00000 1.00000 1.00000 1.00000 1.00000 1.00000 1.00000 1.00000 1.00000 1.00000 1.00000 1.00000 1.00000 1.00000 1.00000 1.00000 1.00000 1.00000 1.00000 1.00000 1.00000 1.00000 1.00000 0.66667
0.66667 1.00000 1.00000 1.00000 1.00000 1.00000 1.00000 1.00000 1.00000 1.00000 1.00000 1.00000 1.00000 1.00000 1.00000 1.00000 1.00000 1.00000 1.00000 1.00000 1.00000 1.00000 1.00000 1.00000 0.66667
0.66667 1.00000 1.00000 1.00000 1.00000 1.00000 1.00000 1.00000 1.00000 1.00000 1.00000 1.00000 1.00000 1.00000 1.00000 1.00000 1.00000 1.00000 1.00000 1.00000 1.00000 1.00000 1.00000 1.00000 0.66667
0.66667 1.00000 1.00000 1.00000 1.00000 1.00000 1.00000 1.00000 1.00000 1.00000 1.00000 1.00000 1.00000 1.00000 1.00000 1.00000 1.00000 1.00000 1.00000 1.00000 1.00000 1.00000 1.00000 1.00000 0.66667
0.66667 1.00000 1.00000 1.00000 1.00000 1.00000 1.00000 1.00000 1.00000 1.00000 1.00000 1.00000 1.00000 1.00000 1.00000 1.00000 1.00000 1.00000 1.00000 1.00000 1.00000 1.00000 1.00000 1.00000 0.66667
0.44444 0.66667 0.66667 0.66667 0.66667 0.66667 0.66667 0.66667 0.66667 0.66667 0.66667 0.66667 0.66667 0.66667 0.66667 0.66667 0.66667 0.66667 0.66667 0.66667 0.66667 0.66667 0.66667 0.66667 0.44444
