# name=grid_streets_w3 field=200x200 stride=8
25 25
0.36435 0.34744 0.95097 0.90044 0.87973 0.89217 0.88104 0.30000 0.88147 0.30000 0.88104 0.89217 0.87973 0.87065 0.87756 0.92127 0.96812 0.94661 0.97969 0.96302 1.00000 1.00000 1.00000 1.00000 0.44444
0.34744 1.00000 0.95713 1.00000 0.96095 0.97575 1.00000 0.97863 1.00000 0.97863 1.00000 0.97575 0.96095 0.97256 0.96518 1.00000 0.97429 1.00000 0.98338 1.00000 0.98765 1.00000 1.00000 1.00000 0.66667
0.95097 0.95713 1.00000 1.00000 1.00000 0.98192 1.00000 0.98455 1.00000 0.98455 1.00000 0.98192 1.00000 1.00000 1.00000 1.00000 1.00000 1.00000 1.00000 1.00000 0.99084 1.00000 1.00000 1.00000 0.66667
0.90044 1.00000 1.00000 1.00000 1.00000 0.98371 1.00000 0.98566 1.00000 0.98566 1.00000 0.98371 1.00000 0.98153 1.00000 1.00000 1.00000 1.00000 0.98888 1.00000 0.99175 1.00000 1.00000 1.00000 0.66667
0.87973 0.96095 1.00000 1.00000 1.00000 0.98586 1.00000 1.00000 1.00000 1.00000 1.00000 0.98586 1.00000 1.00000 1.00000 1.00000 1.00000 1.00000 1.00000 1.00000 0.99285 1.00000 1.00000 1.00000 0.66667
0.89217 0.97575 0.98192 0.98371 0.98586 0.96855 1.00000 0.97032 1.00000 0.97032 1.00000 0.96855 0.98586 0.96660 0.98516 0.98582 0.98735 0.98940 0.98924 1.00000 0.99198 1.00000 1.00000 1.00000 0.66667
0.88104 1.00000 1.00000 1.00000 1.00000 1.00000 1.00000 1.00000 1.00000 1.00000 1.00000 1.00000 1.00000 1.00000 1.00000 1.00000 1.00000 1.00000 1.00000 1.00000 1.00000 1.00000 1.00000 1.00000 0.66667
0.30000 0.97863 0.98455 0.98566 1.00000 0.97032 1.00000 0.97213 1.00000 0.97213 1.00000 0.97032 1.00000 0.96835 0.98725 0.98688 0.97181 0.99100 0.98917 1.00000 0.99193 1.00000 1.00000 1.00000 0.66667
0.88147 1.00000 1.00000 1.00000 1.00000 1.00000 1.00000 1.00000 1.00000 1.00000 1.00000 1.00000 1.00000 1.00000 1.00000 1.00000 1.00000 1.00000 1.00000 1.00000 1.00000 1.00000 1.00000 1.00000 0.66667
0.30000 0.97863 0.98455 0.98566 1.00000 0.97032 1.00000 0.97213 1.00000 0.97213 1.00000 0.97032 1.00000 0.96835 0.98725 0.98688 0.97181 0.99100 0.98917 1.00000 0.99193 1.00000 1.00000 1.00000 0.66667
0.88104 1.00000 1.00000 1.00000 1.00000 1.00000 1.00000 1.00000 1.00000 1.00000 1.00000 1.00000 1.00000 1.00000 1.00000 1.00000 1.00000 1.00000 1.00000 1.00000 1.00000 1.00000 1.00000 1.00000 0.66667
0.89217 0.97575 0.98192 0.98371 0.98586 0.96855 1.00000 0.97032 1.00000 0.97032 1.00000 0.96855 0.98586 0.96660 0.98516 0.98582 0.98735 0.98940 0.98924 1.00000 0.99198 1.00000 1.00000 1.00000 0.66667
0.87973 0.96095 1.00000 1.00000 1.00000 0.98586 1.00000 1.00000 1.00000 1.00000 1.00000 0.98586 1.00000 1.00000 1.00000 1.00000 1.00000 1.00000 1.00000 1.00000 0.99285 1.00000 1.00000 1.00000 0.66667
0.87065 0.97256 1.00000 0.98153 1.00000 0.96660 1.00000 0.96835 1.00000 0.96835 1.00000 0.96660 1.00000 0.96470 1.00000 1.00000 1.00000 1.00000 0.98935 1.00000 0.99205 1.00000 1.00000 1.00000 0.66667
0.87756 0.96518 1.00000 1.00000 1.00000 0.98516 1.00000 0.98725 1.00000 0.98725 1.00000 0.98516 1.00000 1.00000 1.00000 1.00000 1.00000 1.00000 1.00000 1.00000 0.99250 1.00000 1.00000 1.00000 0.66667
0.92127 1.00000 1.00000 1.00000 1.00000 0.98582 1.00000 0.98688 1.00000 0.98688 1.00000 0.98582 1.00000 1.00000 1.00000 1.00000 1.00000 1.00000 1.00000 1.00000 0.99283 1.00000 1.00000 1.00000 0.66667
0.96812 0.97429 1.00000 1.00000 1.00000 0.98735 1.00000 0.97181 1.00000 0.97181 1.00000 0.98735 1.00000 1.00000 1.00000 1.00000 1.00000 1.00000 1.00000 1.00000 0.99362 1.00000 1.00000 1.00000 0.66667
0.94661 1.00000 1.00000 1.00000 1.00000 0.98940 1.00000 0.99100 1.00000 0.99100 1.00000 0.98940 1.00000 1.00000 1.00000 1.00000 1.00000 1.00000 1.00000 1.00000 0.99466 1.00000 1.00000 1.00000 0.66667
0.97969 0.98338 1.00000 0.98888 1.00000 0.98924 1.00000 0.98917 1.00000 0.98917 1.00000 0.98924 1.00000 0.98935 1.00000 1.00000 1.00000 1.00000 1.00000 1.00000 1.00000 1.00000 1.00000 1.00000 0.66667
0.96302 1.00000 1.00000 1.00000 1.00000 1.00000 1.00000 1.00000 1.00000 1.00000 1.00000 1.00000 1.00000 1.00000 1.00000 1.00000 1.00000 1.00000 1.00000 1.00000 1.00000 1.00000 1.00000 1.00000 0.66667
1.00000 0.98765 0.99084 0.99175 0.99285 0.99198 1.00000 0.99193 1.00000 0.99193 1.00000 0.99198 0.99285 0.99205 0.99250 0.99283 0.99362 0.99466 1.00000 1.00000 1.00000 1.00000 1.00000 1.00000 0.66667
1.00000 1.00000 1.00000 1.00000 1.00000 1.00000 1.00000 1.00000 1.00000 1.00000 1.00000 1.00000 1.00000 1.00000 1.00000 1.00000 1.00000 1.00000 1.00000 1.00000 1.00000 1.00000 1.00000 1.00000 0.66667
1.00000 1.00000 1.00000 1.00000 1.00000 1.00000 1.00000 1.00000 1.00000 1.00000 1.00000 1.00000 1.00000 1.00000 1.00000 1.00000 1.00000 1.00000 1.00000 1.00000 1.00000 1.00000 1.00000 1.00000 0.66667
1.00000 1.00000 1.00000 1.00000 1.00000 1.00000 1.00000 1.00000 1.00000 1.00000 1.00000 1.00000 1.00000 1.00000 1.00000 1.00000 1.00000 1.00000 1.00000 1.00000 1.00000 1.00000 1.00000 1.00000 0.66667
0.44444 0.66667 0.66667 0.66667 0.66667 0.66667 0.66667 0.66667 0.66667 0.66667 0.66667 0.66667 0.66667 0.66667 0.66667 0.66667 0.66667 0.66667 0.66667 0.66667 0.66667 0.66667 0.66667 0.66667 0.44444
