# name=grid_streets_mixed field=200x200 stride=8
25 25
0.36873 0.35095 1.00000 0.91642 0.93186 0.91921 0.88433 0.90786 0.87903 0.87353 0.86582 0.94224 0.86523 0.98449 0.92358 0.89094 0.92698 0.92050 0.97409 0.98953 1.00000 1.00000 1.00000 1.00000 0.66667
0.34834 1.00000 0.96862 1.00000 0.97365 1.00000 0.96803 0.97578 0.96606 0.97351 1.00000 0.95007 1.00000 0.96821 0.96456 0.95386 0.92999 0.95881 0.96045 0.98932 1.00000 1.00000 1.00000 1.00000 0.66667
0.95391 0.96009 0.97746 0.97160 0.98079 1.00000 1.00000 0.98225 1.00000 1.00000 1.00000 1.00000 1.00000 0.98214 0.96682 0.95227 0.94915 0.95956 0.96496 0.98831 1.00000 1.00000 1.00000 1.00000 0.66667
0.30660 1.00000 0.97715 1.00000 0.98086 1.00000 0.97671 0.98242 1.00000 0.98075 1.00000 0.96336 1.00000 0.97143 0.96456 0.95386 0.95052 0.95939 0.96388 0.98847 1.00000 1.00000 1.00000 1.00000 0.66667
0.93000 0.97588 0.97832 0.98241 0.96566 0.98324 0.98442 0.96913 0.98568 0.98556 1.00000 0.98657 1.00000 0.97169 0.95440 0.94480 0.94888 0.95910 0.96551 0.98886 1.00000 1.00000 1.00000 1.00000 0.66667
0.31272 1.00000 0.97604 1.00000 0.97932 1.00000 0.97558 0.98155 1.00000 0.97980 1.00000 0.96161 1.00000 0.97141 0.96389 0.95236 0.95064 0.95960 0.96343 0.98908 1.00000 1.00000 1.00000 1.00000 0.66667
0.30892 1.00000 0.97673 1.00000 0.97997 1.00000 1.00000 0.98209 1.00000 0.98040 1.00000 0.96270 1.00000 0.98356 0.96394 0.95247 0.95068 0.95903 0.96371 0.98894 1.00000 1.00000 1.00000 1.00000 0.66667
0.31097 0.94164 0.97636 1.00000 0.97969 1.00000 1.00000 0.98180 1.00000 0.98008 1.00000 0.96211 1.00000 0.98333 0.96399 0.95259 0.95072 0.95915 0.96356 0.98879 1.00000 1.00000 1.00000 1.00000 0.66667
0.31530 1.00000 0.97555 1.00000 0.97889 1.00000 0.97508 0.98117 1.00000 0.97939 1.00000 0.96085 1.00000 0.97121 0.96387 0.95233 0.95063 0.95958 0.96324 0.98912 1.00000 1.00000 1.00000 1.00000 0.66667
0.94119 0.92405 0.97802 0.98170 0.96485 0.98257 0.98382 0.96738 0.98470 0.98450 1.00000 0.98601 1.00000 0.97083 0.95407 0.94365 0.94887 0.95931 0.96545 0.98860 1.00000 1.00000 1.00000 1.00000 0.66667
0.31175 1.00000 0.97622 1.00000 0.98007 1.00000 0.97576 0.98169 0.97425 0.97996 1.00000 0.96189 1.00000 0.97103 0.96456 0.95386 0.93445 0.95934 0.96351 0.98817 1.00000 1.00000 1.00000 1.00000 0.66667
0.90298 0.91510 1.00000 0.97425 1.00000 1.00000 1.00000 1.00000 1.00000 1.00000 1.00000 1.00000 1.00000 0.98404 0.96613 0.95055 0.94901 0.95859 0.97494 0.98947 1.00000 1.00000 1.00000 1.00000 0.66667
0.30701 1.00000 0.97708 1.00000 0.98079 1.00000 0.97664 0.98236 0.97518 0.98069 1.00000 0.96324 1.00000 0.96945 0.96456 0.95386 0.93496 0.96048 0.96385 0.98644 1.00000 1.00000 1.00000 1.00000 0.66667
0.93436 0.94161 0.97943 0.98120 0.98172 0.98110 0.98237 0.98097 0.98257 0.98118 0.98304 0.98024 0.98306 0.96752 0.94369 0.93252 0.93018 0.93976 0.95268 0.97266 0.98406 0.97994 0.97803 0.98201 0.65202
0.54497 0.95749 0.94197 0.95749 0.94451 0.95749 0.94167 0.94557 0.95897 0.94444 0.95749 0.93244 0.95749 0.93147 0.92355 0.91331 0.91095 0.91965 0.92542 0.94660 0.95749 0.95938 0.95749 0.95749 0.63833
0.90258 0.90612 0.94467 0.94112 0.94062 0.94099 0.94026 0.94356 0.94241 0.94342 0.94207 0.94060 0.94206 0.92661 0.91069 0.89700 0.89259 0.90434 0.91844 0.93282 0.94232 0.94429 0.94325 0.94280 0.62569
0.85075 0.94018 0.93774 0.94018 0.93813 0.94018 0.93769 0.93829 0.93864 0.93812 0.94018 0.93632 0.94018 0.92218 0.90685 0.89679 0.89275 0.90008 0.91421 0.92678 0.94018 0.93824 0.94018 0.93618 0.62678
0.92078 0.92374 0.95311 0.95377 0.95202 0.95383 0.95313 0.95247 0.95303 0.95369 0.95277 0.95430 0.95276 0.93852 0.92083 0.90701 0.90789 0.91442 0.92743 0.94310 0.95268 0.95447 0.95556 0.95333 0.63704
0.97474 0.97196 0.97325 0.97196 0.97304 0.97196 0.97327 0.97295 0.97243 0.97305 0.97196 0.97401 0.97196 0.95616 0.93751 0.92712 0.92366 0.93155 0.94652 0.96083 0.97196 0.97258 0.97196 0.97196 0.64798
0.98944 0.99072 0.98804 0.98928 0.98927 0.98918 0.99003 0.98913 0.99042 0.98956 0.99071 0.98848 0.99073 0.97397 0.95442 0.94170 0.93673 0.94877 0.96189 0.97945 0.99126 0.98877 0.98713 0.99008 0.65759
1.00000 1.00000 1.00000 1.00000 1.00000 1.00000 1.00000 1.00000 1.00000 1.00000 1.00000 1.00000 1.00000 0.98449 0.96456 0.95386 0.95058 0.95950 0.97329 0.98929 1.00000 1.00000 1.00000 1.00000 0.66667
1.00000 1.00000 1.00000 1.00000 1.00000 1.00000 1.00000 1.00000 1.00000 1.00000 1.00000 1.00000 1.00000 0.98395 0.96385 0.95227 0.95061 0.95955 0.97327 0.98919 1.00000 1.00000 1.00000 1.00000 0.66667
1.00000 1.00000 1.00000 1.00000 1.00000 1.00000 1.00000 1.00000 1.00000 1.00000 1.00000 1.00000 1.00000 0.98202 0.96563 0.95249 0.94858 0.95969 0.97465 0.98771 1.00000 1.00000 1.00000 1.00000 0.66667
1.00000 1.00000 1.00000 1.00000 1.00000 1.00000 1.00000 1.00000 1.00000 1.00000 1.00000 1.00000 1.00000 0.98556 0.96362 0.95174 0.95043 0.95826 0.97358 0.98986 1.00000 1.00000 1.00000 1.00000 0.66667
0.44444 0.66667 0.66667 0.66667 0.66667 0.66667 0.66667 0.66667 0.66667 0.66667 0.66667 0.66667 0.66667 0.65389 0.64304 0.63590 0.63410 0.64032 0.64853 0.65814 0.66667 0.66667 0.66667 0.66667 0.44444
