# name=hexagonal field=200x200 stride=8
25 25
0.12703 0.90262 0.88305 0.89553 0.89402 0.90755 0.92373 0.85093 0.85668 0.50544 0.92268 0.90427 0.89553 0.89402 0.91890 0.94389 0.91581 0.94526 0.95742 0.98889 0.99442 1.00000 1.00000 0.98579 0.97787
0.89371 0.89450 0.95453 0.95289 0.95742 0.96381 0.92064 0.91988 0.86766 0.92151 0.92991 0.97091 0.95608 0.95742 0.97291 0.95257 0.96668 0.95042 0.97380 0.99035 0.99570 1.00000 0.99040 0.98044 0.96722
0.84595 0.88350 0.93585 0.95796 0.96223 0.96512 0.92745 0.92853 0.92215 0.93014 0.94534 0.96460 0.96192 0.96223 0.97173 0.96098 0.96976 0.97065 0.97720 0.98379 0.99681 0.99524 0.98829 0.97679 0.95905
0.28820 0.91883 0.93022 0.97801 0.97233 0.96145 0.94369 0.91704 0.92613 0.89373 0.94615 0.96093 0.98253 0.98064 0.96915 0.97515 0.95707 0.97269 0.96579 0.98413 0.99624 0.99492 0.98743 0.97461 0.95882
0.93832 0.99054 0.97944 0.96358 0.97632 0.96879 0.93489 0.93373 0.93013 0.93681 0.95082 0.96821 0.96726 0.96733 0.97428 0.96513 0.97213 0.97427 0.97986 0.98594 0.99736 0.99565 0.98933 1.00000 1.00000
0.98262 0.96840 0.99141 0.97908 0.98064 0.98370 0.94553 0.93420 0.89083 0.93571 0.94521 0.97772 0.97860 0.98064 0.99025 0.96347 0.97300 0.96050 0.97961 0.99173 0.99690 1.00000 1.00000 1.00000 1.00000
0.94265 0.95067 0.97944 0.96302 0.97637 0.96844 0.93441 0.93329 0.93013 0.93638 0.94959 0.96790 0.96669 0.96681 0.97411 0.96461 0.97202 0.97427 0.97971 0.98553 0.99727 0.99566 0.98936 1.00000 1.00000
0.28820 0.91883 0.93022 0.97801 0.97232 0.96145 0.94369 0.92681 0.92613 0.89373 0.94615 0.96093 0.98253 0.98064 0.96915 0.97515 0.95894 0.97269 0.96579 0.98413 0.99624 0.99492 0.98743 0.97461 0.95882
0.94268 0.95095 0.98011 0.96361 0.96733 0.96898 0.93481 0.93483 0.93055 0.93639 0.95016 0.96850 0.96716 0.96733 0.97466 0.96451 0.97257 0.97441 0.97971 0.98575 0.99726 0.99580 0.98972 1.00000 1.00000
0.98262 0.96840 0.99141 0.97909 0.98064 0.98370 0.94553 0.93420 0.89083 0.93572 0.93624 0.97773 0.97860 0.98064 0.99025 0.96348 0.97301 0.96050 0.97961 0.98753 0.99691 1.00000 1.00000 1.00000 1.00000
0.88435 0.99024 0.97882 0.96304 0.97562 0.96828 0.93450 0.93385 0.92973 0.91129 0.95030 0.96766 0.96682 0.96685 0.97376 0.96521 0.97218 0.97414 0.97943 0.98574 0.99737 0.99552 0.98900 1.00000 1.00000
0.28805 0.91901 0.93038 0.97806 0.97239 0.96147 0.94370 0.91703 0.92613 0.89382 0.94616 0.96096 0.98258 0.98069 0.96919 0.97515 0.95709 0.97268 0.96581 0.98413 0.99623 0.99493 0.98746 0.97467 0.95892
0.94578 0.93521 0.98056 0.96325 0.96699 0.96891 0.93414 0.93389 0.92719 0.93545 0.93527 0.96851 0.96671 0.96699 0.97484 0.96362 0.97222 0.97292 0.97936 0.98539 0.99714 0.99591 0.98999 1.00000 1.00000
0.98229 0.94916 0.99126 0.96355 0.96500 0.98349 0.92260 0.93354 0.88942 0.93506 0.92300 0.97743 0.96276 0.96500 0.99014 0.94784 0.97271 0.95935 0.97936 0.98778 0.99686 1.00000 1.00000 1.00000 1.00000
0.88335 0.99012 0.97859 0.96325 0.97531 0.96837 0.95290 0.89723 0.92936 0.91384 0.94992 0.96771 0.96709 0.96706 0.97371 0.98187 0.93968 0.97398 0.97946 0.98559 0.99744 0.99546 0.98886 1.00000 1.00000
0.76592 0.98926 0.93519 0.97807 0.97406 0.96375 0.94370 0.92015 0.92613 0.92029 0.94616 0.96785 0.98258 0.98189 0.97102 0.97515 0.95829 0.97268 0.98045 0.98413 0.99742 0.99493 0.98826 0.97653 1.00000
0.95812 0.94839 1.00000 0.96760 0.97088 0.97208 0.94347 0.93967 0.93293 0.94116 0.92381 0.98829 0.97065 0.97088 0.97742 0.96863 0.97491 0.97547 0.98155 0.98847 0.99757 0.99644 1.00000 1.00000 1.00000
0.98735 0.97821 0.99392 0.98509 0.98615 0.98764 0.95764 0.93965 0.92906 0.94106 0.95764 0.98325 0.98469 0.98615 0.99241 0.97122 0.97500 0.96777 0.98142 0.99385 0.99776 1.00000 1.00000 1.00000 1.00000
0.96503 1.00000 1.00000 1.00000 1.00000 0.99132 0.96840 0.93304 0.95104 0.93138 0.97139 0.99218 1.00000 0.99065 0.99458 0.98385 0.96625 0.98199 0.98309 0.99259 0.99845 1.00000 1.00000 1.00000 1.00000
0.95860 1.00000 1.00000 1.00000 1.00000 0.98638 0.96753 0.95180 0.94875 0.95310 0.96954 0.98820 1.00000 1.00000 0.99213 0.98331 0.97823 0.98141 0.98563 0.99206 0.99751 1.00000 1.00000 1.00000 1.00000
0.98424 0.98496 1.00000 0.98817 1.00000 0.98463 0.95750 0.95325 0.94614 0.95466 0.95919 0.98647 0.98756 1.00000 0.99077 0.97273 0.97930 0.97984 0.98593 0.99240 0.99710 1.00000 1.00000 1.00000 1.00000
0.98521 0.98589 1.00000 0.98892 0.98888 0.98446 0.95794 0.95312 0.94431 0.95454 0.95966 0.98633 0.98867 0.98888 0.99069 0.97306 0.97924 0.97927 0.98588 0.99240 0.99706 1.00000 1.00000 1.00000 1.00000
0.96295 1.00000 1.00000 1.00000 1.00000 0.98597 0.96817 0.95131 0.94906 0.95400 0.97018 0.98780 1.00000 1.00000 0.99189 0.98353 0.97787 0.98112 0.98605 0.99228 0.99741 1.00000 1.00000 1.00000 1.00000
0.99167 1.00000 1.00000 1.00000 1.00000 0.99138 0.96830 0.94612 0.94984 0.94446 0.97030 0.99223 1.00000 1.00000 0.99463 0.98396 0.97857 0.98145 0.98263 0.99218 0.99846 1.00000 1.00000 1.00000 1.00000
0.98667 0.97547 0.99349 0.98327 0.98449 0.98645 0.95431 0.93718 0.94577 0.93872 0.95420 0.98243 0.98287 0.98449 0.99177 0.96963 0.97357 0.97969 0.98060 0.99311 0.99762 1.00000 1.00000 1.00000 1.00000
