# name=rect_scattered field=200x200 stride=8
25 25
0.00000 0.00000 0.00000 0.00000 0.00000 0.00000 0.00000 0.00000 0.00000 0.00000 0.00000 0.00000 0.00000 0.00000 0.00000 0.00000 0.00000 0.00000 0.00000 0.00000 0.00000 0.00000 0.00000 0.00000 0.44444
0.00000 0.00000 0.00000 0.00000 0.00000 0.00000 0.00000 0.00000 0.00000 0.00000 0.00000 0.00000 0.00000 0.00000 0.00000 0.00000 0.00000 0.00000 0.00000 0.00000 0.00000 0.00000 0.00000 0.00000 0.44444
0.00000 0.00000 0.00000 0.00000 0.00000 0.00000 0.00000 0.00000 0.00000 0.00000 0.00000 0.00000 0.00000 0.00000 0.00000 0.00000 0.00000 0.00000 0.00000 0.00000 0.00000 0.00000 0.00000 0.00000 0.99075
0.00000 0.00000 0.00000 0.00000 0.00000 0.00000 0.00000 0.00000 0.00000 0.00000 0.00000 0.00000 0.00000 0.00000 0.00000 0.00000 0.00000 0.00000 0.00000 0.00000 0.00000 0.00000 0.00000 0.00000 0.98731
0.00000 0.00000 0.00000 0.00000 0.00000 0.00000 0.00000 0.00000 0.00000 0.00000 0.00000 0.00000 0.00000 0.00000 0.00000 0.00000 0.00000 0.00000 0.00000 0.00000 0.00000 0.00000 0.00000 0.00000 0.98506
0.00000 0.00000 0.00000 0.00000 0.00000 0.00000 0.00000 0.00000 0.00000 0.00000 0.00000 0.00000 0.00000 0.00000 0.00000 0.00000 0.00000 0.00000 0.00000 0.00000 0.00000 0.00000 0.00000 0.00000 0.98528
0.00000 0.00000 0.00000 0.00000 0.00000 0.00000 0.00000 0.00000 0.00000 0.00000 0.00000 0.00000 0.00000 0.00000 0.00000 0.00000 0.00000 0.00000 0.00000 0.00000 0.00000 0.00000 0.00000 0.00000 0.98783
0.00000 0.00000 0.00000 0.00000 0.00000 0.00000 0.00000 0.00000 0.00000 0.00000 0.00000 0.00000 0.00000 0.00000 0.00000 0.00000 0.00000 0.00000 0.00000 0.00000 0.00000 0.00000 0.00000 0.00000 0.97405
0.12496 0.66704 0.63231 0.65457 0.68825 0.62337 0.53428 0.57375 0.68120 0.49985 0.73556 0.39737 0.34129 0.19789 0.00000 0.00000 0.00000 0.00000 0.00000 0.00000 0.00000 0.00000 0.00000 0.00000 0.00000
0.11402 0.43982 0.41540 0.38623 0.61894 0.51135 0.00000 0.54225 0.37181 0.41064 0.70077 0.36706 0.23489 0.16214 0.05360 0.50773 0.00000 0.00000 0.00000 0.00000 0.00000 0.00000 0.00000 0.00000 0.00000
0.15375 0.65353 0.63603 0.68751 0.57062 0.06935 0.15431 0.53304 0.29253 0.58559 0.63912 0.56149 0.18615 0.07382 0.06542 0.52017 0.00000 0.00000 0.00000 0.00000 0.00000 0.00000 0.00000 0.00000 0.00000
0.11800 0.57740 0.56138 0.63657 0.32912 0.50402 0.52478 0.69014 0.50491 0.57613 0.55462 0.48019 0.00000 0.07545 0.03101 0.47082 0.00000 0.00000 0.00000 0.00000 0.00000 0.00000 0.00000 0.00000 0.00000
0.00000 0.00000 0.13095 0.18192 0.48962 0.54958 0.66919 0.64683 0.50441 0.55825 0.54472 0.30999 0.13176 0.25391 0.27511 0.03526 0.00000 0.00000 0.00000 0.00000 0.00000 0.00000 0.00000 0.00000 0.00000
0.00000 0.00000 0.00000 0.09388 0.44838 0.55518 0.52821 0.58546 0.33048 0.34166 0.57449 0.50478 0.12584 0.25834 0.29767 0.27956 0.00000 0.00000 0.00000 0.00000 0.00000 0.00000 0.00000 0.00000 0.00000
0.00000 0.00000 0.00000 0.08519 0.36077 0.46765 0.55787 0.59737 0.35159 0.33741 0.30159 0.50386 0.06421 0.53457 0.59457 0.59103 0.00000 0.00000 0.00000 0.00000 0.00000 0.00000 0.00000 0.00000 0.00000
0.00000 0.00000 0.12534 0.23990 0.25819 0.46271 0.56321 0.59832 0.35058 0.57781 0.53475 0.05497 0.32054 0.35956 0.66497 0.63051 0.00000 0.00000 0.00000 0.00000 0.00000 0.00000 0.00000 0.00000 0.00000
0.00000 0.00000 0.00000 0.00000 0.00000 0.00000 0.00000 0.00000 0.73146 0.69469 0.64881 0.66147 0.64985 0.43042 0.72515 0.75836 0.80514 0.88139 0.91471 0.94454 0.98438 0.99563 0.99570 0.99719 1.00000
0.00000 0.00000 0.00000 0.00000 0.00000 0.00000 0.00000 0.00000 0.80156 0.87241 0.84557 0.81411 0.80110 0.84887 0.84773 0.85493 0.84428 0.89544 0.92112 0.90762 0.92268 0.96863 0.99912 1.00000 1.00000
0.00000 0.00000 0.00000 0.00000 0.00000 0.00000 0.00000 0.00000 0.95619 0.96581 0.97977 0.87797 0.85804 0.88430 0.90959 0.89605 0.87722 0.89677 0.91217 0.91334 0.93502 0.96352 0.99914 0.99947 0.44444
0.00000 0.00000 0.00000 0.00000 0.00000 0.00000 0.00000 0.00000 0.96206 0.97013 0.93343 0.88852 0.89095 0.90586 0.90903 0.92028 0.86519 0.85381 0.90151 0.91150 0.91815 0.92872 0.94936 0.93713 0.93057
0.00000 0.00000 0.00000 0.00000 0.00000 0.00000 0.00000 0.00000 0.96932 0.97459 0.91346 0.85898 0.88608 0.93278 0.92666 0.91082 0.88162 0.86392 0.90583 0.90976 0.94448 0.93638 0.94105 0.91751 0.88443
0.00000 0.00000 0.00000 0.00000 0.00000 0.00000 0.00000 0.00000 0.97872 0.96628 0.91923 0.87111 0.88696 0.92844 0.92231 0.91931 0.92238 0.88510 0.91493 0.92401 0.95748 0.97582 0.96599 0.94478 0.91189
0.00000 0.00000 0.00000 0.00000 0.00000 0.00000 0.00000 0.00000 1.00000 0.97433 0.96592 0.91015 0.91612 0.93730 0.93141 0.93540 0.94016 0.94701 0.91940 0.93624 0.97115 1.00000 1.00000 1.00000 0.44444
0.00000 0.00000 0.00000 0.00000 0.00000 0.00000 0.00000 0.00000 1.00000 0.97797 0.97237 0.95897 0.95408 0.95347 0.94842 0.95142 0.99981 0.96082 0.95894 0.97979 1.00000 1.00000 1.00000 0.44444 0.44444
0.00000 0.00000 0.00000 0.00000 0.00000 0.00000 0.00000 0.00000 0.00000 0.00000 0.00000 0.00000 0.00000 0.00000 0.00000 0.00000 0.00000 0.00000 0.00000 0.00000 0.00000 0.00000 0.00000 0.00000 0.00000
