# name=row_only field=200x200 stride=8
25 25
0.00000 0.00000 0.00000 0.00000 0.00000 0.00000 0.00000 0.00000 0.00000 0.00000 0.00000 0.00000 0.00000 0.00000 0.00000 0.29709 0.35962 0.40161 0.66667 0.66667 0.66667 0.44444 0.44444 0.44444 0.00000
0.00000 0.00000 0.11650 0.10952 0.68836 0.26953 0.27071 0.73282 0.00000 0.00000 0.00000 0.00000 0.00000 0.00000 0.26348 0.72388 0.80091 0.90179 0.97041 0.98029 0.96994 0.95651 0.94595 0.94223 0.00000
0.00000 0.00000 0.10516 0.42399 0.69110 0.71576 0.73820 0.72218 0.31788 0.00000 0.00000 0.00000 0.00000 0.00000 0.54651 0.66911 0.77998 0.89112 0.93293 0.95980 0.96059 0.94908 0.93196 0.93024 0.00000
0.00000 0.00000 0.21204 0.70758 0.67360 0.73515 0.70976 0.68109 0.59583 0.53946 0.08543 0.29653 0.30344 0.54233 0.63035 0.67884 0.73487 0.85858 0.92449 0.92552 0.91907 0.89966 0.88311 0.93135 0.00000
0.00000 0.16587 0.15905 0.65119 0.62769 0.69438 0.66857 0.73272 0.69032 0.55223 0.56657 0.33260 0.56245 0.59593 0.61322 0.73154 0.75151 0.84074 0.89670 0.90495 0.89213 0.85402 0.84225 0.82570 0.00000
0.00000 0.20409 0.32795 0.68058 0.59119 0.50074 0.63543 0.64496 0.64638 0.60508 0.64184 0.62189 0.60020 0.61790 0.61993 0.70621 0.71708 0.77013 0.86662 0.84839 0.86727 0.83720 0.82705 0.99972 0.00000
0.00000 0.17306 0.17483 0.59963 0.60111 0.54168 0.60570 0.65757 0.68674 0.71405 0.73026 0.70892 0.64006 0.71618 0.73682 0.75535 0.78399 0.86477 0.88805 0.93418 0.97403 0.99261 0.99227 0.99955 0.00000
0.00000 0.20338 0.35946 0.34065 0.61465 0.61987 0.55185 0.66732 0.68808 0.72765 0.73580 0.70233 0.68231 0.73287 0.70363 0.78622 0.79460 0.87680 0.90631 0.94687 0.96337 0.97427 0.98984 0.99214 0.00000
0.00000 0.21232 0.68721 0.72020 0.70897 0.72914 0.74930 0.77748 0.72502 0.69473 0.68269 0.63825 0.62736 0.63524 0.70537 0.81882 0.86035 0.88767 0.87710 0.86989 0.88512 0.88969 0.89909 0.91841 0.95180
0.00000 0.00000 0.74422 0.73349 0.75218 0.74803 0.75376 0.71835 0.74069 0.67993 0.65799 0.59745 0.59531 0.63774 0.69088 0.80630 0.81712 0.86907 0.82746 0.85161 0.86324 0.89120 0.89581 0.92464 0.93567
0.00000 0.00000 0.70566 0.79813 0.75487 0.71365 0.71187 0.64003 0.68158 0.65750 0.60357 0.65313 0.64590 0.60179 0.68248 0.66796 0.84007 0.91810 0.74962 0.82189 0.80880 0.80549 0.93818 0.92744 0.90914
0.00000 0.00000 0.73167 0.79632 0.76608 0.78398 0.74300 0.73383 0.71445 0.66098 0.68908 0.66637 0.65905 0.67015 0.68354 0.77206 0.87317 0.88825 0.85745 0.83975 0.82333 0.82136 0.83896 0.91606 0.89908
0.00000 0.00000 0.72260 0.73047 0.69810 0.68682 0.68304 0.73337 0.65031 0.67530 0.70552 0.71409 0.74000 0.63831 0.72891 0.84902 0.87218 0.91245 0.86569 0.83064 0.83846 0.85067 0.86877 0.87492 0.59630
0.00000 0.10177 0.64171 0.70865 0.68988 0.73010 0.73732 0.76762 0.72744 0.63732 0.70550 0.68474 0.72007 0.75886 0.82354 0.86646 0.86817 0.87345 0.84190 0.84124 0.85784 0.87321 0.89475 0.93784 0.92857
0.00000 0.00000 0.56405 0.74843 0.67864 0.73137 0.75003 0.71956 0.76727 0.68959 0.70506 0.72833 0.70162 0.79818 0.79118 0.82094 0.83841 0.86157 0.80625 0.83557 0.86862 0.88869 0.97204 0.96429 0.95936
0.00000 0.31616 0.82651 0.82596 0.80702 0.77576 0.72890 0.73423 0.86382 0.84901 0.85172 0.81926 0.79321 0.87085 0.86207 0.91277 0.85911 0.87083 0.88155 0.91855 0.94838 0.99763 0.99815 0.99863 1.00000
0.29205 0.23731 0.39594 0.77588 0.79274 0.87124 0.88277 0.88607 0.91765 0.90612 0.89118 0.89246 0.90763 0.91795 0.89447 0.89783 0.90503 0.91091 0.91253 0.94010 0.96262 0.98456 0.99882 1.00000 1.00000
0.84537 0.84674 0.86483 0.94232 0.94300 0.92521 0.93194 0.93653 0.90958 0.91978 0.93004 0.92963 0.93250 0.90753 0.91458 0.91420 0.91768 0.92767 0.95049 0.95609 0.96887 0.97013 0.96529 0.96593 1.00000
0.92187 0.91022 0.91465 0.92031 0.95281 0.94719 0.93701 0.90891 0.89839 0.91534 0.93626 0.95381 0.95153 0.94777 0.93686 0.94075 0.93504 0.94307 0.94899 0.95269 0.95609 0.95205 0.94556 0.94791 0.95082
0.94943 0.93996 0.92002 0.89981 0.92068 0.93045 0.91695 0.95498 0.89423 0.91752 0.93462 0.94020 0.98658 0.95643 0.97202 0.97069 0.93659 0.93517 0.95834 0.93557 0.94326 0.93473 0.93755 0.62380 0.62380
0.91945 0.91715 0.88823 0.87887 0.88504 0.90266 0.91087 0.90353 0.91065 0.93002 0.95876 0.99300 0.99575 0.98535 0.97930 0.98364 0.93430 0.94243 0.95363 0.94595 0.93947 0.93346 0.94139 0.95309 0.44444
0.59630 0.87273 0.86786 0.85076 0.86104 0.87431 0.90935 0.92456 0.94682 0.94952 0.97866 0.99002 0.99460 0.99766 0.99005 0.99094 0.92103 0.94138 0.94551 0.94629 0.94612 0.94514 0.96710 0.98164 0.98211
0.60275 0.91764 0.87184 0.85674 0.86888 0.89893 0.92720 0.95437 0.98215 0.97176 0.98801 0.99037 0.99464 1.00000 0.99983 0.99975 0.93667 0.94748 0.95056 0.95865 0.95797 0.96299 0.98236 0.98182 0.44444
0.61876 0.94023 0.94901 0.89433 0.91777 0.92802 0.94409 1.00000 0.98704 0.99165 0.99151 0.99217 1.00000 1.00000 0.99987 0.99982 0.96156 0.96068 0.97718 0.96828 0.96908 0.98724 0.98622 0.44444 0.44444
0.44444 0.44444 0.66667 0.66667 0.66667 0.66667 0.66667 0.66667 0.66667 0.66667 0.66667 0.66667 0.66667 0.66667 0.66667 0.66667 0.66667 0.66667 0.66667 0.66667 0.66667 0.44444 0.44444 0.44444 0.00000
