# name=two_districts field=200x200 stride=8
25 25
0.00000 0.00000 0.33530 0.00000 0.30371 0.00000 0.30371 0.00000 0.00000 0.00000 0.00000 0.00000 0.00000 0.00000 0.35989 0.26416 0.79892 0.85571 0.87092 0.86376 0.91156 0.90608 0.90081 0.90100 0.91261
0.00000 0.34807 1.00000 0.93222 1.00000 0.89834 1.00000 0.89834 0.00000 0.00000 0.00000 0.00000 0.18694 0.03641 0.32157 0.51938 0.81326 0.84522 0.86971 0.87039 0.89589 0.88825 0.89573 0.87990 0.87414
0.33530 1.00000 0.95276 1.00000 0.96239 1.00000 0.96239 1.00000 0.00000 0.00000 0.00000 0.00000 0.26609 0.28238 0.46537 0.47053 0.83041 0.85936 0.86749 0.87519 0.88785 0.88459 0.87521 0.86320 0.85007
0.00000 0.93222 1.00000 1.00000 1.00000 1.00000 1.00000 1.00000 0.00000 0.00000 0.00000 0.23060 0.30102 0.43131 0.44811 0.50228 0.83546 0.86728 0.87444 0.88171 0.87747 0.87938 0.87510 0.87244 0.85826
0.30371 1.00000 0.96239 1.00000 0.97018 1.00000 0.97018 1.00000 0.00000 0.00000 0.00000 0.26924 0.34219 0.47738 0.38497 0.54104 0.86762 0.87078 0.86943 0.87962 0.87269 0.87192 0.86685 0.86808 0.85567
0.00000 0.89834 1.00000 1.00000 1.00000 1.00000 1.00000 1.00000 0.00000 0.00000 0.00000 0.26463 0.18050 0.55115 0.51306 0.51970 0.86737 0.86805 0.87931 0.87191 0.87981 0.87127 0.87736 0.86634 0.84468
0.30371 1.00000 0.96239 1.00000 0.97018 1.00000 0.97018 1.00000 0.00000 0.00000 0.05686 0.00000 0.51905 0.47401 0.52855 0.56330 0.87276 0.87814 0.87953 0.87383 0.87872 0.86915 0.86373 0.85532 0.84328
0.00000 0.89834 1.00000 1.00000 1.00000 1.00000 1.00000 1.00000 0.00000 0.00000 0.07060 0.07645 0.50493 0.67097 0.61682 0.61457 0.86914 0.88658 0.88105 0.88122 0.87186 0.87705 0.85874 0.85787 0.85428
0.30371 1.00000 0.96239 1.00000 0.97018 1.00000 0.97018 1.00000 0.00000 0.00000 0.00000 0.45553 0.52259 0.52998 0.43200 0.55563 0.88222 0.88063 0.88445 0.89026 0.87605 0.86687 0.86444 0.87057 0.85760
0.00000 0.89834 1.00000 1.00000 1.00000 1.00000 1.00000 1.00000 0.00000 0.00000 0.00000 0.25657 0.56355 0.56013 0.59631 0.57745 0.88999 0.88174 0.88692 0.88044 0.87597 0.87623 0.86965 0.86692 0.85150
0.30371 1.00000 0.96239 1.00000 0.97018 1.00000 0.97018 1.00000 0.00000 0.00000 0.00000 0.26404 0.50050 0.41424 0.36984 0.55062 0.87484 0.88243 0.88465 0.87758 0.87999 0.87094 0.87583 0.87089 0.85839
0.00000 0.89834 1.00000 1.00000 1.00000 1.00000 1.00000 1.00000 0.00000 0.00000 0.00000 0.00000 0.57361 0.55292 0.55909 0.46045 0.87038 0.87652 0.87120 0.87709 0.87860 0.87935 0.87424 0.86914 0.86710
0.30371 1.00000 0.96239 1.00000 0.97018 1.00000 0.97018 1.00000 0.00000 0.00000 0.00000 0.20787 0.27844 0.40953 0.46858 0.47707 0.85886 0.86524 0.87405 0.87867 0.86923 0.87895 0.87302 0.85759 0.84213
0.00000 0.89834 1.00000 1.00000 1.00000 1.00000 1.00000 1.00000 0.00000 0.00000 0.00000 0.24388 0.29878 0.46100 0.45761 0.54728 0.87604 0.86685 0.86995 0.87413 0.86754 0.87575 0.85773 0.85329 0.84222
0.30371 1.00000 0.98171 1.00000 0.98542 1.00000 0.98542 1.00000 0.16280 0.00000 0.18339 0.25794 0.18362 0.46194 0.51202 0.58649 0.87359 0.87258 0.87689 0.86734 0.87166 0.87273 0.88232 0.88475 0.88285
0.23130 0.96767 1.00000 1.00000 1.00000 1.00000 1.00000 1.00000 0.52503 0.50090 0.50155 0.27095 0.57501 0.48082 0.53099 0.56352 0.86859 0.87381 0.87385 0.87330 0.87592 0.87465 0.88159 0.88563 0.88657
0.59034 1.00000 0.98574 1.00000 0.98869 1.00000 0.98869 1.00000 0.70890 0.69817 0.71612 0.66563 0.63680 0.67805 0.64587 0.64549 0.85719 0.87496 0.87016 0.87237 0.86682 0.87560 0.87948 0.87900 0.88789
0.56671 0.97688 1.00000 1.00000 1.00000 1.00000 1.00000 1.00000 0.85561 0.84920 0.85820 0.81911 0.79027 0.72698 0.71877 0.64879 0.86232 0.86888 0.87430 0.87871 0.87569 0.87921 0.87920 0.88307 0.88594
0.94273 1.00000 1.00000 1.00000 1.00000 1.00000 1.00000 1.00000 0.93830 0.94241 0.93973 0.93598 0.91061 0.77102 0.68835 0.64849 0.87452 0.87247 0.87574 0.86993 0.87750 0.88322 0.88005 0.87850 0.87347
0.65042 0.98133 1.00000 1.00000 1.00000 1.00000 1.00000 1.00000 0.98085 0.97779 0.98132 0.97426 0.89594 0.83690 0.81083 0.51507 0.87096 0.87421 0.88089 0.87313 0.87733 0.87309 0.88295 0.88828 0.89501
1.00000 1.00000 1.00000 1.00000 1.00000 1.00000 1.00000 1.00000 1.00000 1.00000 0.99757 0.99200 0.95448 0.83899 0.77066 0.74397 0.88254 0.88332 0.87084 0.87005 0.87840 0.87797 0.88373 0.88478 0.89206
0.66667 1.00000 1.00000 1.00000 1.00000 1.00000 1.00000 1.00000 1.00000 1.00000 1.00000 0.97762 0.93061 0.90585 0.77421 0.69224 0.88193 0.87976 0.87644 0.87686 0.86630 0.87148 0.87560 0.88838 0.89099
1.00000 1.00000 1.00000 1.00000 1.00000 1.00000 1.00000 1.00000 1.00000 1.00000 1.00000 0.96908 0.92894 0.85468 0.78332 0.76917 0.88890 0.88038 0.87236 0.87822 0.87585 0.88047 0.87571 0.88109 0.88680
0.66667 1.00000 1.00000 1.00000 1.00000 1.00000 1.00000 1.00000 1.00000 1.00000 0.99448 0.98431 0.86636 0.84809 0.82732 0.79657 0.88640 0.88575 0.87279 0.86866 0.87491 0.87986 0.88494 0.88725 0.88631
0.44444 0.66667 0.66667 0.66667 0.66667 0.66667 0.66667 0.66667 0.00000 0.00000 0.00000 0.00000 0.00000 0.00000 0.00000 0.00000 0.89664 0.89242 0.86776 0.87500 0.88635 0.88033 0.88693 0.89194 0.88736
