# name=grid_streets_w7 field=200x200 stride=8
25 25
0.00000 0.14890 0.14655 0.36100 0.36487 0.14606 0.36487 0.36100 0.36308 0.36386 0.35974 0.36507 0.35835 0.36446 0.36212 0.36212 0.36446 0.35835 0.36507 0.35974 0.36386 0.36308 0.14624 0.14820 0.00000
0.14890 0.35551 1.00000 0.94945 0.91428 0.93221 0.91428 0.94945 0.93705 0.93004 0.95488 1.00000 0.93178 0.92246 0.94352 0.94352 0.92246 0.93178 1.00000 0.95488 0.93004 0.93705 1.00000 0.35069 0.36653
0.14655 1.00000 1.00000 1.00000 1.00000 0.94432 1.00000 1.00000 1.00000 1.00000 0.96318 1.00000 0.94395 1.00000 1.00000 1.00000 1.00000 0.94395 1.00000 0.96318 1.00000 1.00000 1.00000 1.00000 0.34158
0.36100 0.94945 1.00000 1.00000 0.96378 0.95400 0.96378 1.00000 1.00000 1.00000 1.00000 0.96366 0.97312 0.96401 1.00000 1.00000 0.96401 0.97312 0.96366 1.00000 1.00000 1.00000 1.00000 0.95151 0.79916
0.36487 0.91428 1.00000 0.96378 1.00000 0.95106 1.00000 0.96378 1.00000 1.00000 0.96775 1.00000 0.95073 1.00000 0.95942 0.95942 1.00000 0.95073 1.00000 0.96775 1.00000 1.00000 1.00000 1.00000 0.80600
0.14606 0.93221 0.94432 0.95400 0.95106 1.00000 0.95106 0.95400 0.95241 0.95181 0.95498 0.95090 0.95606 0.95136 0.95314 0.95314 0.95136 0.95606 0.95090 0.95498 0.95181 0.95241 0.94781 0.93491 0.14606
0.36487 0.91428 1.00000 0.96378 1.00000 0.95106 1.00000 0.96378 1.00000 1.00000 0.96775 1.00000 0.95073 1.00000 0.95942 0.95942 1.00000 0.95073 1.00000 0.96775 1.00000 1.00000 1.00000 1.00000 0.80600
0.36100 0.94945 1.00000 1.00000 0.96378 0.95400 0.96378 1.00000 1.00000 1.00000 1.00000 0.96366 0.97312 0.96401 1.00000 1.00000 0.96401 0.97312 0.96366 1.00000 1.00000 1.00000 1.00000 0.95151 0.79916
0.36308 0.93705 1.00000 1.00000 1.00000 0.95241 1.00000 1.00000 1.00000 1.00000 0.96866 1.00000 0.95209 1.00000 1.00000 1.00000 1.00000 0.95209 1.00000 0.96866 1.00000 1.00000 1.00000 0.93958 0.80284
0.36386 0.93004 1.00000 1.00000 1.00000 0.95181 1.00000 1.00000 1.00000 1.00000 0.96826 1.00000 0.95149 1.00000 1.00000 1.00000 1.00000 0.95149 1.00000 0.96826 1.00000 1.00000 1.00000 0.93282 0.80423
0.35974 0.95488 0.96318 1.00000 0.96775 0.95498 0.96775 1.00000 0.96866 0.96826 1.00000 0.96764 1.00000 0.96795 1.00000 1.00000 0.96795 1.00000 0.96764 1.00000 0.96826 0.96866 1.00000 0.95674 0.79690
0.36507 1.00000 1.00000 0.96366 1.00000 0.95090 1.00000 0.96366 1.00000 1.00000 0.96764 1.00000 0.95058 1.00000 0.95929 0.95929 1.00000 0.95058 1.00000 0.96764 1.00000 1.00000 1.00000 1.00000 0.80636
0.35835 0.93178 0.94395 0.97312 0.95073 0.95606 0.95073 0.97312 0.95209 0.95149 1.00000 0.95058 1.00000 0.95104 0.97261 0.97261 0.95104 1.00000 0.95058 1.00000 0.95149 0.95209 0.96938 0.93449 0.79442
0.36446 0.92246 1.00000 0.96401 1.00000 0.95136 1.00000 0.96401 1.00000 1.00000 0.96795 1.00000 0.95104 1.00000 1.00000 1.00000 1.00000 0.95104 1.00000 0.96795 1.00000 1.00000 1.00000 1.00000 0.80529
0.36212 0.94352 1.00000 1.00000 0.95942 0.95314 0.95942 1.00000 1.00000 1.00000 1.00000 0.95929 0.97261 1.00000 1.00000 1.00000 1.00000 0.97261 0.95929 1.00000 1.00000 1.00000 1.00000 0.94580 0.80115
0.36212 0.94352 1.00000 1.00000 0.95942 0.95314 0.95942 1.00000 1.00000 1.00000 1.00000 0.95929 0.97261 1.00000 1.00000 1.00000 1.00000 0.97261 0.95929 1.00000 1.00000 1.00000 1.00000 0.94580 0.80115
0.36446 0.92246 1.00000 0.96401 1.00000 0.95136 1.00000 0.96401 1.00000 1.00000 0.96795 1.00000 0.95104 1.00000 1.00000 1.00000 1.00000 0.95104 1.00000 0.96795 1.00000 1.00000 1.00000 1.00000 0.80529
0.35835 0.93178 0.94395 0.97312 0.95073 0.95606 0.95073 0.97312 0.95209 0.95149 1.00000 0.95058 1.00000 0.95104 0.97261 0.97261 0.95104 1.00000 0.95058 1.00000 0.95149 0.95209 0.96938 0.93449 0.79442
0.36507 1.00000 1.00000 0.96366 1.00000 0.95090 1.00000 0.96366 1.00000 1.00000 0.96764 1.00000 0.95058 1.00000 0.95929 0.95929 1.00000 0.95058 1.00000 0.96764 1.00000 1.00000 1.00000 1.00000 0.80636
0.35974 0.95488 0.96318 1.00000 0.96775 0.95498 0.96775 1.00000 0.96866 0.96826 1.00000 0.96764 1.00000 0.96795 1.00000 1.00000 0.96795 1.00000 0.96764 1.00000 0.96826 0.96866 1.00000 0.95674 0.79690
0.36386 0.93004 1.00000 1.00000 1.00000 0.95181 1.00000 1.00000 1.00000 1.00000 0.96826 1.00000 0.95149 1.00000 1.00000 1.00000 1.00000 0.95149 1.00000 0.96826 1.00000 1.00000 1.00000 0.93282 0.80423
0.36308 0.93705 1.00000 1.00000 1.00000 0.95241 1.00000 1.00000 1.00000 1.00000 0.96866 1.00000 0.95209 1.00000 1.00000 1.00000 1.00000 0.95209 1.00000 0.96866 1.00000 1.00000 1.00000 0.93958 0.80284
0.14624 1.00000 1.00000 1.00000 1.00000 0.94781 1.00000 1.00000 1.00000 1.00000 1.00000 1.00000 0.96938 1.00000 1.00000 1.00000 1.00000 0.96938 1.00000 1.00000 1.00000 1.00000 1.00000 1.00000 0.33880
0.14820 0.35069 1.00000 0.95151 1.00000 0.93491 1.00000 0.95151 0.93958 0.93282 0.95674 1.00000 0.93449 1.00000 0.94580 0.94580 1.00000 0.93449 1.00000 0.95674 0.93282 0.93958 1.00000 1.00000 0.36045
0.00000 0.36653 0.34158 0.79916 0.80600 0.14606 0.80600 0.79916 0.80284 0.80423 0.79690 0.80636 0.79442 0.80529 0.80115 0.80115 0.80529 0.79442 0.80636 0.79690 0.80423 0.80284 0.33880 0.36045 0.00000
