# name=organic_walks field=200x200 stride=8
25 25
0.00000 0.00000 0.00000 0.00000 0.00000 0.00000 0.15666 0.03305 0.00000 0.10748 0.10516 0.00000 0.00000 0.00000 0.00000 0.00000 0.00000 0.00000 0.00000 0.00000 0.00000 0.00000 0.00000 0.00000 0.00000
0.00000 0.00000 0.00000 0.00000 0.00000 0.15007 0.15112 0.16130 0.16601 0.16438 0.10525 0.10848 0.00000 0.00000 0.00000 0.00000 0.00000 0.00000 0.00000 0.00000 0.00000 0.00000 0.00000 0.00000 0.00000
0.00000 0.00000 0.00000 0.00000 0.18482 0.15850 0.15497 0.29735 0.15160 0.15289 0.17112 0.11135 0.00000 0.00000 0.00000 0.00000 0.00000 0.00000 0.00000 0.03573 0.03204 0.00000 0.00000 0.00000 0.00000
0.00000 0.00000 0.00000 0.16880 0.17459 0.16381 0.16608 0.28541 0.14087 0.19515 0.23220 0.26727 0.22441 0.31401 0.08824 0.01728 0.05009 0.05869 0.00000 0.03204 0.02973 0.08315 0.04186 0.04110 0.04036
0.00000 0.00000 0.00000 0.16140 0.16754 0.17246 0.17993 0.43919 0.29774 0.30719 0.21947 0.09625 0.30762 0.26775 0.24800 0.04953 0.04844 0.05519 0.06327 0.02792 0.05359 0.06640 0.03868 0.03819 0.03781
0.00000 0.00000 0.02917 0.02418 0.13980 0.02951 0.16981 0.41325 0.26595 0.45265 0.47521 0.08148 0.42081 0.45004 0.27915 0.05107 0.04965 0.06062 0.02797 0.00000 0.11347 0.13047 0.15675 0.03015 0.03129
0.00000 0.00000 0.02681 0.02282 0.11053 0.13561 0.14705 0.02559 0.42310 0.41991 0.15935 0.24713 0.40859 0.41554 0.48945 0.20652 0.17216 0.02573 0.02956 0.00000 0.12962 0.15311 0.02837 0.02926 0.03064
0.00000 0.02744 0.03108 0.03478 0.03947 0.31237 0.30683 0.20050 0.25907 0.05457 0.15361 0.24166 0.24932 0.26154 0.28799 0.07632 0.06467 0.02262 0.01831 0.16704 0.26057 0.45595 0.16660 0.07894 0.07770
0.03480 0.03500 0.03618 0.09481 0.09485 0.18146 0.20140 0.23052 0.08473 0.07365 0.06423 0.06585 0.26944 0.29839 0.16469 0.07683 0.06117 0.04669 0.22902 0.16108 0.46465 0.17840 0.17267 0.16408 0.07202
0.03581 0.03492 0.03484 0.08384 0.08530 0.32725 0.19810 0.59492 0.18328 0.25744 0.41496 0.37892 0.11864 0.46645 0.45121 0.14966 0.25887 0.32332 0.09321 0.16002 0.14693 0.22055 0.16838 0.16190 0.17112
0.03744 0.03615 0.03511 0.35614 0.26311 0.31211 0.56982 0.60367 0.58773 0.56567 0.36322 0.17994 0.16114 0.24036 0.22746 0.11674 0.16841 0.07064 0.06856 0.02614 0.38690 0.46491 0.47137 0.45274 0.44198
0.00000 0.03119 0.02886 0.35087 0.42062 0.51005 0.22116 0.20880 0.62422 0.61389 0.21676 0.22416 0.22257 0.40107 0.18584 0.17816 0.16063 0.06721 0.24925 0.22906 0.37590 0.43745 0.45008 0.41417 0.06550
0.00000 0.00000 0.00000 0.33714 0.41847 0.22551 0.36399 0.21395 0.17762 0.34818 0.23265 0.20847 0.19180 0.10502 0.19181 0.12512 0.15536 0.41776 0.41458 0.40836 0.37791 0.37204 0.38814 0.15348 0.02447
0.00000 0.00000 0.00000 0.27249 0.48718 0.52391 0.49904 0.26993 0.45150 0.31147 0.31271 0.18029 0.17203 0.32198 0.19472 0.42347 0.43218 0.43425 0.41987 0.35998 0.23195 0.42153 0.21624 0.15884 0.02957
0.00000 0.00000 0.22891 0.31141 0.31243 0.28505 0.26932 0.21586 0.21883 0.28249 0.29803 0.16970 0.15849 0.32818 0.40882 0.44808 0.44505 0.41313 0.42252 0.25307 0.21380 0.24273 0.02867 0.03139 0.03882
0.00000 0.00000 0.06492 0.06616 0.29787 0.38891 0.25597 0.15859 0.40733 0.03782 0.29249 0.07306 0.16656 0.15649 0.47925 0.47683 0.46594 0.43298 0.46911 0.51148 0.45721 0.36331 0.02825 0.03197 0.03776
0.00000 0.00000 0.05550 0.06084 0.26147 0.25858 0.15819 0.19031 0.18693 0.09348 0.09327 0.07441 0.05905 0.06318 0.28587 0.07802 0.28391 0.09934 0.37621 0.26189 0.23507 0.45577 0.11042 0.11226 0.03239
0.00000 0.00000 0.10997 0.22457 0.25544 0.14910 0.15550 0.19565 0.19457 0.11427 0.07840 0.05761 0.05020 0.04789 0.02553 0.43368 0.38686 0.08615 0.31189 0.39078 0.43252 0.43198 0.20719 0.03560 0.03544
0.00000 0.00000 0.02747 0.20990 0.21031 0.41327 0.16303 0.17660 0.31031 0.10400 0.07676 0.02394 0.05441 0.01827 0.14087 0.15137 0.31518 0.32253 0.38518 0.43303 0.25717 0.29199 0.33221 0.03563 0.03586
0.00000 0.00000 0.00000 0.21965 0.21297 0.23363 0.56334 0.50498 0.24833 0.25388 0.17221 0.06652 0.05930 0.03165 0.37966 0.37984 0.39730 0.46056 0.22522 0.26374 0.42403 0.28479 0.32727 0.08224 0.03805
0.00000 0.00000 0.00000 0.00000 0.06478 0.23103 0.16155 0.05861 0.21535 0.23664 0.15613 0.06806 0.15935 0.16982 0.16209 0.26352 0.44886 0.41249 0.41423 0.27785 0.31255 0.07808 0.08596 0.04096 0.00000
0.00000 0.00000 0.00000 0.00000 0.08390 0.17360 0.18048 0.23220 0.22376 0.23461 0.16544 0.16913 0.14386 0.14852 0.51454 0.23071 0.23968 0.40534 0.40967 0.24067 0.32111 0.08019 0.03954 0.04030 0.00000
0.00000 0.00000 0.00000 0.00000 0.03634 0.03218 0.20959 0.26274 0.07704 0.06614 0.07392 0.18446 0.15476 0.15236 0.03437 0.23736 0.07613 0.26520 0.25444 0.07823 0.04032 0.07369 0.03972 0.03979 0.00000
0.00000 0.00000 0.00000 0.00000 0.03400 0.03350 0.00000 0.10515 0.08222 0.07281 0.07840 0.08814 0.08090 0.03749 0.03876 0.03532 0.08002 0.07319 0.25656 0.04040 0.04006 0.04047 0.00000 0.00000 0.00000
0.00000 0.00000 0.00000 0.00000 0.00000 0.00000 0.00000 0.00000 0.09246 0.08442 0.08957 0.00000 0.00000 0.03757 0.00000 0.03535 0.03359 0.03400 0.03653 0.00000 0.00000 0.00000 0.00000 0.00000 0.00000
