# name=grid_nonrect_buildings field=200x200 stride=8
25 25
0.00000 0.00000 0.29928 0.30188 0.28316 0.25930 0.00000 0.29131 0.33333 0.72532 0.72699 0.54161 0.47610 0.45644 0.37614 0.28354 0.28179 0.50479 0.29388 0.78796 0.52950 0.52809 0.56784 0.61905 0.61905
0.00000 0.49448 0.49003 0.88730 0.44684 0.44891 0.45762 0.48233 0.98406 0.66977 0.67873 0.79435 0.74995 0.71004 0.35968 0.38163 0.44942 0.45943 0.84334 0.83617 0.83760 0.80574 0.86019 0.89215 0.61905
0.28610 0.48071 0.86896 0.87425 0.83914 0.87588 0.91821 0.96299 0.93962 0.89378 0.87768 0.87016 0.88050 0.85003 0.81716 0.76604 0.84319 0.88397 0.85374 0.89410 0.86173 0.90907 0.91717 0.89550 0.75818
0.28210 0.85087 0.85385 0.85757 0.88362 0.90853 0.93900 0.95074 0.95732 0.93229 0.91864 0.88679 0.89815 0.87596 0.88395 0.88515 0.88882 0.89432 0.86641 0.89291 0.89690 0.90507 0.91477 0.90150 0.75818
0.49268 0.61293 0.85363 0.85536 0.87673 0.90374 0.90233 0.89719 0.91816 0.93407 0.92326 0.90185 0.91431 0.88955 0.90401 0.87582 0.87331 0.90417 0.87594 0.89447 0.88896 0.89126 0.89719 0.90244 0.90726
0.49603 0.59234 0.80469 0.86023 0.88023 0.90673 0.90328 0.90311 0.91924 0.94059 0.92899 0.90830 0.92590 0.89987 0.91634 0.88471 0.87824 0.87586 0.87841 0.88680 0.88193 0.87880 0.88195 0.88236 0.87913
0.29182 0.64193 0.83638 0.84431 0.87038 0.88947 0.89293 0.92350 0.95934 0.92015 0.91689 0.93081 0.92953 0.91416 0.89870 0.89278 0.86664 0.88380 0.85924 0.86385 0.86542 0.87036 0.86702 0.86537 0.85645
0.51451 0.62067 0.87824 0.88087 0.85016 0.88461 0.91141 0.94638 0.92991 0.90277 0.91872 0.90801 0.92473 0.90757 0.89185 0.86012 0.87925 0.90695 0.87982 0.89011 0.87970 0.87229 0.86668 0.86266 0.85865
0.29037 0.46678 0.82543 0.85847 0.87178 0.88343 0.89848 0.91526 0.92383 0.92311 0.91858 0.92827 0.92604 0.90856 0.88165 0.87315 0.91161 0.88570 0.88521 0.89670 0.86155 0.88160 0.88238 0.86241 0.70349
0.49627 0.61864 0.83505 0.87552 0.88208 0.84605 0.86547 0.87024 0.90269 0.91824 0.92059 0.90517 0.92069 0.90940 0.92535 0.86847 0.88777 0.87774 0.88901 0.88828 0.91082 0.90809 0.90244 0.89974 0.73323
0.50336 0.59014 0.84196 0.87189 0.83828 0.86365 0.84575 0.84773 0.88647 0.90505 0.91030 0.90387 0.91938 0.91118 0.92640 0.92381 0.89349 0.87714 0.89198 0.91911 0.92018 0.92195 0.92008 0.91822 0.74926
0.47379 0.85773 0.85526 0.87351 0.84812 0.84080 0.84067 0.84889 0.86638 0.88561 0.90156 0.90947 0.91309 0.90848 0.91105 0.90772 0.90358 0.89613 0.89399 0.91629 0.91002 0.93554 0.93624 0.93771 0.76128
0.48966 0.83086 0.88486 0.87909 0.86792 0.86326 0.85878 0.87009 0.88315 0.90064 0.90644 0.90798 0.90670 0.90816 0.91121 0.91884 0.91856 0.91241 0.90944 0.91425 0.92539 0.93359 0.93760 0.94204 0.76993
0.45861 0.86199 0.86418 0.88329 0.86799 0.85275 0.87119 0.85962 0.87672 0.88755 0.89764 0.90341 0.89783 0.89198 0.89119 0.89790 0.89813 0.89379 0.88940 0.91085 0.91738 0.93512 0.94199 0.95304 0.77852
0.72287 0.77350 0.86409 0.89740 0.89745 0.89324 0.87317 0.87101 0.89011 0.90767 0.91169 0.89730 0.89840 0.89045 0.90568 0.91479 0.90332 0.91828 0.90128 0.92017 0.93222 0.94476 0.95405 0.96242 0.79153
0.49857 0.72965 0.81662 0.91074 0.89048 0.91910 0.89545 0.87042 0.89558 0.89581 0.92002 0.89509 0.90733 0.89545 0.91826 0.89837 0.90963 0.87165 0.90031 0.93240 0.92773 0.95641 0.96927 0.97532 0.80553
0.29182 0.42200 0.87961 0.90449 0.91549 0.93499 0.91550 0.90658 0.88138 0.90420 0.90857 0.92114 0.92103 0.90758 0.91324 0.91749 0.93109 0.92029 0.89424 0.92535 0.94445 0.96188 0.96948 0.98039 1.00000
0.26426 0.44593 0.91921 0.93454 0.93149 0.91684 0.90891 0.93026 0.89925 0.89975 0.91451 0.91039 0.92942 0.91454 0.90136 0.90257 0.93182 0.95291 0.92391 0.95247 0.94286 0.94744 0.95016 0.95613 0.95381
0.30257 0.87211 0.88543 0.90373 0.91757 0.91743 0.90420 0.89446 0.87235 0.90620 0.90942 0.92115 0.92245 0.91150 0.91898 0.92426 0.93791 0.93547 0.91110 0.91176 0.91277 0.92483 0.92147 0.92080 0.90856
0.59951 0.73382 0.91856 0.90975 0.90912 0.87572 0.89044 0.92542 0.90728 0.92418 0.91582 0.89195 0.90673 0.88756 0.90930 0.88281 0.89480 0.93121 0.90690 0.91499 0.90466 0.89084 0.88244 0.87653 0.87630
0.72436 0.80935 0.86380 0.89381 0.86187 0.89121 0.88889 0.91109 0.91274 0.88978 0.91224 0.88736 0.88778 0.87004 0.87648 0.87770 0.87555 0.89137 0.89119 0.89335 0.88874 0.87909 0.86969 0.85501 0.86286
0.56502 0.90245 0.89274 0.87980 0.87471 0.87542 0.88591 0.90693 0.92197 0.92009 0.90994 0.89327 0.88075 0.86487 0.85870 0.85411 0.85777 0.86925 0.88111 0.88585 0.88189 0.87506 0.86797 0.85871 0.85871
0.58635 0.86841 0.89163 0.87509 0.86832 0.86942 0.88297 0.90378 0.91959 0.92394 0.91136 0.89476 0.88312 0.86949 0.85066 0.84342 0.83985 0.85204 0.87087 0.88836 0.88367 0.88326 0.87695 0.87295 0.86888
0.61905 0.88497 0.87283 0.85658 0.86373 0.86503 0.87933 0.90030 0.90256 0.91242 0.90655 0.89355 0.88266 0.86029 0.85038 0.83208 0.82615 0.84247 0.86414 0.88275 0.88092 0.88804 0.88230 0.87508 0.58776
0.61905 0.61905 0.88961 0.86784 0.85978 0.85124 0.87223 0.90091 0.92857 0.91854 0.90952 0.90430 0.88644 0.86948 0.84842 0.82001 0.80408 0.83360 0.86160 0.88225 0.00000 0.00000 0.00000 0.00000 0.00000
