# name=grid_with_holes field=200x200 stride=8
25 25
0.00000 0.00000 0.00000 0.00000 0.52806 0.00000 0.00000 0.00000 0.00000 0.00000 0.00000 0.00000 0.87825 0.87575 0.87825 0.87575 0.73823 0.76409 0.73823 0.80012 0.46118 0.53881 0.59942 0.62600 0.66667
0.00000 0.00000 0.43133 0.47865 0.51259 0.53470 0.39172 0.00000 0.00000 0.00000 0.54273 0.44877 0.93749 0.98200 1.00000 0.98200 1.00000 0.98200 0.95536 0.76759 0.64668 0.53881 0.59942 0.62600 0.66667
0.00000 0.38255 0.70006 0.46547 0.47577 0.70414 0.55702 0.41814 0.33333 0.44022 0.88639 0.83722 0.95902 0.97544 0.97174 1.00000 0.96239 0.98526 0.93603 0.98403 0.75638 0.68535 0.59942 0.62600 0.66667
0.00000 0.63344 0.86688 0.83156 0.78480 0.66374 0.83553 0.85843 0.46072 1.00000 1.00000 0.97269 1.00000 0.99050 1.00000 1.00000 1.00000 0.96988 1.00000 1.00000 0.92779 0.74144 0.78292 0.62600 0.66667
0.49428 0.90240 0.95596 0.91293 0.97305 0.90894 0.98095 0.93077 1.00000 0.98148 1.00000 1.00000 0.98728 0.98446 0.98851 1.00000 0.98816 1.00000 0.98619 1.00000 0.88890 0.94963 0.90585 0.55954 0.66667
0.30917 0.95016 0.96221 0.94223 0.97452 0.97079 1.00000 1.00000 0.98353 1.00000 1.00000 1.00000 1.00000 1.00000 1.00000 1.00000 1.00000 1.00000 1.00000 1.00000 0.94130 0.96786 0.86407 0.66880 0.66667
0.53815 0.97376 0.97836 0.98445 0.99158 1.00000 0.98728 0.99166 0.99158 1.00000 0.98684 1.00000 1.00000 1.00000 0.98851 1.00000 0.98851 1.00000 1.00000 1.00000 0.96839 1.00000 0.89766 0.75327 0.66667
0.56773 0.93222 0.98314 1.00000 0.99088 1.00000 0.98446 1.00000 1.00000 0.98384 0.98314 0.99074 1.00000 1.00000 1.00000 1.00000 1.00000 1.00000 1.00000 1.00000 1.00000 1.00000 0.94387 0.96492 0.81650
0.72048 1.00000 0.98026 1.00000 0.98851 1.00000 0.98851 1.00000 0.96712 1.00000 0.98193 1.00000 0.97183 0.98696 0.97366 1.00000 0.98451 1.00000 1.00000 1.00000 0.98495 0.95920 0.97380 0.96223 1.00000
0.55897 0.95852 0.98972 1.00000 1.00000 1.00000 1.00000 1.00000 1.00000 0.96131 1.00000 0.95601 0.98549 1.00000 1.00000 0.98151 1.00000 0.96899 1.00000 1.00000 0.97937 0.98437 1.00000 0.97563 1.00000
0.52806 0.98005 0.95449 1.00000 0.97980 0.99088 0.98816 0.98134 0.93356 0.92928 0.95476 0.94557 0.96859 1.00000 0.96712 1.00000 0.98193 1.00000 0.99095 1.00000 0.98587 1.00000 1.00000 0.98983 1.00000
0.28577 0.90650 0.95587 1.00000 1.00000 1.00000 1.00000 1.00000 1.00000 0.94287 1.00000 1.00000 0.97857 0.96988 1.00000 1.00000 1.00000 0.98730 1.00000 0.98462 1.00000 1.00000 1.00000 0.98691 1.00000
0.49428 0.90240 0.94941 1.00000 0.98728 0.98359 0.98286 0.96631 0.96007 0.97896 0.95852 0.96735 0.96231 0.98314 0.98667 1.00000 0.98556 1.00000 1.00000 0.99277 0.98717 1.00000 1.00000 1.00000 1.00000
0.30917 0.95016 0.96221 1.00000 1.00000 1.00000 1.00000 1.00000 0.98096 1.00000 0.97876 0.96856 1.00000 0.99074 1.00000 1.00000 1.00000 1.00000 0.99009 0.99200 1.00000 1.00000 1.00000 1.00000 1.00000
0.53815 0.97376 0.97738 1.00000 1.00000 1.00000 0.98667 1.00000 0.96399 1.00000 0.98063 0.98560 1.00000 1.00000 0.97980 1.00000 0.98728 1.00000 1.00000 1.00000 0.98815 1.00000 1.00000 1.00000 1.00000
0.33333 1.00000 0.98128 1.00000 1.00000 1.00000 1.00000 1.00000 1.00000 0.97748 0.98426 0.97686 1.00000 1.00000 0.99088 1.00000 0.98359 1.00000 1.00000 1.00000 1.00000 1.00000 1.00000 1.00000 1.00000
0.52806 0.94195 0.88064 1.00000 0.97980 1.00000 0.97980 1.00000 0.96751 1.00000 0.98158 1.00000 0.97980 0.99088 0.98851 1.00000 0.97096 1.00000 0.98712 1.00000 1.00000 0.98208 1.00000 1.00000 1.00000
0.00000 0.59941 0.88413 1.00000 1.00000 1.00000 0.99088 0.96516 0.98196 0.98931 1.00000 1.00000 1.00000 1.00000 1.00000 1.00000 1.00000 1.00000 1.00000 1.00000 1.00000 0.98608 1.00000 1.00000 1.00000
0.00000 0.89777 0.97562 1.00000 0.98684 0.98446 1.00000 1.00000 0.98619 1.00000 0.98608 1.00000 1.00000 0.98446 1.00000 1.00000 0.98619 1.00000 1.00000 1.00000 1.00000 0.98655 1.00000 0.79216 1.00000
0.41352 0.89310 0.91254 1.00000 1.00000 0.99139 1.00000 0.98919 1.00000 1.00000 1.00000 1.00000 1.00000 1.00000 1.00000 0.98919 1.00000 1.00000 1.00000 1.00000 1.00000 0.98327 0.78928 0.80075 1.00000
0.78129 0.96839 0.93286 1.00000 0.98410 1.00000 0.98417 0.97712 0.98376 1.00000 0.98555 0.98142 0.98771 1.00000 0.98610 1.00000 1.00000 0.97865 0.95527 0.92490 0.95521 0.96937 0.80074 0.81650 0.81650
0.55974 0.77395 0.97840 0.97485 1.00000 0.96680 0.95132 0.98062 0.97369 0.98260 0.94800 0.96925 1.00000 0.97535 1.00000 1.00000 0.97369 0.97821 0.73046 0.93557 0.98014 0.98638 0.81650 0.81650 0.81650
0.59942 0.78810 0.94667 0.92967 0.92587 0.91371 0.91401 0.92967 0.93210 0.95238 0.97563 1.00000 1.00000 0.98231 0.96748 0.97451 0.92587 0.93835 0.96521 1.00000 1.00000 1.00000 0.81650 0.81650 0.81650
0.62600 0.62600 0.78567 0.95316 0.94997 0.96107 0.78567 0.95316 0.94997 0.96924 1.00000 1.00000 1.00000 1.00000 0.97293 0.96287 0.94997 0.96107 0.62600 0.78931 1.00000 1.00000 0.81650 0.81650 0.66667
0.66667 0.66667 0.66667 0.81650 0.81650 0.66667 0.66667 0.81650 0.81650 0.81650 0.81650 0.81650 0.81650 0.81650 0.81650 0.81650 0.81650 0.66667 0.66667 0.81650 0.81650 0.66667 0.66667 0.66667 0.66667
