# name=mixed_regions field=200x200 stride=8
25 25
0.00000 0.00000 0.50295 0.00000 0.87825 0.87575 0.87825 0.87575 0.45557 0.00000 0.52806 0.00000 0.00000 0.00000 0.00000 0.00000 0.00000 0.00000 0.00000 0.00000 0.00000 0.00000 0.00000 0.00000 0.00000
0.00000 0.52211 1.00000 0.93222 1.00000 0.98200 1.00000 0.98200 1.00000 0.95852 1.00000 0.53470 0.12070 0.00000 0.00000 0.00000 0.00000 0.00000 0.00000 0.00000 0.00000 0.00000 0.00000 0.00000 0.00000
0.50295 1.00000 0.95276 1.00000 0.97174 1.00000 0.97174 1.00000 0.98026 1.00000 0.97159 1.00000 0.11384 0.05622 0.00000 0.00000 0.00000 0.00000 0.00000 0.00000 0.00000 0.00000 0.00000 0.00000 0.00000
0.00000 0.93222 1.00000 1.00000 1.00000 1.00000 1.00000 1.00000 1.00000 1.00000 1.00000 0.88926 0.48335 0.05182 0.00000 0.00000 0.00000 0.00000 0.00000 0.00000 0.00000 0.00000 0.00000 0.00000 0.00000
0.87825 1.00000 0.97174 1.00000 0.98851 1.00000 0.98851 1.00000 0.98451 1.00000 0.97764 0.90428 0.00000 0.00000 0.00000 0.00000 0.00000 0.00000 0.00000 0.00000 0.64033 0.72149 0.77652 0.80043 0.81914
0.87575 0.98200 1.00000 1.00000 1.00000 1.00000 1.00000 1.00000 1.00000 1.00000 0.96735 0.92648 0.00000 0.00000 0.00000 0.00000 0.00000 0.00000 0.00000 0.00000 0.66717 0.75315 0.78840 0.81181 0.80857
0.87825 1.00000 0.97174 1.00000 0.98851 1.00000 0.98851 1.00000 0.98451 1.00000 0.97764 0.90428 0.00000 0.00000 0.00000 0.00000 0.00000 0.00000 0.00000 0.00000 0.70309 0.76540 0.80993 0.80863 0.80639
0.87575 0.98200 1.00000 1.00000 1.00000 1.00000 1.00000 1.00000 1.00000 1.00000 0.96735 0.87459 0.00000 0.00000 0.00000 0.00000 0.00000 0.00000 0.00000 0.00000 0.71727 0.77573 0.79969 0.80929 0.80587
0.87825 1.00000 0.97174 1.00000 0.98851 1.00000 0.98851 1.00000 0.98451 1.00000 0.97764 0.79066 0.38608 0.28661 0.19816 0.17522 0.44011 0.59171 0.64413 0.73367 0.71754 0.78797 0.81307 0.80154 0.82107
0.87575 0.98200 1.00000 1.00000 1.00000 1.00000 1.00000 1.00000 1.00000 1.00000 0.96735 0.81100 0.38020 0.27573 0.32889 0.30421 0.59812 0.64847 0.63118 0.70655 0.73633 0.80987 0.77893 0.79940 0.55897
0.87825 1.00000 0.97174 1.00000 0.98851 1.00000 0.98851 1.00000 0.98451 1.00000 0.94818 0.82117 0.37976 0.41470 0.29481 0.27891 0.56671 0.66748 0.65257 0.74818 0.76481 0.85569 0.85216 0.83558 0.75313
0.87575 0.98200 1.00000 1.00000 1.00000 1.00000 1.00000 1.00000 1.00000 1.00000 0.93864 0.81567 0.36231 0.41390 0.25862 0.25044 0.54303 0.71265 0.66959 0.76853 0.82295 0.85399 0.85010 0.84493 0.76003
0.87825 1.00000 0.97174 1.00000 0.98851 1.00000 0.98851 1.00000 0.98451 1.00000 0.97764 0.87863 0.14945 0.07471 0.00000 0.12352 0.48771 0.69161 0.71488 0.77368 0.79799 0.81781 0.81589 0.81685 0.55163
0.87575 0.98200 1.00000 1.00000 1.00000 1.00000 1.00000 1.00000 1.00000 1.00000 0.96735 0.87502 0.44564 0.37880 0.36320 0.52165 0.73521 0.67318 0.76665 0.75866 0.78648 0.80676 0.79854 0.78328 0.50704
0.87825 1.00000 0.97174 1.00000 0.98851 1.00000 0.98851 1.00000 0.98451 1.00000 0.97764 0.90023 0.49100 0.62629 0.69344 0.71843 0.76794 0.77409 0.78133 0.70487 0.73829 0.74978 0.72909 0.75532 0.48257
0.87575 0.98200 1.00000 1.00000 1.00000 1.00000 1.00000 1.00000 1.00000 1.00000 0.96735 0.91608 0.54842 0.76125 0.78649 0.75621 0.80719 0.79760 0.74188 0.67626 0.76807 0.75205 0.77003 0.73789 0.73603
0.87825 1.00000 0.97174 1.00000 0.98851 1.00000 0.98851 1.00000 0.98451 1.00000 0.97764 0.89743 0.86611 0.76771 0.82390 0.79928 0.80121 0.76778 0.38845 0.67728 0.52060 0.62357 0.72428 0.75051 0.00000
0.87575 0.98200 1.00000 1.00000 1.00000 1.00000 1.00000 1.00000 1.00000 1.00000 0.96735 0.91625 0.67614 0.69924 0.76008 0.76169 0.78177 0.74829 0.65477 0.67198 0.64427 0.71575 0.77538 0.79206 0.00000
0.87825 1.00000 1.00000 1.00000 1.00000 1.00000 1.00000 1.00000 1.00000 1.00000 1.00000 0.82971 0.53721 0.31917 0.65319 0.62140 0.73041 0.65637 0.61390 0.72379 0.76373 0.83372 0.84196 0.87620 0.00000
0.96028 1.00000 1.00000 1.00000 1.00000 1.00000 1.00000 1.00000 1.00000 1.00000 0.97195 0.89301 0.55792 0.24154 0.29775 0.44975 0.63713 0.62233 0.58600 0.79520 0.81119 0.87880 0.88101 0.88389 0.00000
0.72302 1.00000 0.98488 1.00000 0.98815 1.00000 0.98815 1.00000 1.00000 1.00000 1.00000 0.84763 0.00000 0.00000 0.00000 0.00000 0.18078 0.46023 0.55060 0.73899 0.00000 0.00000 0.00000 0.00000 0.00000
0.53881 0.97255 1.00000 1.00000 1.00000 1.00000 1.00000 1.00000 1.00000 1.00000 0.97418 0.88625 0.00000 0.00000 0.00000 0.00000 0.43295 0.49050 0.58288 0.74390 0.00000 0.00000 0.00000 0.00000 0.00000
0.74699 1.00000 1.00000 1.00000 1.00000 1.00000 1.00000 1.00000 1.00000 1.00000 1.00000 0.69190 0.00000 0.00000 0.00000 0.00000 0.45538 0.32204 0.42549 0.76204 0.00000 0.00000 0.00000 0.00000 0.00000
0.62600 0.77956 1.00000 1.00000 1.00000 1.00000 1.00000 1.00000 1.00000 1.00000 0.78170 0.77646 0.00000 0.00000 0.00000 0.00000 0.24500 0.40788 0.46189 0.49965 0.00000 0.00000 0.00000 0.00000 0.00000
0.66667 0.81650 0.81650 0.81650 1.00000 1.00000 1.00000 1.00000 0.81650 0.81650 0.81650 0.66667 0.00000 0.00000 0.00000 0.00000 0.00000 0.00000 0.00000 0.00000 0.00000 0.00000 0.00000 0.00000 0.00000
