# name=organic_walks field=200x200 stride=8
25 25
0.00000 0.00000 0.55596 0.55648 0.55700 0.82798 0.72533 0.47889 0.27264 0.25448 0.23851 0.00000 0.00000 0.00000 0.00000 0.00000 0.00000 0.00000 0.00000 0.00000 0.00000 0.60595 0.60595 0.60595 0.60595
0.27647 0.41383 0.69957 0.47872 0.55697 0.74303 0.70800 0.69131 0.53638 0.49899 0.22550 0.19499 0.00000 0.00000 0.00000 0.00000 0.00000 0.00000 0.00000 0.00000 0.45723 0.54500 0.60595 0.60595 0.60595
0.27673 0.61689 0.67636 0.73660 0.71337 0.73356 0.69259 0.69297 0.51970 0.47324 0.40169 0.17466 0.00000 0.00000 0.00000 0.00000 0.00000 0.00000 0.00000 0.00000 0.60489 0.54658 0.60595 0.60595 0.60595
0.27700 0.59561 0.65196 0.70099 0.67440 0.72097 0.67232 0.68191 0.50085 0.62562 0.55757 0.37016 0.00000 0.00000 0.00000 0.00000 0.00000 0.00000 0.00000 0.00000 0.57018 0.82448 0.89041 0.88774 0.88482
0.00000 0.22030 0.26532 0.26258 0.42408 0.46095 0.44382 0.60083 0.67336 0.66974 0.58686 0.25327 0.34232 0.28066 0.23462 0.07574 0.00000 0.00000 0.00000 0.11583 0.66165 0.78146 0.87634 0.87274 0.86904
0.00000 0.48040 0.52414 0.54366 0.43871 0.33802 0.63562 0.66379 0.70623 0.70377 0.65561 0.23754 0.39400 0.45477 0.08105 0.07628 0.00000 0.00000 0.00000 0.00000 0.69170 0.77504 0.81810 0.83547 0.83527
0.00000 0.28792 0.54611 0.56874 0.36379 0.59623 0.66789 0.46530 0.74181 0.72240 0.59948 0.58480 0.22407 0.26310 0.39232 0.10379 0.14403 0.00000 0.00000 0.12326 0.68623 0.76074 0.80661 0.80940 0.81194
0.30492 0.28974 0.30585 0.32011 0.21230 0.56301 0.65770 0.47494 0.73668 0.57206 0.59221 0.57204 0.12315 0.16343 0.18637 0.28740 0.23745 0.13940 0.11016 0.23093 0.69253 0.75123 0.75700 0.77541 0.77887
0.00000 0.00000 0.00000 0.00000 0.43476 0.70603 0.72719 0.75299 0.71590 0.71647 0.73507 0.65872 0.37203 0.37559 0.44741 0.36001 0.45885 0.47164 0.35941 0.41627 0.70394 0.74397 0.75171 0.75745 0.76436
0.00000 0.00000 0.00000 0.00000 0.40355 0.76513 0.75571 0.84825 0.64818 0.65812 0.72741 0.68126 0.36708 0.44442 0.48781 0.58824 0.66412 0.74512 0.43921 0.57556 0.70994 0.71533 0.73964 0.74580 0.73119
0.00000 0.00000 0.00000 0.00000 0.71622 0.72233 0.80454 0.82868 0.60894 0.72435 0.69793 0.46502 0.62001 0.57995 0.63936 0.69711 0.73022 0.72410 0.71526 0.63233 0.69747 0.73002 0.73835 0.74529 0.74920
0.00000 0.00000 0.00000 0.00000 0.62809 0.67661 0.72786 0.73605 0.54764 0.48513 0.54561 0.51408 0.73802 0.75467 0.75548 0.76616 0.74439 0.72004 0.75859 0.73949 0.78257 0.75351 0.76823 0.75900 0.76538
0.00000 0.00000 0.00000 0.00000 0.28323 0.19936 0.58127 0.46711 0.81081 0.81258 0.81737 0.78298 0.76409 0.73228 0.75062 0.80547 0.72581 0.72903 0.74461 0.74746 0.79328 0.79226 0.79073 0.77597 0.78763
0.00000 0.00000 0.00000 0.00000 0.40607 0.52665 0.66886 0.65210 0.80536 0.80357 0.78720 0.69536 0.64219 0.68432 0.71599 0.75845 0.70972 0.74673 0.68898 0.74558 0.76442 0.82707 0.81588 0.81618 0.80252
0.00000 0.00000 0.00000 0.00000 0.66999 0.62205 0.72650 0.73346 0.82077 0.76756 0.76440 0.56359 0.61132 0.60798 0.63297 0.61799 0.63558 0.64315 0.64516 0.57173 0.76098 0.80297 0.83670 0.83274 0.82712
0.00000 0.00000 0.00000 0.00000 0.76257 0.76178 0.72883 0.74405 0.80848 0.61166 0.72636 0.65006 0.32483 0.33497 0.54281 0.53422 0.42160 0.64598 0.64842 0.71154 0.75871 0.80714 0.83932 0.83637 0.83219
0.00000 0.00000 0.21911 0.22858 0.72781 0.72490 0.72169 0.71159 0.77099 0.51012 0.42860 0.43694 0.09037 0.09376 0.16692 0.00000 0.50925 0.31786 0.52390 0.57736 0.69087 0.79290 0.84075 0.82870 0.83706
0.00000 0.00000 0.27523 0.42885 0.63915 0.67372 0.67703 0.70730 0.80100 0.69431 0.71654 0.47038 0.49262 0.08723 0.09944 0.50329 0.54972 0.26451 0.50303 0.61974 0.71525 0.79078 0.79244 0.84102 0.84076
0.00000 0.00000 0.22815 0.39350 0.47419 0.57170 0.61751 0.58565 0.70234 0.62019 0.66419 0.35627 0.53017 0.47251 0.25792 0.28031 0.32784 0.49295 0.57865 0.65110 0.66606 0.77522 0.81396 0.83941 0.83915
0.00000 0.00000 0.00000 0.38336 0.49104 0.49281 0.63971 0.73156 0.60376 0.71440 0.71562 0.69176 0.66603 0.58274 0.60431 0.61056 0.57153 0.66897 0.64377 0.68965 0.75437 0.79387 0.82128 0.83207 0.83778
0.00000 0.00000 0.00000 0.00000 0.00000 0.31064 0.30319 0.57884 0.77125 0.81231 0.82998 0.80401 0.00000 0.00000 0.00000 0.00000 0.68503 0.63024 0.59946 0.62057 0.00000 0.00000 0.00000 0.00000 0.00000
0.00000 0.00000 0.00000 0.00000 0.00000 0.29781 0.41490 0.72879 0.82066 0.83540 0.83808 0.82220 0.00000 0.00000 0.00000 0.00000 0.75989 0.68538 0.65130 0.59900 0.00000 0.00000 0.00000 0.00000 0.00000
0.00000 0.00000 0.00000 0.00000 0.21447 0.40893 0.49269 0.79811 0.86144 0.85516 0.84999 0.83311 0.00000 0.00000 0.00000 0.00000 0.74969 0.74568 0.72571 0.68834 0.00000 0.00000 0.00000 0.00000 0.00000
0.00000 0.00000 0.00000 0.00000 0.28557 0.46349 0.58333 0.87019 0.86314 0.85658 0.85069 0.84674 0.00000 0.00000 0.00000 0.00000 0.77822 0.78483 0.76091 0.57675 0.00000 0.00000 0.00000 0.00000 0.00000
0.00000 0.00000 0.00000 0.00000 0.00000 0.58333 0.58333 0.58333 0.86574 0.85915 0.85235 0.56134 0.00000 0.00000 0.00000 0.00000 0.81258 0.81963 0.82577 0.49596 0.00000 0.00000 0.00000 0.00000 0.00000
