# name=rect_rotated_scattered field=200x200 stride=8
25 25
0.00000 0.00000 0.00000 0.00000 0.00000 0.00000 0.00000 0.00000 0.32652 0.00000 0.00000 0.00000 0.00000 0.00000 0.00000 0.00000 0.00000 0.00000 0.00000 0.00000 0.00000 0.00000 0.00000 0.00000 0.00000
0.00000 0.00000 0.00000 0.00000 0.00000 0.00000 0.36532 0.83019 0.98395 0.98393 0.98392 0.00000 0.00000 0.00000 0.00000 0.00000 0.00000 0.00000 0.00000 0.00000 0.29712 0.29713 0.29714 0.00000 0.00000
0.00000 0.00000 0.00000 0.00000 0.00000 0.25435 0.69997 0.85001 0.92923 0.98419 0.90348 0.70710 0.00000 0.00000 0.00000 0.00000 0.00000 0.00000 0.00000 0.00000 0.29700 0.29702 0.29703 0.29704 0.00000
0.00000 0.00000 0.00000 0.00000 0.00000 0.53394 0.73072 0.83717 0.90716 0.98445 0.92742 0.77234 0.00000 0.00000 0.00000 0.00000 0.00000 0.00000 0.00000 0.00000 0.29689 0.67317 0.70192 0.73900 0.00000
0.00000 0.00000 0.00000 0.00000 0.00000 0.54211 0.67333 0.81391 0.89843 0.94236 0.95087 0.74917 0.73413 0.31382 0.00000 0.00000 0.00000 0.22344 0.00000 0.00000 0.88713 0.88487 0.88170 0.87804 0.80917
0.00000 0.00000 0.00000 0.00000 0.09046 0.55625 0.68019 0.78509 0.87872 0.89743 0.88633 0.83992 0.44081 0.45183 0.37805 0.17580 0.00000 0.00000 0.00000 0.33335 0.83843 0.87624 0.87447 0.81815 0.83204
0.00000 0.00000 0.00000 0.00000 0.46396 0.36532 0.67756 0.69041 0.80323 0.81486 0.77547 0.76173 0.29194 0.52382 0.43452 0.18099 0.00000 0.00000 0.33893 0.62196 0.82401 0.87059 0.87005 0.86952 0.85371
0.00000 0.00000 0.00000 0.00000 0.48352 0.50118 0.44240 0.58694 0.66179 0.68546 0.59201 0.29064 0.59187 0.31715 0.26397 0.19435 0.07429 0.00000 0.62979 0.72373 0.80010 0.86677 0.86707 0.86607 0.86683
0.00000 0.21249 0.29849 0.38533 0.45868 0.44895 0.51143 0.38061 0.13767 0.34789 0.74628 0.73730 0.69919 0.72618 0.77310 0.62135 0.16488 0.19253 0.67211 0.76478 0.00000 0.00000 0.00000 0.00000 0.86636
0.00000 0.27539 0.35975 0.43599 0.49609 0.63133 0.67880 0.56461 0.52696 0.68265 0.80151 0.78223 0.75960 0.83532 0.81276 0.67595 0.21463 0.23240 0.70270 0.75124 0.00000 0.00000 0.00000 0.00000 0.85871
0.00000 0.27836 0.35821 0.43108 0.75285 0.76454 0.66353 0.56403 0.63568 0.81937 0.81574 0.82120 0.83452 0.84782 0.80236 0.61112 0.26449 0.25670 0.59907 0.73405 0.00000 0.00000 0.00000 0.00000 0.83614
0.00000 0.17903 0.24602 0.31805 0.64911 0.68007 0.50473 0.40962 0.57738 0.78916 0.79544 0.77362 0.85844 0.82783 0.86885 0.71850 0.51866 0.56618 0.50370 0.58609 0.00000 0.00000 0.00000 0.00000 0.69032
0.13743 0.13748 0.43868 0.52630 0.63659 0.74563 0.76234 0.51983 0.45052 0.70681 0.69558 0.55935 0.55350 0.51839 0.67060 0.62795 0.45301 0.66639 0.64567 0.59788 0.68826 0.76710 0.81029 0.83143 0.84753
0.21613 0.22137 0.22692 0.63434 0.57314 0.68628 0.42482 0.45551 0.71485 0.68344 0.67025 0.69210 0.43406 0.60096 0.63657 0.51924 0.67315 0.70719 0.65013 0.56041 0.68915 0.76234 0.80883 0.83174 0.84925
0.20550 0.21323 0.22105 0.39335 0.37883 0.25667 0.33528 0.51536 0.67179 0.66277 0.38630 0.60474 0.42062 0.51886 0.46707 0.54584 0.45022 0.59009 0.51458 0.29094 0.72425 0.81574 0.83867 0.84935 0.85727
0.00000 0.18911 0.20033 0.37106 0.00000 0.17014 0.23750 0.58893 0.62471 0.50904 0.32818 0.31446 0.15724 0.45396 0.35619 0.44605 0.50609 0.46852 0.38270 0.28486 0.66699 0.78589 0.83342 0.86922 0.86817
0.00000 0.00000 0.00000 0.00000 0.27169 0.25996 0.26997 0.60133 0.67412 0.76290 0.75643 0.45359 0.36421 0.57792 0.53608 0.57097 0.21211 0.20539 0.15799 0.16094 0.56438 0.71958 0.82606 0.88738 0.88940
0.00000 0.00000 0.00000 0.00000 0.60240 0.55738 0.29773 0.64269 0.69987 0.77964 0.73756 0.62961 0.61531 0.56854 0.43443 0.50634 0.22231 0.18530 0.13466 0.14909 0.40286 0.56464 0.66278 0.73747 0.90150
0.00000 0.00000 0.00000 0.00000 0.59404 0.62231 0.35356 0.66945 0.73708 0.73388 0.67067 0.58496 0.60334 0.55773 0.14008 0.23522 0.07876 0.09749 0.11356 0.46989 0.52107 0.70740 0.81530 0.74551 0.91178
0.00000 0.00000 0.00000 0.00000 0.68651 0.68470 0.70708 0.76676 0.74250 0.73345 0.75561 0.77464 0.78025 0.69066 0.44384 0.22446 0.30491 0.08850 0.47187 0.37312 0.69346 0.74637 0.82867 0.92091 0.61856
0.28780 0.54057 0.52304 0.50331 0.67439 0.79590 0.80362 0.76898 0.56883 0.77507 0.82577 0.85255 0.74464 0.75913 0.74148 0.67391 0.59938 0.38813 0.17528 0.31572 0.75145 0.81628 0.91145 0.91451 0.00000
0.28778 0.57425 0.59409 0.56839 0.77660 0.81881 0.78454 0.79467 0.60194 0.83343 0.87550 0.88883 0.83806 0.84801 0.81607 0.79369 0.52768 0.50136 0.61684 0.37764 0.65144 0.60167 0.90649 0.90846 0.00000
0.59717 0.61879 0.64058 0.66122 0.82147 0.82484 0.81437 0.80973 0.64955 0.86390 0.90274 0.75009 0.90986 0.90115 0.86909 0.84498 0.59961 0.47425 0.65781 0.42653 0.54386 0.60174 0.60174 0.60174 0.00000
0.60797 0.66399 0.68207 0.69726 0.85992 0.87232 0.84565 0.82472 0.53749 0.72274 0.76295 0.77062 0.93433 0.92427 0.91139 0.89300 0.53860 0.51245 0.70455 0.44156 0.54993 0.60181 0.60181 0.60181 0.00000
0.00000 0.60797 0.60797 0.60797 0.89491 0.87492 0.84832 0.82641 0.53749 0.88370 0.93336 0.79377 0.96038 0.94702 0.92742 0.90810 0.54305 0.51565 0.47634 0.30094 0.60187 0.60187 0.60188 0.60188 0.00000
