# name=row_only field=200x200 stride=8
25 25
0.00000 0.00000 0.00000 0.00000 0.00000 0.00000 0.00000 0.00000 0.56370 0.57298 0.56465 0.33333 0.00000 0.00000 0.00000 0.00000 0.00000 0.00000 0.00000 0.00000 0.00000 0.00000 0.00000 0.00000 0.00000
0.00000 0.17069 0.57658 0.54648 0.81237 0.75886 0.55565 0.89914 0.92075 0.90553 0.94303 0.85670 0.90520 0.91978 0.89444 0.96531 0.85339 0.94843 0.94194 0.82644 0.82652 0.84783 0.69774 0.73261 0.00000
0.21288 0.21288 0.59002 0.86601 0.85623 0.84953 0.88845 0.92082 0.96875 0.96098 0.95595 0.98891 0.92915 0.98996 0.99010 0.95978 1.00000 0.96391 0.96354 0.95603 0.88327 0.91080 0.80304 0.82977 0.85397
0.30267 0.31020 0.75315 0.96340 0.90982 0.97067 0.94645 0.96541 0.95041 0.98126 0.94001 0.99037 0.96015 0.97865 0.99251 0.97361 0.97643 0.98039 0.95286 0.99282 0.96998 0.98659 0.93062 0.89836 1.00000
0.82262 0.85942 0.89423 0.96529 0.98723 0.98911 1.00000 0.98711 0.98774 0.98121 0.99217 0.98444 0.96236 0.99000 0.98496 0.98447 0.98654 0.98687 0.98798 1.00000 0.98327 0.96282 0.96557 0.96688 0.94764
0.51431 0.89258 0.90469 0.93880 0.97913 0.96693 0.98634 0.97616 0.97898 0.95444 0.96473 0.94960 0.94471 0.95852 0.96952 0.98188 0.98273 0.94127 0.96137 0.99042 0.95792 0.96557 0.98497 1.00000 1.00000
0.50924 0.78972 0.83647 0.94498 0.94002 0.95426 0.97792 0.97095 0.97114 0.96314 0.95959 0.98664 0.95326 0.96721 1.00000 0.99023 0.99051 0.98635 0.96938 0.98909 1.00000 0.98051 1.00000 1.00000 1.00000
0.16667 0.75279 0.88074 0.90854 0.93611 0.94191 0.90100 0.95001 0.96611 0.98447 0.96692 0.89422 0.94057 0.94629 0.94883 0.96698 0.96061 0.99136 0.99177 1.00000 1.00000 1.00000 1.00000 1.00000 0.75061
0.00000 0.56323 0.89967 0.93883 0.91311 0.93323 0.91478 0.97172 0.98277 1.00000 0.96699 0.93337 0.91334 0.91641 0.90054 0.96146 0.88189 0.89971 0.90563 0.93223 0.98450 0.98820 1.00000 1.00000 0.75410
0.00000 0.00000 0.88062 0.84617 0.92569 0.90526 0.90330 0.91273 0.96573 0.95638 0.95100 0.94842 0.90010 0.91396 0.90540 0.92986 0.85038 0.86551 0.93707 0.94560 0.98886 0.97485 1.00000 1.00000 0.81650
0.00000 0.00000 0.75536 0.87992 0.93510 0.84845 0.93617 0.92405 0.96513 0.93397 0.89895 0.94685 0.92531 0.87662 0.94155 0.90338 0.88490 0.88096 0.91769 0.93016 0.95380 0.99054 1.00000 1.00000 1.00000
0.00000 0.00000 0.81567 0.90211 0.87155 0.90988 0.94470 0.96452 0.98867 0.91316 0.92514 0.92238 0.93878 0.96511 0.92050 0.95367 0.83552 0.90245 0.92034 0.93075 0.95581 0.98568 1.00000 1.00000 1.00000
0.00000 0.00000 0.82753 0.85646 0.89163 0.89743 0.91595 0.96722 0.97226 0.94357 0.91941 0.88214 0.90929 0.87249 0.92236 0.94184 0.95442 0.96654 0.97449 0.94255 0.91221 0.99139 1.00000 1.00000 0.81650
0.00000 0.38343 0.75562 0.85725 0.84982 0.94549 0.95706 0.97149 0.89172 0.91598 0.95170 0.95669 0.95007 0.96078 0.96719 0.96449 0.96555 1.00000 0.97583 0.97865 0.94301 0.97609 0.99287 1.00000 1.00000
0.00000 0.00000 0.50232 0.87630 0.85575 0.88234 0.94495 0.90793 0.91891 0.91724 0.90823 0.90641 0.93695 0.91603 0.88813 0.87643 0.94007 0.86368 0.95873 0.98212 0.95001 0.99100 1.00000 1.00000 1.00000
0.00000 0.00000 0.79841 0.87728 0.98895 0.98515 0.97669 0.98248 0.91605 0.93692 0.95030 0.95047 0.87142 0.93752 0.88870 0.94488 0.93575 0.93061 0.84537 0.97880 0.98494 1.00000 1.00000 1.00000 1.00000
0.00000 0.00000 0.40680 0.91872 0.86812 0.77777 0.81264 0.85640 0.96978 0.95453 0.92108 0.91320 0.94938 0.96038 0.90204 0.87742 0.93552 0.90489 0.93822 0.98597 0.99130 0.95622 0.98316 1.00000 1.00000
0.50625 0.48306 0.87259 0.93832 0.90393 0.90490 0.86703 0.85879 0.98409 0.98017 0.93918 0.96231 0.90311 0.92324 0.95527 0.89577 0.91234 0.93781 0.91690 0.98591 1.00000 0.96419 0.98846 1.00000 1.00000
0.63180 0.81137 0.94355 0.94077 0.96566 0.93763 0.89702 0.91360 0.98393 0.97304 0.98239 0.94030 0.91977 0.96010 0.97810 0.90896 0.96759 0.95155 0.98716 0.98650 1.00000 1.00000 1.00000 1.00000 1.00000
0.88427 0.92969 0.97935 0.97635 0.95699 0.95192 0.94231 0.96391 0.96349 0.97152 0.97584 0.98649 0.97722 0.97233 0.99303 0.98188 0.98622 0.95524 1.00000 0.99004 1.00000 1.00000 1.00000 1.00000 1.00000
0.61893 0.94949 0.95192 0.97880 0.97920 0.98143 0.98170 0.98746 0.94093 0.95510 0.95747 0.95712 0.98057 0.97899 0.98481 0.99185 0.99066 0.97339 0.95533 0.98853 0.99278 0.99604 1.00000 1.00000 0.00000
0.70414 1.00000 0.97910 0.98072 0.99084 0.99399 0.98610 0.99437 0.98376 0.98608 0.97523 0.97197 0.99179 0.97603 0.99394 0.98532 0.98687 0.98176 0.98232 0.98565 1.00000 1.00000 0.99487 1.00000 0.00000
0.73909 1.00000 1.00000 1.00000 1.00000 1.00000 1.00000 0.99305 1.00000 1.00000 0.99167 1.00000 1.00000 1.00000 1.00000 1.00000 1.00000 1.00000 1.00000 1.00000 1.00000 1.00000 1.00000 1.00000 0.00000
0.61656 0.95018 0.98767 1.00000 1.00000 1.00000 0.98972 0.96452 1.00000 0.98415 1.00000 0.98747 0.97581 0.98407 1.00000 0.99002 0.96782 1.00000 0.97532 0.99084 1.00000 1.00000 1.00000 1.00000 0.00000
0.66667 0.66667 0.81650 0.81650 1.00000 1.00000 1.00000 1.00000 0.81650 0.81650 0.81650 0.81650 0.81650 0.81650 0.81650 0.81650 1.00000 1.00000 1.00000 1.00000 0.81650 0.81650 0.81650 0.81650 0.00000
