# name=two_districts field=200x200 stride=8
25 25
0.00000 0.00000 0.50295 0.00000 0.87825 0.87575 0.87825 0.87575 0.45557 0.00000 0.42743 0.00000 0.33450 0.34087 0.46392 0.66195 0.74201 0.74497 0.80813 0.80189 0.82376 0.84723 0.85844 0.85942 0.85997
0.00000 0.52211 1.00000 0.93222 1.00000 0.98200 1.00000 0.98200 1.00000 0.95852 0.86125 0.35117 0.50798 0.45846 0.61967 0.70553 0.79646 0.80115 0.82383 0.81714 0.85201 0.84778 0.85740 0.85140 0.84755
0.50295 1.00000 0.95276 1.00000 0.97174 1.00000 0.97174 1.00000 0.98026 1.00000 0.88044 0.71935 0.43341 0.50667 0.70331 0.74325 0.79192 0.82230 0.83204 0.81519 0.85038 0.84836 0.84921 0.84618 0.83714
0.00000 0.93222 1.00000 1.00000 1.00000 1.00000 1.00000 1.00000 1.00000 1.00000 0.94589 0.81282 0.72082 0.71625 0.76024 0.79041 0.80126 0.81978 0.83899 0.84674 0.84837 0.84306 0.85308 0.85420 0.85470
0.87825 1.00000 0.97174 1.00000 0.98851 1.00000 0.98851 1.00000 0.98451 1.00000 0.93780 0.78424 0.60513 0.75673 0.81415 0.81680 0.83125 0.84529 0.82725 0.84537 0.84615 0.84950 0.85115 0.85253 0.85296
0.87575 0.98200 1.00000 1.00000 1.00000 1.00000 1.00000 1.00000 1.00000 1.00000 0.91001 0.73814 0.54799 0.76009 0.81598 0.82330 0.81813 0.82527 0.83023 0.84581 0.84713 0.84442 0.85084 0.85238 0.84892
0.87825 1.00000 0.97174 1.00000 0.98851 1.00000 0.98851 1.00000 0.98451 1.00000 0.94038 0.76913 0.68741 0.75236 0.84454 0.83251 0.84730 0.84814 0.84740 0.83360 0.84760 0.84980 0.84709 0.84566 0.85374
0.87575 0.98200 1.00000 1.00000 1.00000 1.00000 1.00000 1.00000 1.00000 1.00000 0.92449 0.80116 0.66936 0.76595 0.82024 0.82524 0.83265 0.85138 0.84962 0.84886 0.84860 0.85043 0.84774 0.85149 0.85273
0.87825 1.00000 0.97174 1.00000 0.98851 1.00000 0.98851 1.00000 0.98451 1.00000 0.97764 0.82058 0.59182 0.77775 0.81136 0.83816 0.85415 0.85317 0.84580 0.85103 0.84941 0.84602 0.84487 0.85002 0.84552
0.87575 0.98200 1.00000 1.00000 1.00000 1.00000 1.00000 1.00000 1.00000 1.00000 0.92121 0.73854 0.59592 0.79814 0.82741 0.85456 0.85541 0.85453 0.85367 0.85142 0.84896 0.84323 0.84317 0.84672 0.84138
0.87825 1.00000 0.97174 1.00000 0.98851 1.00000 0.98851 1.00000 0.98451 1.00000 0.92425 0.72678 0.64064 0.77477 0.80273 0.85344 0.85515 0.85513 0.85295 0.85077 0.84783 0.84625 0.83629 0.84363 0.83800
0.87575 0.98200 1.00000 1.00000 1.00000 1.00000 1.00000 1.00000 1.00000 1.00000 0.92157 0.76487 0.58870 0.72454 0.83151 0.85334 0.85437 0.85531 0.85328 0.84342 0.84689 0.84279 0.84262 0.84157 0.84045
0.87825 1.00000 0.97174 1.00000 0.98851 1.00000 0.98851 1.00000 0.98451 1.00000 0.97764 0.81053 0.56210 0.66251 0.81675 0.82039 0.85282 0.85414 0.85298 0.84084 0.84567 0.83200 0.83423 0.80971 0.81419
0.87575 0.98200 1.00000 1.00000 1.00000 1.00000 1.00000 1.00000 1.00000 1.00000 0.93055 0.76575 0.50414 0.74270 0.81704 0.82621 0.84430 0.85435 0.85306 0.84324 0.84951 0.84788 0.83360 0.82282 0.79969
0.87825 1.00000 0.97174 1.00000 0.98851 1.00000 0.98851 1.00000 0.98451 1.00000 0.92949 0.72858 0.53056 0.75809 0.79215 0.82815 0.84397 0.85375 0.84399 0.85394 0.85224 0.85180 0.85093 0.84948 0.84917
0.87575 0.98200 1.00000 1.00000 1.00000 1.00000 1.00000 1.00000 1.00000 1.00000 0.92076 0.76717 0.54467 0.73295 0.84191 0.84704 0.85049 0.85206 0.84823 0.85411 0.85380 0.85369 0.85291 0.85271 0.85379
0.87825 1.00000 0.97174 1.00000 0.98851 1.00000 0.98851 1.00000 0.98451 1.00000 0.97764 0.75764 0.47079 0.58538 0.80779 0.82401 0.83936 0.85012 0.85093 0.85255 0.85293 0.84876 0.85388 0.85346 0.85440
0.87575 0.98200 1.00000 1.00000 1.00000 1.00000 1.00000 1.00000 1.00000 1.00000 0.96735 0.79420 0.44787 0.69792 0.79491 0.80110 0.84695 0.84798 0.84757 0.85026 0.85090 0.85172 0.84522 0.84303 0.83786
0.87825 1.00000 1.00000 1.00000 1.00000 1.00000 1.00000 1.00000 1.00000 1.00000 0.96258 0.78340 0.19547 0.75358 0.82856 0.84831 0.84739 0.84632 0.83872 0.84656 0.84768 0.84198 0.84506 0.83774 0.84820
0.96028 1.00000 1.00000 1.00000 1.00000 1.00000 1.00000 1.00000 1.00000 1.00000 0.93600 0.85406 0.68992 0.78807 0.85043 0.84957 0.84880 0.84731 0.84450 0.84314 0.84514 0.84457 0.84465 0.84393 0.84144
0.72302 1.00000 0.98488 1.00000 0.98815 1.00000 0.98815 1.00000 1.00000 1.00000 0.97050 0.87246 0.72922 0.81813 0.85015 0.84995 0.84814 0.82467 0.84470 0.84383 0.84217 0.84212 0.84158 0.84133 0.84107
0.53881 0.97255 1.00000 1.00000 1.00000 1.00000 1.00000 1.00000 1.00000 1.00000 0.97418 0.93933 0.81706 0.84339 0.84045 0.83491 0.83405 0.83579 0.84971 0.84651 0.84995 0.84791 0.84052 0.83959 0.84306
0.74699 1.00000 1.00000 1.00000 1.00000 1.00000 1.00000 1.00000 1.00000 1.00000 1.00000 0.90159 0.82990 0.86408 0.84314 0.85032 0.84861 0.85158 0.84960 0.85695 0.85588 0.85285 0.85010 0.84769 0.84551
0.62600 0.77956 1.00000 1.00000 1.00000 1.00000 1.00000 1.00000 1.00000 1.00000 0.94663 0.92232 0.88844 0.86194 0.85078 0.85094 0.84952 0.85517 0.85079 0.85943 0.86304 0.85882 0.85452 0.84928 0.84500
0.66667 0.81650 0.81650 0.81650 1.00000 1.00000 1.00000 1.00000 0.81650 0.81650 0.97412 0.92591 0.86141 0.85036 0.85164 0.85217 0.85187 0.85956 0.86066 0.86896 0.86932 0.86346 0.85930 0.85598 0.85285
