# name=grid_streets_w2 field=200x200 stride=8
25 25
0.35834 0.34233 0.94260 1.00000 0.87097 0.97050 0.87016 0.86290 0.86611 0.90971 0.93566 0.84586 0.91782 0.84588 0.93497 0.90398 0.86854 0.96686 0.87097 1.00000 0.95298 0.92549 0.96523 0.61223 0.63195
0.34233 1.00000 1.00000 0.97984 1.00000 0.95320 1.00000 0.96760 0.96377 0.97910 0.92172 0.94711 0.90612 0.94849 0.93526 0.98462 1.00000 0.95262 1.00000 0.97935 1.00000 1.00000 0.96969 1.00000 0.63629
0.94260 1.00000 1.00000 0.98570 1.00000 0.98485 1.00000 1.00000 1.00000 0.98154 0.95054 0.94537 0.93014 0.94677 0.96328 0.98324 1.00000 0.98673 1.00000 0.98576 1.00000 1.00000 1.00000 1.00000 1.00000
1.00000 0.97984 0.98570 0.97395 1.00000 0.95685 1.00000 0.98783 0.98804 0.96924 0.94224 0.94711 0.91558 0.94849 0.95475 0.97074 0.98829 0.97553 1.00000 0.97400 1.00000 0.98985 1.00000 1.00000 1.00000
0.87097 1.00000 1.00000 1.00000 1.00000 1.00000 1.00000 1.00000 1.00000 0.98435 0.96046 0.94630 0.94185 0.94695 0.96283 0.98583 1.00000 1.00000 1.00000 1.00000 1.00000 1.00000 1.00000 1.00000 1.00000
0.97050 0.95320 0.98485 0.95685 1.00000 0.94118 1.00000 0.98693 0.98717 0.96945 0.93042 0.94548 0.91454 0.94688 0.95557 0.97084 0.98744 0.95934 1.00000 0.95799 1.00000 0.98921 1.00000 1.00000 1.00000
0.87016 1.00000 1.00000 1.00000 1.00000 1.00000 1.00000 1.00000 1.00000 0.98438 0.96046 0.94555 0.94184 0.94784 0.96282 0.98586 1.00000 1.00000 1.00000 1.00000 1.00000 1.00000 1.00000 1.00000 1.00000
0.86290 0.96760 1.00000 0.98783 1.00000 0.98693 1.00000 1.00000 1.00000 0.98038 0.95272 0.94597 0.93102 0.94736 0.96511 0.98214 1.00000 0.98854 1.00000 0.98758 1.00000 1.00000 1.00000 1.00000 1.00000
0.86611 0.96377 1.00000 0.98804 1.00000 0.98717 1.00000 1.00000 1.00000 0.98053 0.95170 0.94584 0.93120 0.94724 0.96280 0.98434 1.00000 0.98875 1.00000 0.98781 1.00000 1.00000 1.00000 1.00000 1.00000
0.90971 0.97910 0.98154 0.96924 0.98435 0.96945 0.98438 0.98038 0.98053 0.96885 0.93381 0.92840 0.91349 0.92984 0.94348 0.96922 0.98308 0.97088 0.98435 0.97084 0.98634 0.97910 0.98030 0.98113 0.98090
0.93566 0.92172 0.95054 0.94224 0.96046 0.93042 0.96046 0.95272 0.95170 0.93381 0.91179 0.90908 0.88600 0.91040 0.92048 0.93527 0.95190 0.94500 0.96046 0.94392 0.96017 0.95343 0.96222 0.96221 0.96426
0.84586 0.94711 0.94537 0.94711 0.94630 0.94548 0.94555 0.94597 0.94584 0.92840 0.90908 0.89589 0.89136 0.89615 0.91122 0.93014 0.94570 0.94609 0.94630 0.94475 0.94578 0.94711 0.94604 0.94711 0.94553
0.91782 0.90612 0.93014 0.91558 0.94185 0.91454 0.94184 0.93102 0.93120 0.91349 0.88600 0.89136 0.88106 0.89266 0.89984 0.91493 0.93140 0.91600 0.94185 0.91372 0.94123 0.93297 0.94235 0.94244 0.93570
0.84588 0.94849 0.94677 0.94849 0.94695 0.94688 0.94784 0.94736 0.94724 0.92984 0.91040 0.89615 0.89266 0.89871 0.91255 0.93158 0.94710 0.94748 0.94695 0.94616 0.94793 0.94849 0.94744 0.94849 0.94692
0.93497 0.93526 0.96328 0.95475 0.96283 0.95557 0.96282 0.96511 0.96280 0.94348 0.92048 0.91122 0.89984 0.91255 0.92992 0.94808 0.96281 0.95696 0.96283 0.95742 0.96252 0.96317 0.96344 0.96312 0.96655
0.90398 0.98462 0.98324 0.97074 0.98583 0.97084 0.98586 0.98214 0.98434 0.96922 0.93527 0.93014 0.91493 0.93158 0.94808 0.97152 0.98591 0.97231 0.98583 0.97216 0.98766 0.98097 0.98207 0.98414 0.98261
0.86854 1.00000 1.00000 0.98829 1.00000 0.98744 1.00000 1.00000 1.00000 0.98308 0.95190 0.94570 0.93140 0.94710 0.96281 0.98591 1.00000 0.98899 1.00000 0.98807 1.00000 1.00000 1.00000 1.00000 1.00000
0.96686 0.95262 0.98673 0.97553 1.00000 0.95934 1.00000 0.98854 0.98875 0.97088 0.94500 0.94609 0.91600 0.94748 0.95696 0.97231 0.98899 0.97694 1.00000 0.97545 1.00000 0.99055 1.00000 1.00000 1.00000
0.87097 1.00000 1.00000 1.00000 1.00000 1.00000 1.00000 1.00000 1.00000 0.98435 0.96046 0.94630 0.94185 0.94695 0.96283 0.98583 1.00000 1.00000 1.00000 1.00000 1.00000 1.00000 1.00000 1.00000 1.00000
1.00000 0.97935 0.98576 0.97400 1.00000 0.95799 1.00000 0.98758 0.98781 0.97084 0.94392 0.94475 0.91372 0.94616 0.95742 0.97216 0.98807 0.97545 1.00000 0.97404 1.00000 0.98983 1.00000 1.00000 1.00000
0.95298 1.00000 1.00000 1.00000 1.00000 1.00000 1.00000 1.00000 1.00000 0.98634 0.96017 0.94578 0.94123 0.94793 0.96252 0.98766 1.00000 1.00000 1.00000 1.00000 1.00000 1.00000 1.00000 1.00000 1.00000
0.92549 1.00000 1.00000 0.98985 1.00000 0.98921 1.00000 1.00000 1.00000 0.97910 0.95343 0.94711 0.93297 0.94849 0.96317 0.98097 1.00000 0.99055 1.00000 0.98983 1.00000 1.00000 1.00000 1.00000 1.00000
0.96523 0.96969 1.00000 1.00000 1.00000 1.00000 1.00000 1.00000 1.00000 0.98030 0.96222 0.94604 0.94235 0.94744 0.96344 0.98207 1.00000 1.00000 1.00000 1.00000 1.00000 1.00000 1.00000 1.00000 1.00000
0.61223 1.00000 1.00000 1.00000 1.00000 1.00000 1.00000 1.00000 1.00000 0.98113 0.96221 0.94711 0.94244 0.94849 0.96312 0.98414 1.00000 1.00000 1.00000 1.00000 1.00000 1.00000 1.00000 1.00000 1.00000
0.63195 0.63629 1.00000 1.00000 1.00000 1.00000 1.00000 1.00000 1.00000 0.98090 0.96426 0.94553 0.93570 0.94692 0.96655 0.98261 1.00000 1.00000 1.00000 1.00000 1.00000 1.00000 1.00000 1.00000 1.00000
