# name=grid_sheared field=200x200 stride=8
25 25
0.79932 0.79701 0.89292 0.89515 0.95138 0.94069 0.97676 0.94069 0.97676 0.94069 0.97676 0.94069 0.97676 0.94069 0.97676 0.94069 0.97676 0.94069 0.97676 0.97687 0.97678 0.97676 0.97673 0.97668 0.65110
0.85801 0.84850 0.93466 0.88291 0.95816 0.92678 0.95777 0.92678 0.95777 0.92678 0.95777 0.92678 0.95777 0.92678 0.95777 0.92678 0.95777 0.92678 0.95777 0.95602 0.96115 0.97640 0.96197 0.97630 0.63314
0.85195 0.93155 0.94734 0.96178 0.95400 0.97625 0.95423 0.97625 0.95423 0.97625 0.95423 0.97625 0.95423 0.97625 0.95423 0.97625 0.95423 0.97625 0.95423 0.97623 0.95845 0.97617 0.96001 0.97616 0.63129
0.93820 0.91093 0.94211 0.95407 0.95934 0.96212 0.95904 0.96212 0.95904 0.96212 0.95904 0.96212 0.95904 0.96212 0.95904 0.96212 0.95904 0.96212 0.95957 0.97596 0.96260 0.97599 0.97607 0.97589 0.97590
0.85991 0.96407 0.96900 0.97639 0.95658 0.97590 0.95634 0.97590 0.95634 0.97590 0.95634 0.97590 0.95634 0.97590 0.95634 0.97590 0.95634 0.97590 0.95724 0.97593 0.96117 0.97601 0.97601 0.97594 0.97611
0.79001 0.95337 0.95568 0.96335 0.96160 0.94874 0.95802 0.94840 0.96160 0.94874 0.95802 0.94840 0.96160 0.94874 0.95802 0.94840 0.96160 0.94874 0.95889 0.95205 0.96527 0.95859 0.97600 0.95726 0.96289
0.85856 0.89180 0.92557 0.91618 0.94776 0.91337 0.94433 0.91211 0.94776 0.91337 0.94433 0.91211 0.94776 0.91337 0.94433 0.91211 0.94776 0.91337 0.94607 0.92017 0.95474 0.93533 0.95548 0.94430 0.95001
0.75560 0.87773 0.89711 0.89552 0.91848 0.91342 0.91419 0.91462 0.91848 0.91342 0.91419 0.91462 0.91848 0.91342 0.91419 0.91462 0.91848 0.91342 0.92844 0.92156 0.94135 0.93160 0.94323 0.93343 0.92245
0.73434 0.85298 0.89168 0.89079 0.91130 0.90734 0.91788 0.90561 0.92383 0.90734 0.91788 0.90561 0.92383 0.90734 0.91788 0.90561 0.92383 0.90734 0.91788 0.91097 0.93345 0.93453 0.92795 0.91888 0.93280
0.82229 0.88440 0.91295 0.88643 0.91350 0.90561 0.90652 0.90613 0.91194 0.90561 0.90652 0.90613 0.91194 0.90561 0.90652 0.90613 0.91194 0.90561 0.90652 0.91040 0.92204 0.92799 0.91812 0.91843 0.92110
0.85143 0.90446 0.91084 0.92907 0.89715 0.93031 0.89488 0.92960 0.89732 0.93031 0.89488 0.92960 0.89732 0.93031 0.89488 0.92960 0.89732 0.93031 0.89488 0.93237 0.90902 0.94025 0.92795 0.92959 0.91880
0.93991 0.91157 0.92826 0.93212 0.93342 0.93636 0.93006 0.93829 0.93312 0.93636 0.93006 0.93829 0.93312 0.93636 0.93006 0.93829 0.93312 0.93636 0.93081 0.95334 0.94071 0.94537 0.95398 0.95719 0.94752
0.86530 0.96518 0.95674 0.96476 0.96302 0.96385 0.95852 0.96426 0.96280 0.96385 0.95852 0.96426 0.96280 0.96385 0.95852 0.96426 0.96280 0.96385 0.95932 0.96529 0.96572 0.96800 0.95699 0.96612 0.96074
0.79001 0.95337 0.95568 0.96335 0.96160 0.94874 0.95802 0.94840 0.96160 0.94874 0.95802 0.94840 0.96160 0.94874 0.95802 0.94840 0.96160 0.94874 0.95889 0.95205 0.96527 0.95859 0.96550 0.93865 0.93073
0.85856 0.89180 0.92557 0.91618 0.94776 0.91337 0.94433 0.91211 0.94776 0.91337 0.94433 0.91211 0.94776 0.91337 0.94433 0.91211 0.94776 0.91337 0.94607 0.92017 0.95474 0.93533 0.95548 0.94430 0.93783
0.75560 0.87773 0.89711 0.89552 0.91848 0.91342 0.91419 0.91462 0.91848 0.91342 0.91419 0.91462 0.91848 0.91342 0.91419 0.91462 0.91848 0.91342 0.92844 0.92156 0.94135 0.93160 0.94323 0.93343 0.92245
0.73434 0.85298 0.89168 0.89079 0.91130 0.90734 0.91788 0.90561 0.92383 0.90734 0.91788 0.90561 0.92383 0.90734 0.91788 0.90561 0.92383 0.90734 0.91788 0.91097 0.93345 0.93453 0.92795 0.91888 0.93280
0.82229 0.88440 0.91295 0.88643 0.91350 0.90561 0.90652 0.90613 0.91194 0.90561 0.90652 0.90613 0.91194 0.90561 0.90652 0.90613 0.91194 0.90561 0.90652 0.91040 0.92204 0.92799 0.91812 0.91843 0.92110
0.85143 0.90446 0.91084 0.92907 0.89715 0.93031 0.89488 0.92960 0.89732 0.93031 0.89488 0.92960 0.89732 0.93031 0.89488 0.92960 0.89732 0.93031 0.89488 0.93237 0.90902 0.94025 0.92795 0.92959 0.91880
0.93991 0.93403 0.94661 0.93444 0.94975 0.93830 0.94617 0.94033 0.94946 0.93830 0.94617 0.94033 0.94946 0.93830 0.94617 0.94033 0.94946 0.93830 0.94641 0.95441 0.95373 0.94700 0.95480 0.95848 0.94895
0.92920 0.96648 0.95927 0.96620 0.96471 0.96547 0.96104 0.96578 0.96452 0.96547 0.96104 0.96578 0.96452 0.96547 0.96104 0.96578 0.96452 0.96547 0.96163 0.96676 0.96713 0.96915 0.95996 0.96760 0.96320
0.97700 0.97661 0.97638 0.97617 0.97602 0.97600 0.97602 0.97600 0.97602 0.97600 0.97602 0.97600 0.97602 0.97600 0.97602 0.97600 0.97602 0.97600 0.97605 0.97602 0.97606 0.97604 0.96796 0.96105 0.95106
0.94365 0.95340 0.97637 0.96147 0.97626 0.96252 0.97626 0.96252 0.97626 0.96252 0.97626 0.96252 0.97626 0.96252 0.97626 0.96252 0.97626 0.96252 0.97626 0.96457 0.97628 0.96766 0.97627 0.97635 0.96617
0.59077 0.97661 0.97669 0.97666 0.97679 0.97671 0.97679 0.97671 0.97679 0.97671 0.97679 0.97671 0.97679 0.97671 0.97679 0.97671 0.97679 0.97671 0.97682 0.97668 0.97676 0.97667 0.97671 0.97672 0.97686
0.00000 0.00000 0.00000 0.00000 0.97694 0.63494 0.97694 0.63494 0.97694 0.63494 0.97694 0.63494 0.97694 0.63494 0.97694 0.63494 0.97694 0.63494 0.97694 0.63711 0.97691 0.97704 0.97690 0.97704 0.97701
