# name=grid_nonrect_buildings field=200x200 stride=8
25 25
0.00000 0.00000 0.00000 0.00000 0.00000 0.00000 0.00000 0.00000 0.00000 0.00000 0.00000 0.00000 0.00000 0.00000 0.00000 0.00000 0.00000 0.00000 0.00000 0.24334 0.31467 0.37206 0.39866 0.43254 0.00000
0.00000 0.35640 0.33517 0.95774 0.31536 0.31313 0.31005 0.32426 0.99402 0.29592 0.27522 0.80437 0.82100 0.78676 0.27077 0.28573 0.29388 0.30841 0.91534 0.53611 0.58588 0.56723 0.60359 0.62479 0.00000
0.00000 0.33748 0.95086 0.95284 0.90146 0.91894 0.94487 0.98612 0.95789 0.93126 0.92872 0.93544 0.95519 0.92942 0.90216 0.84743 0.91673 0.95649 0.92378 0.96029 0.92363 0.96590 0.96894 0.62701 0.00000
0.00000 0.94408 0.94519 0.94659 0.95636 0.96570 0.97713 0.98153 0.98400 0.97461 0.96949 0.94533 0.96181 0.94246 0.95648 0.95693 0.95831 0.96037 0.93380 0.95984 0.96134 0.96440 0.96804 0.63097 0.00000
0.00000 0.29788 0.94511 0.94576 0.95377 0.96390 0.94441 0.93053 0.95271 0.97527 0.97122 0.95103 0.96787 0.94735 0.96400 0.93333 0.93351 0.96406 0.93766 0.96042 0.95836 0.95922 0.96145 0.62570 0.00000
0.00000 0.29702 0.88881 0.94759 0.95509 0.96502 0.94508 0.93626 0.95334 0.97772 0.97337 0.95301 0.97221 0.95137 0.96863 0.93700 0.93560 0.91847 0.93799 0.95755 0.95572 0.95455 0.95573 0.62096 0.00000
0.00000 0.29992 0.91501 0.92321 0.93538 0.94264 0.92610 0.95481 0.98475 0.95608 0.95662 0.97405 0.97358 0.95754 0.94729 0.94340 0.91105 0.93999 0.91465 0.93080 0.93035 0.95138 0.95013 0.63301 0.00000
0.00000 0.31071 0.95434 0.95533 0.91242 0.93066 0.94691 0.97989 0.95751 0.93976 0.94366 0.95302 0.97177 0.95425 0.93315 0.88557 0.93384 0.96511 0.93811 0.95879 0.92446 0.95211 0.95000 0.61750 0.00000
0.00000 0.29314 0.89557 0.92997 0.93465 0.93913 0.92193 0.95057 0.95444 0.93350 0.93731 0.97310 0.97227 0.95575 0.92986 0.92439 0.96685 0.94047 0.91723 0.92157 0.92439 0.95560 0.95589 0.63227 0.00000
0.00000 0.28661 0.90830 0.95332 0.95578 0.91850 0.93333 0.92708 0.92711 0.96934 0.97022 0.95387 0.97026 0.95682 0.97201 0.91321 0.94012 0.93393 0.94420 0.93262 0.96656 0.96553 0.96341 0.62890 0.00000
0.00000 0.26982 0.91768 0.95196 0.92099 0.94887 0.92775 0.92314 0.92612 0.96439 0.96636 0.95466 0.96977 0.95822 0.97240 0.97143 0.94491 0.93091 0.94717 0.96967 0.97007 0.97073 0.97003 0.63525 0.00000
0.00000 0.92851 0.93007 0.95257 0.93085 0.92832 0.93077 0.93294 0.94021 0.94669 0.95166 0.96605 0.96741 0.95852 0.95841 0.95622 0.95230 0.94855 0.94990 0.95251 0.95720 0.97583 0.97609 0.64064 0.00000
0.00000 0.82835 0.95682 0.95466 0.95047 0.94872 0.94704 0.95128 0.95618 0.96274 0.96492 0.96549 0.96501 0.96556 0.96670 0.96957 0.96946 0.96715 0.96604 0.96784 0.97202 0.97510 0.97660 0.97827 0.00000
0.00000 0.93154 0.93468 0.95623 0.93426 0.93192 0.95170 0.93418 0.94318 0.94670 0.94932 0.96378 0.96169 0.95949 0.95071 0.95216 0.94980 0.94711 0.94598 0.95552 0.96038 0.97567 0.97825 0.65493 0.00000
0.00000 0.27667 0.90914 0.96153 0.96154 0.95997 0.93788 0.92235 0.94576 0.96537 0.96688 0.94980 0.96190 0.94912 0.96463 0.96804 0.94926 0.93154 0.94860 0.97006 0.97458 0.97928 0.98277 0.64415 0.00000
0.00000 0.28831 0.87185 0.96653 0.93806 0.96966 0.94481 0.88976 0.94640 0.94404 0.97001 0.94987 0.96525 0.95149 0.96935 0.94379 0.95022 0.88618 0.94819 0.97465 0.95691 0.98366 0.98847 0.64593 0.00000
0.00000 0.30373 0.93429 0.94562 0.94740 0.95035 0.95198 0.94882 0.92416 0.94770 0.95143 0.97043 0.97039 0.95572 0.95172 0.95207 0.95717 0.95117 0.92688 0.95802 0.96509 0.98571 0.98856 0.64643 0.00000
0.00000 0.31730 0.96970 0.97545 0.92870 0.94288 0.94684 0.97385 0.94513 0.93952 0.94409 0.95384 0.97353 0.95690 0.93885 0.90696 0.95562 0.98234 0.95417 0.98218 0.94908 0.98029 0.98131 0.63900 0.00000
0.00000 0.92663 0.93528 0.94715 0.95231 0.95244 0.94584 0.94023 0.91815 0.95037 0.95356 0.97043 0.97092 0.95627 0.95478 0.95500 0.95980 0.95853 0.93485 0.95218 0.95191 0.97181 0.97055 0.63228 0.00000
0.23816 0.53908 0.96946 0.96616 0.96592 0.93078 0.94263 0.97203 0.95221 0.97157 0.94254 0.94764 0.96502 0.94821 0.96599 0.93756 0.94448 0.97420 0.95184 0.96812 0.93736 0.95907 0.95592 0.62190 0.00000
0.30746 0.58907 0.92615 0.96018 0.92868 0.95920 0.94073 0.93859 0.95641 0.93927 0.96709 0.94766 0.00000 0.00000 0.00000 0.00000 0.93486 0.93095 0.94819 0.93385 0.95828 0.95466 0.95113 0.61991 0.00000
0.36390 0.96342 0.95978 0.95493 0.95302 0.95328 0.95722 0.96510 0.97074 0.97003 0.96623 0.95998 0.00000 0.00000 0.00000 0.00000 0.94666 0.95097 0.95542 0.95719 0.95571 0.95315 0.95049 0.63134 0.00000
0.39194 0.59176 0.95936 0.95316 0.95062 0.95103 0.95611 0.96392 0.96985 0.97148 0.96676 0.96054 0.00000 0.00000 0.00000 0.00000 0.93994 0.94452 0.95158 0.95814 0.95637 0.95622 0.95386 0.95236 0.00000
0.43254 0.61458 0.61466 0.61515 0.61781 0.61881 0.61936 0.62251 0.62798 0.63307 0.63323 0.96008 0.00000 0.00000 0.00000 0.00000 0.60886 0.61143 0.94905 0.62136 0.62538 0.95802 0.95586 0.63544 0.00000
0.00000 0.00000 0.00000 0.00000 0.00000 0.00000 0.00000 0.00000 0.00000 0.00000 0.00000 0.00000 0.00000 0.00000 0.00000 0.00000 0.00000 0.00000 0.00000 0.00000 0.00000 0.00000 0.00000 0.00000 0.00000
