# name=grid_streets_mixed field=200x200 stride=8
25 25
0.36873 0.35095 1.00000 0.91642 0.93186 0.91921 0.88433 0.90786 0.87903 0.87353 0.86582 0.94224 0.86523 0.98449 0.92358 0.83822 0.91335 0.88418 0.93245 0.93317 0.86633 0.92246 0.96664 0.98069 0.00000
0.34834 1.00000 0.96862 1.00000 0.97365 1.00000 0.96803 0.97578 0.96606 0.97351 1.00000 0.95007 1.00000 0.96821 0.96456 0.94949 0.91685 0.93601 0.91288 0.93257 0.94147 0.92596 0.96310 0.98069 0.00000
0.95391 0.96009 0.97746 0.97160 0.98079 1.00000 1.00000 0.98225 1.00000 1.00000 1.00000 1.00000 1.00000 0.98214 0.96682 0.94813 0.94071 0.93399 0.90283 0.93356 0.93850 0.95036 0.96580 0.97841 0.00000
0.30660 1.00000 0.97715 1.00000 0.98086 1.00000 0.97671 0.98242 1.00000 0.98075 1.00000 0.96336 1.00000 0.97143 0.96456 0.94949 0.94142 0.93523 0.91707 0.93289 0.94147 0.94997 0.96310 0.97900 0.00000
0.93000 0.97588 0.97832 0.98241 0.96566 0.98324 0.98442 0.96913 0.98568 0.98556 1.00000 0.98657 1.00000 0.97169 0.95440 0.94049 0.93988 0.93391 0.90976 0.93338 0.93967 0.95018 0.96474 0.97943 0.00000
0.31272 1.00000 0.97604 1.00000 0.97932 1.00000 0.97558 0.98155 1.00000 0.97980 1.00000 0.96161 1.00000 0.97141 0.96389 0.94861 0.94159 0.93527 0.91652 0.93331 0.94147 0.95011 0.96310 0.97984 0.00000
0.30892 1.00000 0.97673 1.00000 0.97997 1.00000 1.00000 0.98209 1.00000 0.98040 1.00000 0.96270 1.00000 0.98356 0.96394 0.94867 0.94164 0.93390 0.91686 0.93336 0.94147 0.95015 0.96310 0.97958 0.00000
0.31097 0.94164 0.97636 1.00000 0.97969 1.00000 1.00000 0.98180 1.00000 0.98008 1.00000 0.96211 1.00000 0.98333 0.96399 0.94874 0.94170 0.93392 0.91668 0.93340 0.94147 0.95020 0.96310 0.97931 0.00000
0.31530 1.00000 0.97555 1.00000 0.97889 1.00000 0.97508 0.98117 1.00000 0.97939 1.00000 0.96085 1.00000 0.97121 0.96387 0.94859 0.94158 0.93530 0.91629 0.93330 0.94147 0.95010 0.96310 0.97992 0.00000
0.97843 0.95768 0.95698 0.96272 0.94801 0.96336 0.96588 0.95020 0.96687 0.96560 0.98093 0.96539 0.98095 0.95312 0.93258 0.91927 0.91793 0.91520 0.88904 0.91499 0.91949 0.92705 0.94118 0.96109 0.00000
0.55534 0.95550 0.93940 0.95550 0.94203 0.95550 0.93909 0.94314 0.95621 0.94195 0.95550 0.92953 0.95550 0.93001 0.92163 0.90724 0.89930 0.89280 0.87904 0.88995 0.89957 0.90756 0.92024 0.93397 0.00000
0.86806 0.87620 0.94078 0.91928 0.93943 0.93979 0.93906 0.93899 0.93895 0.93884 0.93869 0.93926 0.93867 0.92295 0.90690 0.89005 0.88474 0.87700 0.86467 0.87630 0.87839 0.89415 0.90699 0.91993 0.00000
0.49603 0.93309 0.93081 0.93309 0.93117 0.93309 0.93076 0.93132 0.93062 0.93116 0.93309 0.92948 0.93309 0.91462 0.90002 0.88596 0.87638 0.87166 0.86702 0.86514 0.87848 0.88443 0.89866 0.91105 0.00000
0.89426 0.89857 0.93039 0.93041 0.93041 0.93041 0.93042 0.93020 0.93042 0.93020 0.93042 0.93040 0.93042 0.91624 0.89659 0.88098 0.87582 0.86880 0.86598 0.86818 0.87208 0.88378 0.89605 0.91277 0.00000
0.60138 0.92812 0.91649 0.92812 0.91840 0.92812 0.91626 0.91920 0.92969 0.91835 0.92812 0.90928 0.92812 0.90460 0.89523 0.88124 0.87428 0.86701 0.85579 0.86592 0.87380 0.88228 0.89387 0.90620 0.00000
0.90400 0.90730 0.92953 0.91269 0.91398 0.91330 0.91460 0.92963 0.92984 0.92966 0.92989 0.91558 0.92989 0.91415 0.89566 0.88064 0.87236 0.86828 0.85527 0.86773 0.87237 0.88299 0.89490 0.91177 0.00000
0.50145 0.93134 0.92910 0.93134 0.92946 0.93134 0.92906 0.92961 0.93034 0.92945 0.93134 0.92781 0.93134 0.91309 0.89833 0.88430 0.87645 0.86932 0.86546 0.86651 0.87682 0.88436 0.89697 0.90944 0.00000
0.85606 0.86524 0.93817 0.93841 0.93677 0.93848 0.93762 0.93768 0.93750 0.93872 0.93718 0.93906 0.93717 0.92317 0.90579 0.89008 0.88501 0.87563 0.87334 0.87486 0.88154 0.89302 0.90610 0.91896 0.00000
0.55116 0.95572 0.94010 0.95572 0.94265 0.95572 0.93979 0.94372 0.95636 0.94258 0.95572 0.93051 0.95572 0.93054 0.92184 0.90745 0.89941 0.89304 0.87947 0.88998 0.89978 0.90769 0.92045 0.93429 0.00000
0.98198 0.98387 0.96320 0.98128 0.96558 0.98110 0.98241 0.96788 0.98342 0.98207 0.98386 0.97985 0.98388 0.95899 0.94707 0.92853 0.91792 0.91796 0.90167 0.91746 0.91924 0.93073 0.94545 0.96624 0.00000
0.55209 1.00000 0.98124 1.00000 0.98430 1.00000 1.00000 0.98558 1.00000 0.98421 1.00000 0.96980 1.00000 0.97646 0.96456 0.94949 0.94097 0.93627 0.91906 0.93276 0.94147 0.94958 0.96310 0.98302 0.00000
0.93934 1.00000 0.98420 1.00000 0.98648 1.00000 1.00000 0.98787 1.00000 1.00000 1.00000 1.00000 1.00000 0.98310 0.96404 0.94881 0.94176 0.93502 0.92049 0.93345 0.94147 0.95025 0.96310 0.97904 0.00000
0.59337 0.97840 0.98404 0.98475 0.98584 0.98546 0.98635 0.98694 0.98740 0.98701 0.98829 0.98785 1.00000 0.97178 0.95612 0.94874 0.94070 0.93407 0.92345 0.93274 0.93986 0.94909 0.96457 0.97749 0.00000
0.62485 1.00000 1.00000 1.00000 1.00000 1.00000 1.00000 1.00000 1.00000 1.00000 1.00000 1.00000 1.00000 0.98388 0.96403 0.94879 0.94174 0.93393 0.93111 0.93343 0.94147 0.95023 0.96310 0.97912 0.00000
0.00000 0.00000 0.00000 0.00000 0.00000 0.00000 0.00000 0.00000 0.00000 0.00000 0.00000 0.00000 0.00000 0.00000 0.00000 0.00000 0.00000 0.00000 0.00000 0.00000 0.00000 0.00000 0.00000 0.00000 0.00000
