# name=grid_mixed_sizes field=200x200 stride=8
25 25
0.00000 0.00000 0.33333 0.33333 0.33333 0.25461 0.37486 0.32008 0.47842 0.48756 0.47331 0.85781 0.58087 0.33333 0.55613 0.53080 0.26009 0.63136 0.48329 0.63488 0.93541 0.61553 0.63393 0.64665 0.66667
0.00000 0.33333 0.33333 0.33333 0.33333 0.44817 0.72535 0.72904 0.84948 0.93938 0.92052 0.96588 0.95998 0.94961 0.89809 0.83338 0.45500 0.64674 0.45692 0.86652 0.95143 0.98001 1.00000 0.97737 1.00000
0.00000 0.33333 0.47335 0.33333 0.43629 0.49383 0.73158 0.93081 0.94427 0.97633 0.99104 0.97783 0.98412 1.00000 0.96598 0.91657 0.86299 0.86956 0.81331 0.93414 0.99255 0.99037 1.00000 1.00000 1.00000
0.00000 0.52625 0.93732 0.89073 0.83002 0.91323 0.87862 0.92958 0.91432 0.96620 0.97071 0.98580 0.98994 1.00000 0.97059 0.94634 0.84794 0.89823 0.81633 0.92850 0.98409 0.98855 0.99241 1.00000 1.00000
0.33333 1.00000 0.95283 0.91617 0.83934 0.83913 0.91609 0.92236 0.86573 0.93954 0.97329 0.96391 1.00000 0.98844 0.97728 0.95492 0.95792 0.95980 0.89747 0.95806 0.99276 0.98672 1.00000 0.99128 1.00000
0.58429 0.92188 0.97580 0.95571 0.87800 0.84526 0.85469 0.91681 0.92780 0.96104 0.90437 0.96146 1.00000 0.98903 0.98866 0.99097 0.94420 0.96396 0.90905 0.96802 0.98986 0.98692 0.98314 0.98984 1.00000
0.64848 0.91963 1.00000 0.98124 0.97497 0.91190 0.87766 0.95609 0.89010 0.93720 0.96847 1.00000 0.97368 0.93445 0.96963 0.94284 0.97190 0.94187 0.91193 0.97985 0.95202 0.96094 0.97407 0.98428 1.00000
0.33333 1.00000 1.00000 1.00000 1.00000 0.92560 0.87796 0.88160 0.90456 0.92754 0.95606 0.96242 0.89864 0.95558 0.92306 0.90303 0.91183 0.94307 0.89419 0.93511 0.94182 0.95145 0.97780 0.98521 1.00000
0.61924 1.00000 1.00000 0.98283 0.95708 0.92887 0.88261 0.79472 0.85384 0.83919 0.95767 0.95940 0.93214 0.92211 0.92576 0.95213 0.95004 0.93123 0.92659 0.91894 0.89430 0.92894 0.95902 1.00000 1.00000
0.46792 0.91969 0.95518 0.93460 0.87909 0.92844 0.78836 0.77261 0.78325 0.84640 0.81087 0.89032 0.90410 0.93740 0.91132 0.90804 0.94189 0.97174 0.90845 0.93628 0.90100 0.93765 0.97039 1.00000 1.00000
0.25694 0.85347 0.84251 0.83893 0.88232 0.84543 0.78479 0.66518 0.84647 0.83765 0.46754 0.87843 0.84979 0.87321 0.85173 0.86195 0.96362 0.96108 0.98692 0.91940 0.98992 0.95577 0.96781 1.00000 1.00000
0.38516 0.47728 0.76675 0.75551 0.81482 0.74328 0.76172 0.51557 0.70245 0.77759 0.64808 0.75459 0.82957 0.88168 0.82931 0.76714 0.84232 0.93971 0.85349 0.89761 0.94135 0.91482 0.95782 0.97298 0.66667
0.31645 0.32005 0.30481 0.46091 0.53337 0.74128 0.93352 0.94795 0.91191 0.83776 0.85084 0.77801 0.75345 0.73300 0.72862 0.82511 0.58623 0.84666 0.87980 0.84349 0.86330 0.85594 0.89819 0.94107 0.90476
0.00000 0.26430 0.26430 0.45273 0.57735 0.83711 0.89770 0.94138 0.90688 0.83177 0.82831 0.82899 0.89446 0.82080 0.74915 0.58906 0.88332 0.80984 0.89537 0.92198 0.95303 0.97426 0.97935 0.97886 0.84497
0.28969 0.28969 0.28969 0.24746 0.57735 0.76191 0.89221 0.88046 0.79898 0.80922 0.83084 0.84655 0.91716 0.89424 0.85152 0.90638 0.97547 0.87252 0.94231 0.91277 0.96779 0.98328 1.00000 1.00000 1.00000
0.33333 0.31051 0.28473 0.46471 0.38501 0.41117 0.23904 0.41209 0.30226 0.86712 0.81891 0.92966 0.93854 0.92357 0.93529 0.93295 0.96863 0.93000 0.96024 0.95811 0.98193 0.98426 1.00000 1.00000 1.00000
0.00000 0.59979 0.59979 0.50903 0.42282 0.80118 0.43770 0.70911 0.75991 0.91031 1.00000 0.95973 0.91557 0.94790 0.97433 0.94088 0.98788 0.95022 0.95878 0.97869 0.98868 0.99487 1.00000 1.00000 0.93301
0.33333 0.33333 0.33333 0.29841 0.77923 0.85939 0.82556 0.70780 0.82614 0.88987 0.94843 0.92721 0.96348 0.95094 1.00000 0.97215 0.95864 0.98409 0.94751 0.96183 0.98439 0.97807 1.00000 0.97676 1.00000
0.33333 0.33333 0.92904 0.33333 0.86811 0.85231 0.86320 0.87308 0.79478 0.88802 0.91612 0.97223 0.97604 0.99020 0.97848 0.96786 0.98427 0.94633 0.97361 0.96340 0.98417 0.99281 1.00000 1.00000 0.91390
0.52498 0.97584 0.97831 0.94669 0.91251 0.87610 0.88254 0.85023 0.82366 0.96380 0.95770 0.95761 0.98410 0.99259 1.00000 0.94476 0.97899 0.96875 0.98993 0.99290 0.99339 0.99481 1.00000 0.97360 0.92225
0.58683 0.93949 0.94332 0.94864 0.96465 0.96719 0.92823 0.90233 0.89915 0.96195 0.97396 0.97626 0.98327 1.00000 0.98796 0.99326 0.96290 0.97366 1.00000 1.00000 0.99391 1.00000 1.00000 0.97824 1.00000
0.62724 0.97068 0.97277 0.97562 0.98291 0.98415 0.94280 0.92125 0.94741 0.98104 0.99128 0.98692 1.00000 1.00000 1.00000 1.00000 0.96743 0.99216 1.00000 1.00000 1.00000 1.00000 1.00000 1.00000 1.00000
0.66667 0.98673 0.98773 0.98908 0.99190 0.99269 0.96073 0.94848 0.91928 1.00000 0.98567 1.00000 1.00000 1.00000 1.00000 1.00000 0.98065 1.00000 1.00000 1.00000 1.00000 1.00000 1.00000 1.00000 0.96410
0.66667 1.00000 1.00000 1.00000 1.00000 1.00000 1.00000 0.97977 0.98708 0.98251 1.00000 1.00000 1.00000 0.97699 1.00000 0.95649 0.98229 0.96754 1.00000 1.00000 1.00000 1.00000 1.00000 0.95698 0.56854
0.66667 1.00000 1.00000 1.00000 1.00000 1.00000 1.00000 1.00000 0.91890 0.88207 1.00000 1.00000 0.92455 1.00000 0.89437 1.00000 0.94903 1.00000 1.00000 1.00000 1.00000 1.00000 0.96410 0.56854 0.00000
