# name=grid_streets_w9 field=200x200 stride=8
25 25
0.00000 0.55052 0.58542 0.61653 0.56839 0.57408 0.47010 0.35079 0.00000 0.41200 0.56748 0.56791 0.56834 0.56044 0.46103 0.34175 0.33333 0.59045 0.58276 0.74650 0.41863 0.53567 0.59388 0.62902 0.66667
0.55052 1.00000 1.00000 0.98167 0.92605 0.97890 0.96917 1.00000 1.00000 1.00000 0.96974 0.97915 0.92601 0.98144 0.96529 1.00000 1.00000 0.89218 0.98194 1.00000 0.93907 1.00000 1.00000 1.00000 1.00000
0.58542 1.00000 1.00000 0.98671 1.00000 0.98468 0.97753 1.00000 1.00000 1.00000 0.97794 0.98487 1.00000 0.98654 1.00000 1.00000 1.00000 1.00000 0.98677 1.00000 1.00000 1.00000 1.00000 1.00000 1.00000
0.61653 0.98167 0.98671 1.00000 1.00000 1.00000 1.00000 0.98578 1.00000 0.98598 1.00000 1.00000 1.00000 1.00000 0.98783 0.98594 1.00000 0.98357 1.00000 1.00000 1.00000 1.00000 1.00000 1.00000 1.00000
0.56839 0.92605 1.00000 1.00000 1.00000 1.00000 1.00000 1.00000 1.00000 1.00000 1.00000 1.00000 1.00000 1.00000 1.00000 1.00000 1.00000 1.00000 1.00000 1.00000 1.00000 1.00000 1.00000 1.00000 1.00000
0.56656 0.97890 0.98468 1.00000 1.00000 1.00000 0.98623 0.98361 1.00000 0.98385 0.98646 1.00000 1.00000 1.00000 0.99301 0.98379 1.00000 0.98107 0.98185 0.98317 0.98472 1.00000 1.00000 1.00000 1.00000
0.47010 0.96917 0.97753 1.00000 1.00000 0.98623 0.95792 0.97597 1.00000 0.97632 0.95866 0.98640 1.00000 1.00000 1.00000 1.00000 1.00000 0.97230 0.94844 0.97394 0.97758 1.00000 1.00000 1.00000 1.00000
0.35079 1.00000 1.00000 0.98578 1.00000 0.98361 0.97597 1.00000 1.00000 1.00000 0.97642 0.98381 1.00000 0.98560 1.00000 1.00000 1.00000 1.00000 0.97154 1.00000 1.00000 1.00000 1.00000 0.98564 1.00000
0.00000 1.00000 1.00000 1.00000 1.00000 1.00000 1.00000 1.00000 1.00000 1.00000 1.00000 1.00000 1.00000 1.00000 1.00000 1.00000 1.00000 1.00000 1.00000 1.00000 1.00000 1.00000 1.00000 1.00000 1.00000
0.41200 1.00000 1.00000 0.98598 1.00000 0.98385 0.97632 1.00000 1.00000 1.00000 1.00000 0.98404 1.00000 0.98580 1.00000 1.00000 1.00000 1.00000 1.00000 1.00000 1.00000 1.00000 1.00000 0.98584 1.00000
0.56748 0.96974 0.97794 1.00000 1.00000 0.98646 0.95866 0.97642 1.00000 1.00000 0.95939 0.98783 1.00000 1.00000 1.00000 1.00000 1.00000 1.00000 0.94932 1.00000 0.97800 1.00000 1.00000 1.00000 1.00000
0.56791 0.97915 0.98487 1.00000 1.00000 1.00000 0.98640 0.98381 1.00000 0.98404 0.98783 1.00000 1.00000 1.00000 0.99309 0.98399 1.00000 0.98130 1.00000 0.98339 0.98490 1.00000 1.00000 1.00000 1.00000
0.56834 0.92601 1.00000 1.00000 1.00000 1.00000 1.00000 1.00000 1.00000 1.00000 1.00000 1.00000 1.00000 1.00000 1.00000 1.00000 1.00000 1.00000 1.00000 1.00000 1.00000 1.00000 1.00000 1.00000 1.00000
0.56044 0.98144 0.98654 1.00000 1.00000 1.00000 1.00000 0.98560 1.00000 0.98580 1.00000 1.00000 1.00000 1.00000 0.98767 0.98576 1.00000 0.98336 1.00000 1.00000 0.98657 1.00000 1.00000 1.00000 1.00000
0.46103 0.96529 1.00000 0.98783 1.00000 0.99301 1.00000 1.00000 1.00000 1.00000 1.00000 0.99309 1.00000 0.98767 0.95149 0.97236 1.00000 0.96879 0.97556 1.00000 0.97471 1.00000 1.00000 0.98766 1.00000
0.34175 1.00000 1.00000 0.98594 1.00000 0.98379 1.00000 1.00000 1.00000 1.00000 1.00000 0.98399 1.00000 0.98576 0.97236 1.00000 1.00000 1.00000 0.97185 1.00000 1.00000 1.00000 1.00000 0.98580 1.00000
0.33333 1.00000 1.00000 1.00000 1.00000 1.00000 1.00000 1.00000 1.00000 1.00000 1.00000 1.00000 1.00000 1.00000 1.00000 1.00000 1.00000 1.00000 1.00000 1.00000 1.00000 1.00000 1.00000 1.00000 1.00000
0.59045 0.89218 1.00000 0.98357 1.00000 0.98107 0.97230 1.00000 1.00000 1.00000 1.00000 0.98130 1.00000 0.98336 1.00000 1.00000 1.00000 1.00000 0.96722 1.00000 1.00000 1.00000 1.00000 1.00000 1.00000
0.58276 0.98194 0.98677 1.00000 1.00000 0.98185 0.94844 0.97154 1.00000 1.00000 0.94932 1.00000 1.00000 1.00000 1.00000 1.00000 1.00000 0.96722 0.93724 1.00000 0.98550 1.00000 1.00000 1.00000 1.00000
0.74650 1.00000 1.00000 1.00000 1.00000 0.98317 0.97394 1.00000 1.00000 1.00000 1.00000 0.98339 1.00000 1.00000 1.00000 1.00000 1.00000 1.00000 1.00000 1.00000 1.00000 1.00000 1.00000 1.00000 1.00000
0.41863 0.93907 1.00000 0.98674 1.00000 0.98472 0.97758 1.00000 1.00000 1.00000 0.97800 0.98490 1.00000 0.98657 0.97471 1.00000 1.00000 1.00000 0.97343 1.00000 1.00000 1.00000 1.00000 0.98658 1.00000
0.53567 1.00000 1.00000 1.00000 1.00000 1.00000 1.00000 1.00000 1.00000 1.00000 1.00000 1.00000 1.00000 1.00000 1.00000 1.00000 1.00000 1.00000 1.00000 1.00000 1.00000 1.00000 1.00000 1.00000 1.00000
0.59388 1.00000 1.00000 1.00000 1.00000 1.00000 1.00000 1.00000 1.00000 1.00000 1.00000 1.00000 1.00000 1.00000 1.00000 1.00000 1.00000 1.00000 1.00000 1.00000 1.00000 1.00000 1.00000 1.00000 1.00000
0.62902 0.98165 1.00000 1.00000 1.00000 1.00000 1.00000 0.98564 1.00000 0.98584 1.00000 1.00000 1.00000 1.00000 0.98766 0.98580 1.00000 0.98348 1.00000 1.00000 0.98658 1.00000 1.00000 1.00000 1.00000
0.66667 1.00000 1.00000 1.00000 1.00000 1.00000 1.00000 1.00000 1.00000 1.00000 1.00000 1.00000 1.00000 1.00000 1.00000 1.00000 1.00000 1.00000 1.00000 1.00000 1.00000 1.00000 1.00000 1.00000 0.66667
