# name=grid_streets_w7 field=200x200 stride=8
25 25
0.00000 0.00000 0.00000 0.00000 0.00000 0.00000 0.00000 0.00000 0.00000 0.00000 0.00000 0.00000 0.00000 0.00000 0.00000 0.00000 0.00000 0.00000 0.00000 0.00000 0.36146 0.47182 0.56585 0.60922 0.66667
0.00000 0.53327 1.00000 0.94945 0.91428 0.93221 0.91428 0.94945 0.93705 0.93004 0.95488 1.00000 0.93178 0.92246 0.94352 0.94352 0.92246 0.93178 1.00000 0.95488 1.00000 0.95369 1.00000 0.76202 0.78737
0.00000 1.00000 1.00000 1.00000 1.00000 0.94432 1.00000 1.00000 1.00000 1.00000 0.96318 1.00000 0.94395 1.00000 1.00000 1.00000 1.00000 0.94395 1.00000 0.96318 1.00000 1.00000 1.00000 1.00000 0.79279
0.00000 0.94945 1.00000 1.00000 0.96378 0.95400 0.96378 1.00000 1.00000 1.00000 1.00000 0.96366 0.97312 0.96401 1.00000 1.00000 0.96401 0.97312 0.96366 1.00000 1.00000 1.00000 1.00000 1.00000 0.79705
0.00000 0.91428 1.00000 0.96378 1.00000 0.95106 1.00000 0.96378 1.00000 1.00000 0.96775 1.00000 0.95073 1.00000 0.95942 0.95942 1.00000 0.95073 1.00000 0.96775 1.00000 1.00000 1.00000 1.00000 0.79576
0.00000 0.93221 0.94432 0.95400 0.95106 1.00000 0.95106 0.95400 0.95241 0.95181 0.95498 0.95090 0.95606 0.95136 0.95314 0.95314 0.95136 0.95606 0.95090 0.95498 0.95846 0.96369 1.00000 1.00000 0.81650
0.00000 0.91428 1.00000 0.96378 1.00000 0.95106 1.00000 0.96378 1.00000 1.00000 0.96775 1.00000 0.95073 1.00000 0.95942 0.95942 1.00000 0.95073 1.00000 0.96775 1.00000 1.00000 1.00000 1.00000 0.79576
0.00000 0.94945 1.00000 1.00000 0.96378 0.95400 0.96378 1.00000 1.00000 1.00000 1.00000 0.96366 0.97312 0.96401 1.00000 1.00000 0.96401 0.97312 0.96366 1.00000 1.00000 1.00000 1.00000 1.00000 0.79705
0.00000 0.93705 1.00000 1.00000 1.00000 0.95241 1.00000 1.00000 1.00000 1.00000 0.96866 1.00000 0.95209 1.00000 1.00000 1.00000 1.00000 0.95209 1.00000 0.96866 1.00000 1.00000 1.00000 1.00000 0.79636
0.00000 0.93004 1.00000 1.00000 1.00000 0.95181 1.00000 1.00000 1.00000 1.00000 0.96826 1.00000 0.95149 1.00000 1.00000 1.00000 1.00000 0.95149 1.00000 0.96826 1.00000 1.00000 1.00000 1.00000 0.79610
0.00000 0.95488 0.96318 1.00000 0.96775 0.95498 0.96775 1.00000 0.96866 0.96826 1.00000 0.96764 1.00000 0.96795 1.00000 1.00000 0.96795 1.00000 0.96764 1.00000 0.97274 0.97623 1.00000 1.00000 0.79748
0.00000 1.00000 1.00000 0.96366 1.00000 0.95090 1.00000 0.96366 1.00000 1.00000 0.96764 1.00000 0.95058 1.00000 0.95929 0.95929 1.00000 0.95058 1.00000 0.96764 1.00000 1.00000 1.00000 1.00000 0.79570
0.00000 0.93178 0.94395 0.97312 0.95073 0.95606 0.95073 0.97312 0.95209 0.95149 1.00000 0.95058 1.00000 0.95104 0.97261 0.97261 0.95104 1.00000 0.95058 1.00000 0.95818 0.96344 1.00000 1.00000 0.79796
0.00000 0.92246 1.00000 0.96401 1.00000 0.95136 1.00000 0.96401 1.00000 1.00000 0.96795 1.00000 0.95104 1.00000 1.00000 1.00000 1.00000 0.95104 1.00000 0.96795 1.00000 1.00000 1.00000 1.00000 0.79590
0.00000 0.94352 1.00000 1.00000 0.95942 0.95314 0.95942 1.00000 1.00000 1.00000 1.00000 0.95929 0.97261 1.00000 1.00000 1.00000 1.00000 0.97261 0.95929 1.00000 1.00000 1.00000 1.00000 1.00000 0.79668
0.00000 0.94352 1.00000 1.00000 0.95942 0.95314 0.95942 1.00000 1.00000 1.00000 1.00000 0.95929 0.97261 1.00000 1.00000 1.00000 1.00000 0.97261 0.95929 1.00000 1.00000 1.00000 1.00000 1.00000 0.79668
0.00000 0.92246 1.00000 0.96401 1.00000 0.95136 1.00000 0.96401 1.00000 1.00000 0.96795 1.00000 0.95104 1.00000 1.00000 1.00000 1.00000 0.95104 1.00000 0.96795 1.00000 1.00000 1.00000 1.00000 0.79590
0.00000 0.93178 0.94395 0.97312 0.95073 0.95606 0.95073 0.97312 0.95209 0.95149 1.00000 0.95058 1.00000 0.95104 0.97261 0.97261 0.95104 1.00000 0.95058 1.00000 0.95818 0.96344 1.00000 1.00000 0.79796
0.00000 1.00000 1.00000 0.96366 1.00000 0.95090 1.00000 0.96366 1.00000 1.00000 0.96764 1.00000 0.95058 1.00000 0.95929 0.95929 1.00000 0.95058 1.00000 0.96764 1.00000 1.00000 1.00000 1.00000 0.79570
0.00000 0.95488 0.96318 1.00000 0.96775 0.95498 0.96775 1.00000 0.96866 0.96826 1.00000 0.96764 1.00000 0.96795 1.00000 1.00000 0.96795 1.00000 0.96764 1.00000 0.97274 0.97623 1.00000 1.00000 0.79748
0.36146 1.00000 1.00000 1.00000 1.00000 0.95846 1.00000 1.00000 1.00000 1.00000 0.97274 1.00000 0.95818 1.00000 1.00000 1.00000 1.00000 0.95818 1.00000 0.97274 1.00000 1.00000 1.00000 1.00000 0.79900
0.47182 0.95369 1.00000 1.00000 1.00000 0.96369 1.00000 1.00000 1.00000 1.00000 0.97623 1.00000 0.96344 1.00000 1.00000 1.00000 1.00000 0.96344 1.00000 0.97623 1.00000 1.00000 1.00000 1.00000 0.80126
0.56585 1.00000 1.00000 1.00000 1.00000 1.00000 1.00000 1.00000 1.00000 1.00000 1.00000 1.00000 1.00000 1.00000 1.00000 1.00000 1.00000 1.00000 1.00000 1.00000 1.00000 1.00000 1.00000 1.00000 1.00000
0.60922 0.76202 1.00000 1.00000 1.00000 1.00000 1.00000 1.00000 1.00000 1.00000 1.00000 1.00000 1.00000 1.00000 1.00000 1.00000 1.00000 1.00000 1.00000 1.00000 1.00000 1.00000 1.00000 1.00000 1.00000
0.66667 0.78737 0.79279 0.79705 0.79576 0.81650 0.79576 0.79705 0.79636 0.79610 0.79748 0.79570 0.79796 0.79590 0.79668 0.79668 0.79590 0.79796 0.79570 0.79748 0.79900 0.80126 1.00000 1.00000 0.66667
