# name=grid_uniform field=200x200 stride=8
25 25
0.00000 0.33333 0.53815 0.56773 0.87825 0.87575 0.87825 0.87575 0.87825 0.87575 0.87825 0.87575 0.87825 0.87575 0.87825 0.87575 0.87825 0.87575 0.87825 0.96028 0.96028 0.96332 1.00000 0.64665 0.66667
0.33333 0.52211 1.00000 0.93222 1.00000 0.95167 1.00000 0.95167 1.00000 0.95167 1.00000 0.95167 1.00000 0.95167 1.00000 0.95167 1.00000 0.95167 1.00000 0.98397 1.00000 1.00000 1.00000 1.00000 1.00000
0.53815 1.00000 0.95276 1.00000 0.96239 1.00000 0.96239 1.00000 0.96239 1.00000 0.96239 1.00000 0.96239 1.00000 0.96239 1.00000 0.96239 1.00000 0.98171 1.00000 1.00000 1.00000 1.00000 1.00000 1.00000
0.56773 0.93222 1.00000 1.00000 1.00000 1.00000 1.00000 1.00000 1.00000 1.00000 1.00000 1.00000 1.00000 1.00000 1.00000 1.00000 1.00000 1.00000 1.00000 1.00000 1.00000 1.00000 1.00000 1.00000 1.00000
0.87825 1.00000 0.96239 1.00000 0.98851 1.00000 0.98851 1.00000 0.98851 1.00000 0.98851 1.00000 0.98851 1.00000 0.98851 1.00000 0.98851 1.00000 1.00000 1.00000 0.99094 1.00000 1.00000 1.00000 1.00000
0.87575 0.95167 1.00000 1.00000 1.00000 1.00000 1.00000 1.00000 1.00000 1.00000 1.00000 1.00000 1.00000 1.00000 1.00000 1.00000 1.00000 1.00000 1.00000 1.00000 1.00000 1.00000 1.00000 1.00000 1.00000
0.87825 1.00000 0.96239 1.00000 0.98851 1.00000 0.98851 1.00000 0.98851 1.00000 0.98851 1.00000 0.98851 1.00000 0.98851 1.00000 0.98851 1.00000 1.00000 1.00000 0.99094 1.00000 1.00000 1.00000 1.00000
0.87575 0.95167 1.00000 1.00000 1.00000 1.00000 1.00000 1.00000 1.00000 1.00000 1.00000 1.00000 1.00000 1.00000 1.00000 1.00000 1.00000 1.00000 1.00000 1.00000 1.00000 1.00000 1.00000 1.00000 1.00000
0.87825 1.00000 0.96239 1.00000 0.98851 1.00000 0.98851 1.00000 0.98851 1.00000 0.98851 1.00000 0.98851 1.00000 0.98851 1.00000 0.98851 1.00000 1.00000 1.00000 0.99094 1.00000 1.00000 1.00000 1.00000
0.87575 0.95167 1.00000 1.00000 1.00000 1.00000 1.00000 1.00000 1.00000 1.00000 1.00000 1.00000 1.00000 1.00000 1.00000 1.00000 1.00000 1.00000 1.00000 1.00000 1.00000 1.00000 1.00000 1.00000 1.00000
0.87825 1.00000 0.96239 1.00000 0.98851 1.00000 0.98851 1.00000 0.98851 1.00000 0.98851 1.00000 0.98851 1.00000 0.98851 1.00000 0.98851 1.00000 1.00000 1.00000 0.99094 1.00000 1.00000 1.00000 1.00000
0.87575 0.95167 1.00000 1.00000 1.00000 1.00000 1.00000 1.00000 1.00000 1.00000 1.00000 1.00000 1.00000 1.00000 1.00000 1.00000 1.00000 1.00000 1.00000 1.00000 1.00000 1.00000 1.00000 1.00000 1.00000
0.87825 1.00000 0.96239 1.00000 0.98851 1.00000 0.98851 1.00000 0.98851 1.00000 0.98851 1.00000 0.98851 1.00000 0.98851 1.00000 0.98851 1.00000 1.00000 1.00000 0.99094 1.00000 1.00000 1.00000 1.00000
0.87575 0.95167 1.00000 1.00000 1.00000 1.00000 1.00000 1.00000 1.00000 1.00000 1.00000 1.00000 1.00000 1.00000 1.00000 1.00000 1.00000 1.00000 1.00000 1.00000 1.00000 1.00000 1.00000 1.00000 1.00000
0.87825 1.00000 0.96239 1.00000 0.98851 1.00000 0.98851 1.00000 0.98851 1.00000 0.98851 1.00000 0.98851 1.00000 0.98851 1.00000 0.98851 1.00000 1.00000 1.00000 0.99094 1.00000 1.00000 1.00000 1.00000
0.87575 0.95167 1.00000 1.00000 1.00000 1.00000 1.00000 1.00000 1.00000 1.00000 1.00000 1.00000 1.00000 1.00000 1.00000 1.00000 1.00000 1.00000 1.00000 1.00000 1.00000 1.00000 1.00000 1.00000 1.00000
0.87825 1.00000 0.96239 1.00000 0.98851 1.00000 0.98851 1.00000 0.98851 1.00000 0.98851 1.00000 0.98851 1.00000 0.98851 1.00000 0.98851 1.00000 1.00000 1.00000 0.99094 1.00000 1.00000 1.00000 1.00000
0.87575 0.95167 1.00000 1.00000 1.00000 1.00000 1.00000 1.00000 1.00000 1.00000 1.00000 1.00000 1.00000 1.00000 1.00000 1.00000 1.00000 1.00000 1.00000 1.00000 1.00000 1.00000 1.00000 1.00000 1.00000
0.87825 1.00000 0.98171 1.00000 1.00000 1.00000 1.00000 1.00000 1.00000 1.00000 1.00000 1.00000 1.00000 1.00000 1.00000 1.00000 1.00000 1.00000 1.00000 1.00000 1.00000 1.00000 1.00000 1.00000 1.00000
0.96028 0.98397 1.00000 1.00000 1.00000 1.00000 1.00000 1.00000 1.00000 1.00000 1.00000 1.00000 1.00000 1.00000 1.00000 1.00000 1.00000 1.00000 1.00000 1.00000 1.00000 1.00000 1.00000 1.00000 1.00000
0.96028 1.00000 1.00000 1.00000 0.99094 1.00000 0.99094 1.00000 0.99094 1.00000 0.99094 1.00000 0.99094 1.00000 0.99094 1.00000 0.99094 1.00000 1.00000 1.00000 1.00000 1.00000 1.00000 1.00000 1.00000
0.96332 1.00000 1.00000 1.00000 1.00000 1.00000 1.00000 1.00000 1.00000 1.00000 1.00000 1.00000 1.00000 1.00000 1.00000 1.00000 1.00000 1.00000 1.00000 1.00000 1.00000 1.00000 1.00000 1.00000 1.00000
1.00000 1.00000 1.00000 1.00000 1.00000 1.00000 1.00000 1.00000 1.00000 1.00000 1.00000 1.00000 1.00000 1.00000 1.00000 1.00000 1.00000 1.00000 1.00000 1.00000 1.00000 1.00000 1.00000 1.00000 1.00000
0.64665 1.00000 1.00000 1.00000 1.00000 1.00000 1.00000 1.00000 1.00000 1.00000 1.00000 1.00000 1.00000 1.00000 1.00000 1.00000 1.00000 1.00000 1.00000 1.00000 1.00000 1.00000 1.00000 1.00000 0.66667
0.66667 1.00000 1.00000 1.00000 1.00000 1.00000 1.00000 1.00000 1.00000 1.00000 1.00000 1.00000 1.00000 1.00000 1.00000 1.00000 1.00000 1.00000 1.00000 1.00000 1.00000 1.00000 1.00000 0.66667 0.66667
