# name=grid_with_holes field=200x200 stride=8
25 25
0.00000 0.33333 0.33333 0.33333 0.52806 0.00000 0.00000 0.00000 0.33333 0.33333 0.33333 0.56773 0.87825 0.87575 0.87825 0.87575 0.48746 0.54029 0.48746 0.78114 0.78152 0.80138 0.63393 0.64665 0.66667
0.00000 0.33333 0.56365 0.53381 0.51259 0.53470 0.53569 0.40893 0.33333 0.56592 0.96893 0.69077 0.93749 0.95167 1.00000 0.95167 1.00000 0.89834 0.95536 0.79615 0.77125 0.80138 0.63393 0.64665 0.66667
0.33333 0.57506 0.72453 0.51013 0.47577 0.70414 0.60309 0.64679 0.57735 0.97024 0.97295 0.98023 0.94630 0.97544 0.96239 1.00000 0.96239 0.98526 0.93603 0.98403 0.91372 0.84404 0.63393 0.64665 0.66667
0.00000 0.69167 0.88208 0.87313 0.78480 0.66374 0.83553 0.85843 0.93487 1.00000 1.00000 1.00000 1.00000 0.98090 1.00000 1.00000 1.00000 0.96988 1.00000 1.00000 0.92779 0.91131 0.78292 0.64665 0.66667
0.49428 0.89777 0.92499 0.87668 0.97305 0.90894 0.95310 0.91841 1.00000 0.97824 1.00000 1.00000 0.98728 0.98446 0.98851 1.00000 0.98816 1.00000 0.98619 1.00000 0.96811 0.94963 0.90585 0.58571 0.66667
0.30917 0.95016 0.95003 0.92916 0.97452 0.97079 1.00000 1.00000 0.98353 1.00000 1.00000 1.00000 1.00000 1.00000 1.00000 1.00000 1.00000 1.00000 1.00000 1.00000 1.00000 1.00000 0.97544 0.95371 0.66667
0.53815 0.97376 0.97836 0.98445 0.99158 1.00000 0.98728 0.99166 0.99158 1.00000 0.98684 1.00000 1.00000 1.00000 0.98851 1.00000 0.98851 1.00000 1.00000 0.99127 0.98432 1.00000 0.95021 0.96206 0.66667
0.56773 0.93222 0.98314 1.00000 0.99088 1.00000 0.98446 1.00000 1.00000 0.98384 0.98314 0.99074 1.00000 1.00000 1.00000 1.00000 1.00000 1.00000 1.00000 1.00000 1.00000 1.00000 0.97234 0.98262 1.00000
0.87825 1.00000 0.98026 1.00000 0.98851 1.00000 0.98851 1.00000 0.97096 1.00000 0.98619 1.00000 0.97183 0.98696 0.97366 1.00000 0.98451 1.00000 1.00000 1.00000 0.98849 1.00000 0.97380 0.98130 1.00000
0.46868 0.95852 0.98972 1.00000 1.00000 1.00000 1.00000 1.00000 1.00000 0.97708 1.00000 1.00000 0.98549 1.00000 1.00000 0.98151 1.00000 0.96899 1.00000 1.00000 0.99172 1.00000 1.00000 0.98789 1.00000
0.52806 0.98005 0.95449 1.00000 0.97980 0.99088 0.98816 0.98134 0.97414 0.98119 0.96003 0.98257 0.96859 1.00000 0.96712 1.00000 0.98193 1.00000 0.98181 1.00000 0.98587 1.00000 1.00000 1.00000 1.00000
0.30632 0.90650 0.93375 1.00000 1.00000 1.00000 1.00000 1.00000 1.00000 1.00000 1.00000 1.00000 0.97857 0.96988 1.00000 1.00000 1.00000 0.98730 1.00000 0.98462 1.00000 1.00000 1.00000 1.00000 1.00000
0.49428 0.89777 0.94941 1.00000 0.98728 0.98359 0.98286 0.96631 0.96007 0.96395 0.95305 0.96735 0.96231 0.98314 0.98667 1.00000 0.98556 1.00000 1.00000 0.99277 0.99019 1.00000 1.00000 1.00000 1.00000
0.30917 0.95016 0.95003 1.00000 1.00000 1.00000 1.00000 1.00000 0.96739 1.00000 0.97876 0.95612 1.00000 0.99074 1.00000 1.00000 1.00000 1.00000 0.99009 0.99200 1.00000 1.00000 1.00000 1.00000 1.00000
0.53815 0.97376 0.97738 1.00000 1.00000 1.00000 0.98667 1.00000 0.95923 1.00000 0.98063 0.98560 1.00000 1.00000 0.97980 1.00000 0.98728 1.00000 1.00000 1.00000 0.99094 1.00000 1.00000 1.00000 1.00000
0.33333 1.00000 0.93930 1.00000 1.00000 1.00000 1.00000 1.00000 1.00000 0.96402 0.98426 0.97686 1.00000 1.00000 0.99088 1.00000 0.98359 1.00000 1.00000 1.00000 1.00000 1.00000 1.00000 1.00000 1.00000
0.55526 0.94195 0.94036 1.00000 0.97980 1.00000 0.97980 1.00000 0.96751 1.00000 0.98158 1.00000 0.97980 0.99088 0.98851 1.00000 0.97096 1.00000 0.98712 1.00000 1.00000 1.00000 1.00000 1.00000 1.00000
0.30632 0.97351 0.96018 1.00000 1.00000 1.00000 0.99088 0.96516 0.98196 0.98931 1.00000 1.00000 1.00000 1.00000 1.00000 1.00000 1.00000 1.00000 1.00000 1.00000 1.00000 1.00000 1.00000 1.00000 1.00000
0.49428 0.90240 0.97562 1.00000 0.98684 0.98446 1.00000 1.00000 0.98619 1.00000 0.98608 1.00000 1.00000 0.98446 1.00000 1.00000 0.98619 1.00000 1.00000 1.00000 1.00000 0.98655 1.00000 1.00000 1.00000
0.69237 0.95740 0.98327 1.00000 1.00000 0.99139 1.00000 0.98919 1.00000 1.00000 1.00000 1.00000 1.00000 1.00000 1.00000 0.98919 1.00000 1.00000 1.00000 1.00000 1.00000 0.98476 1.00000 1.00000 1.00000
0.87362 1.00000 0.96849 1.00000 0.98410 1.00000 0.98417 0.97712 0.98758 1.00000 0.98895 0.99076 0.98771 1.00000 0.98610 1.00000 1.00000 0.97865 0.98456 0.98831 1.00000 1.00000 0.99040 1.00000 1.00000
0.61553 0.90371 1.00000 1.00000 1.00000 0.96680 0.95132 0.98062 1.00000 1.00000 0.97407 0.99297 1.00000 0.97535 1.00000 1.00000 1.00000 1.00000 0.87159 0.99048 1.00000 1.00000 1.00000 1.00000 1.00000
0.63393 0.93626 0.96086 0.97118 0.95807 0.95783 0.95797 0.95771 0.98433 1.00000 0.98789 1.00000 1.00000 0.98231 0.96748 0.96263 0.95892 0.96365 0.98276 1.00000 1.00000 1.00000 1.00000 1.00000 1.00000
0.64665 0.64665 0.95299 0.98067 0.95824 0.96107 0.95299 0.95706 0.98337 1.00000 1.00000 1.00000 1.00000 1.00000 0.97293 0.96287 0.98337 0.97693 0.62724 0.98349 1.00000 1.00000 1.00000 1.00000 0.66667
0.66667 0.66667 0.66667 1.00000 1.00000 0.66667 0.66667 1.00000 1.00000 1.00000 1.00000 1.00000 1.00000 1.00000 1.00000 1.00000 1.00000 0.66667 0.66667 1.00000 1.00000 0.66667 0.66667 0.66667 0.66667
