# name=grid_rotated_30 field=200x200 stride=8
25 25
0.21905 0.24328 0.74907 0.81266 0.85174 0.85210 0.72525 0.78979 0.87372 0.87987 0.45313 0.45360 0.77493 0.77595 0.85838 0.78710 0.81883 0.78352 0.81524 0.85123 0.89414 0.92625 0.85989 0.89059 0.90275
0.23643 0.39175 0.73732 0.79425 0.88688 0.87496 0.87350 0.90228 0.86015 0.88814 0.84800 0.88841 0.76280 0.76536 0.85664 0.79519 0.82964 0.82313 0.86843 0.92296 0.90049 0.92460 0.91301 0.88879 0.88686
0.24040 0.70002 0.80059 0.83072 0.89975 0.87506 0.91831 0.92257 0.89128 0.89833 0.85088 0.90007 0.84173 0.80709 0.86025 0.84814 0.88758 0.86639 0.89075 0.92397 0.90769 0.90280 0.91924 0.91571 0.91144
0.44384 0.79369 0.83133 0.84583 0.91863 0.90883 0.89953 0.89413 0.90224 0.91896 0.89604 0.90212 0.86668 0.83225 0.84899 0.84611 0.89268 0.89591 0.92758 0.92472 0.91446 0.91232 0.91623 0.91035 0.90227
0.83400 0.84365 0.83444 0.86251 0.91130 0.91342 0.92315 0.92250 0.92123 0.90742 0.90468 0.90603 0.91983 0.90799 0.92411 0.91961 0.92907 0.89972 0.92969 0.92576 0.92439 0.91996 0.91384 0.90662 0.89560
0.85378 0.84079 0.84712 0.87085 0.92348 0.92378 0.92385 0.92343 0.90923 0.92153 0.90009 0.92000 0.92033 0.92226 0.91171 0.89887 0.92867 0.90711 0.92892 0.91590 0.92467 0.91770 0.90975 0.88414 0.87861
0.80888 0.88717 0.86701 0.85520 0.92547 0.91369 0.91320 0.92454 0.92413 0.90970 0.91018 0.92158 0.90704 0.92331 0.91189 0.92639 0.90797 0.92850 0.90077 0.92668 0.92572 0.92435 0.90614 0.91368 0.88192
0.76415 0.83828 0.85016 0.87562 0.92847 0.92754 0.89741 0.90972 0.92571 0.92499 0.92429 0.92315 0.92383 0.92540 0.89904 0.92723 0.89890 0.92742 0.91235 0.92681 0.92607 0.92339 0.90393 0.91940 0.90127
0.78503 0.82383 0.86612 0.89494 0.89838 0.90636 0.90720 0.92735 0.91199 0.90518 0.91256 0.92554 0.85955 0.87709 0.86572 0.85390 0.91498 0.91304 0.92654 0.92626 0.91559 0.92233 0.91988 0.91679 0.91395
0.82023 0.83006 0.88887 0.89381 0.92783 0.92795 0.90781 0.89924 0.91517 0.92822 0.91422 0.92759 0.85521 0.86574 0.86486 0.84442 0.92840 0.90660 0.92617 0.91408 0.92361 0.91272 0.91796 0.90309 0.89251
0.81477 0.84172 0.89489 0.89486 0.92061 0.90077 0.92739 0.90988 0.92809 0.90132 0.92848 0.92886 0.85435 0.85231 0.85742 0.86412 0.91428 0.91275 0.92597 0.91001 0.90694 0.92110 0.90441 0.88900 0.87172
0.89423 0.90013 0.90838 0.91734 0.92694 0.91488 0.91424 0.89953 0.92833 0.91386 0.92882 0.92997 0.85937 0.83846 0.85503 0.86120 0.92767 0.92632 0.92472 0.92329 0.92161 0.91161 0.90960 0.90726 0.89920
0.77140 0.75876 0.81807 0.84820 0.91333 0.92632 0.92687 0.92753 0.92788 0.92865 0.91660 0.90204 0.90980 0.90995 0.93079 0.91602 0.92836 0.91443 0.92430 0.90784 0.92171 0.92159 0.92237 0.90834 0.88509
0.77230 0.77121 0.84943 0.86252 0.92469 0.92515 0.90916 0.92603 0.91540 0.92781 0.91612 0.92988 0.93058 0.93074 0.90345 0.91714 0.92875 0.92702 0.92525 0.92356 0.92331 0.91415 0.91073 0.89799 0.87594
0.43423 0.83690 0.84761 0.85232 0.90944 0.92379 0.92478 0.92479 0.92594 0.92735 0.92827 0.92940 0.90275 0.93006 0.91319 0.92912 0.91457 0.92753 0.89872 0.92569 0.92566 0.91710 0.91643 0.90497 0.89117
0.43597 0.81288 0.81869 0.83537 0.90663 0.90143 0.91095 0.92554 0.91353 0.92739 0.92806 0.92839 0.91630 0.91595 0.92866 0.92852 0.90405 0.92821 0.92724 0.92707 0.91611 0.92320 0.91708 0.90512 0.86305
0.88176 0.88985 0.89960 0.92001 0.90811 0.92310 0.91066 0.92627 0.90809 0.92829 0.90368 0.91403 0.86218 0.85238 0.86693 0.86796 0.92845 0.91611 0.91601 0.92865 0.92984 0.92551 0.91100 0.90922 0.87294
0.87331 0.86053 0.89180 0.90289 0.92211 0.91011 0.92516 0.92676 0.91377 0.91629 0.92809 0.92776 0.87583 0.85407 0.85419 0.84372 0.90928 0.91466 0.92784 0.92899 0.93059 0.92059 0.91316 0.89869 0.87633
0.82449 0.91895 0.92503 0.89512 0.92423 0.90929 0.92584 0.91148 0.92780 0.91634 0.90998 0.90007 0.85605 0.85269 0.87104 0.85912 0.92705 0.92745 0.91383 0.91574 0.92951 0.92998 0.92437 0.90436 0.89039
0.50727 0.91322 0.91701 0.89952 0.92545 0.92583 0.91586 0.91382 0.91010 0.92800 0.92796 0.92828 0.86667 0.84060 0.85056 0.84786 0.91469 0.92710 0.92785 0.92837 0.91931 0.92567 0.92168 0.91625 0.90987
0.80527 0.80898 0.82879 0.84040 0.92684 0.92668 0.91754 0.92806 0.92921 0.92862 0.91768 0.92846 0.92758 0.92713 0.92520 0.90881 0.92452 0.91624 0.92732 0.92768 0.92806 0.92504 0.92149 0.91628 0.91005
0.82717 0.82839 0.83551 0.85668 0.91600 0.92338 0.92465 0.92840 0.91845 0.92384 0.92372 0.92050 0.91973 0.92636 0.91554 0.92316 0.91429 0.92447 0.92657 0.92744 0.92837 0.92157 0.91931 0.91111 0.91564
0.84310 0.85268 0.84397 0.84837 0.91196 0.91058 0.92116 0.92376 0.91071 0.91020 0.90845 0.91907 0.91582 0.92591 0.91341 0.90809 0.92166 0.92395 0.90774 0.90427 0.90766 0.91322 0.91675 0.91850 0.92163
0.80435 0.82580 0.84259 0.85656 0.88473 0.91265 0.90645 0.90359 0.89638 0.90829 0.90644 0.90860 0.90347 0.91282 0.91139 0.89563 0.90930 0.92328 0.92599 0.91100 0.88892 0.90358 0.91210 0.91773 0.91517
0.49367 0.51098 0.79736 0.83419 0.88577 0.90505 0.91044 0.88985 0.87445 0.87118 0.86628 0.89483 0.83780 0.84622 0.86399 0.84467 0.90206 0.92354 0.91408 0.90139 0.87044 0.89025 0.90454 0.91314 0.92460
