# name=hexagonal field=200x200 stride=8
25 25
0.12043 0.47282 0.44917 0.41562 0.41893 0.73637 0.77389 0.78194 0.76657 0.48748 0.76898 0.73189 0.41562 0.41893 0.42203 0.41212 0.42764 0.40448 0.36880 0.78292 0.84118 0.92176 0.95111 0.96577 0.95706
0.45868 0.44617 0.70630 0.66990 0.66748 0.70848 0.75792 0.76566 0.75997 0.76531 0.76052 0.71685 0.66760 0.66748 0.66735 0.66772 0.64941 0.40599 0.71190 0.76632 0.84359 0.90250 0.92824 0.93393 0.94087
0.77862 0.75570 0.80292 0.79800 0.77597 0.79189 0.75626 0.74891 0.70638 0.74648 0.74633 0.78830 0.77758 0.77597 0.77423 0.77905 0.75583 0.68526 0.78968 0.83943 0.89150 0.91542 0.93763 0.93037 0.93321
0.40785 0.80849 0.79118 0.79480 0.78918 0.78224 0.74817 0.73700 0.73173 0.70111 0.75038 0.76156 0.76821 0.76805 0.76766 0.77833 0.77825 0.77898 0.74013 0.84456 0.88361 0.90764 0.92076 0.91594 0.91121
0.72840 0.82386 0.82664 0.86799 0.85530 0.85796 0.77476 0.75905 0.74869 0.76541 0.81515 0.85674 0.85233 0.85235 0.85218 0.85213 0.83792 0.83958 0.85464 0.89189 0.90519 0.91007 0.92297 0.90887 0.90659
0.70334 0.70854 0.75648 0.76049 0.76698 0.78652 0.76833 0.78095 0.75128 0.78097 0.76735 0.79468 0.76670 0.76698 0.76703 0.76619 0.77857 0.73993 0.80019 0.81640 0.85709 0.89225 0.88761 0.88289 0.87992
0.73107 0.74502 0.82890 0.87216 0.85911 0.86167 0.78369 0.76908 0.75939 0.77484 0.78743 0.86055 0.85618 0.85627 0.85618 0.85590 0.84154 0.84318 0.85828 0.89407 0.90733 0.91128 0.92459 0.90748 0.90506
0.40586 0.80969 0.79195 0.79468 0.78887 0.76091 0.74751 0.72235 0.73087 0.70020 0.74974 0.76087 0.76703 0.76698 0.76670 0.77815 0.76546 0.77877 0.73993 0.84438 0.88312 0.90728 0.91977 0.91494 0.90976
0.73211 0.74559 0.82785 0.86706 0.85235 0.85869 0.77622 0.76874 0.75352 0.76996 0.78439 0.85756 0.85218 0.85235 0.85233 0.85183 0.84126 0.83976 0.85488 0.89002 0.90358 0.91067 0.92278 0.90930 0.90649
0.70810 0.71258 0.75921 0.76173 0.76805 0.78717 0.77049 0.78206 0.75165 0.78214 0.77907 0.79614 0.76766 0.76805 0.76821 0.76705 0.77876 0.74013 0.80029 0.82845 0.85729 0.89286 0.88855 0.88395 0.88214
0.67530 0.82425 0.82754 0.87290 0.85804 0.86093 0.78223 0.76460 0.75477 0.75306 0.81888 0.85971 0.85613 0.85608 0.85585 0.85600 0.84142 0.84278 0.80158 0.89489 0.90874 0.91068 0.92479 0.90730 0.90520
0.40602 0.81085 0.79303 0.79437 0.78902 0.76217 0.74902 0.73314 0.73109 0.70182 0.75120 0.76199 0.76686 0.76673 0.76636 0.77777 0.77697 0.77835 0.73962 0.84413 0.88258 0.90704 0.91916 0.91416 0.90854
0.73743 0.72363 0.83021 0.86645 0.85246 0.85913 0.77892 0.77310 0.71387 0.77421 0.78119 0.85810 0.85216 0.85246 0.85258 0.85166 0.84107 0.76862 0.85529 0.88433 0.90253 0.91037 0.92147 0.90812 0.90607
0.71371 0.74080 0.75914 0.78146 0.78948 0.78550 0.79194 0.77982 0.72271 0.77988 0.79138 0.79425 0.78809 0.78948 0.76663 0.79292 0.77666 0.76152 0.79869 0.83770 0.85506 0.91525 0.90368 0.88228 0.90565
0.67761 0.82528 0.82655 0.86939 0.85468 0.85736 0.79401 0.75481 0.74488 0.74545 0.81144 0.85605 0.85275 0.85261 0.85229 0.83911 0.78484 0.83952 0.80056 0.89230 0.90746 0.90890 0.92245 0.90787 0.90605
0.38755 0.78739 0.81298 0.79472 0.81224 0.78361 0.75086 0.75560 0.73363 0.75658 0.75298 0.79229 0.76911 0.79196 0.79064 0.77838 0.79575 0.77900 0.79525 0.84465 0.87525 0.90809 0.92036 0.91542 0.88997
0.73797 0.72545 0.81750 0.86968 0.85552 0.86229 0.80677 0.78284 0.72762 0.78359 0.79743 0.84847 0.85514 0.85552 0.85571 0.85458 0.84364 0.77536 0.85782 0.82979 0.90866 0.91227 0.89619 0.90820 0.90517
0.71052 0.73716 0.76559 0.78129 0.78947 0.80885 0.79215 0.75517 0.74810 0.75590 0.79171 0.81813 0.78812 0.78947 0.79054 0.79248 0.80423 0.79153 0.82319 0.83592 0.87083 0.91760 0.90607 0.90131 0.90765
0.67222 0.82270 0.82381 0.85555 0.85259 0.85578 0.79178 0.75172 0.74170 0.74287 0.80836 0.85439 0.83822 0.85138 0.85092 0.83698 0.78531 0.83826 0.80010 0.89083 0.90784 0.91695 0.92350 0.90859 0.90658
0.64390 0.82171 0.84276 0.84569 0.83927 0.82288 0.78201 0.76089 0.74900 0.76162 0.78459 0.83320 0.82066 0.82035 0.81968 0.83238 0.82642 0.83294 0.82616 0.88546 0.89375 0.92467 0.92180 0.91663 0.90892
0.83233 0.81888 0.88991 0.85109 0.90246 0.88822 0.84152 0.80094 0.75147 0.80360 0.80514 0.88157 0.81711 0.90246 0.88141 0.85092 0.89448 0.83963 0.90821 0.85208 0.93591 0.91474 0.91687 0.92759 0.85863
0.84824 0.84257 0.88178 0.86955 0.87791 0.87812 0.84976 0.81743 0.78411 0.80635 0.81822 0.86126 0.86872 0.87791 0.87779 0.85184 0.88228 0.85100 0.89248 0.89701 0.90384 0.92914 0.91992 0.91713 0.88671
0.80451 0.89189 0.88446 0.88869 0.88686 0.85504 0.85966 0.82422 0.81059 0.78424 0.83925 0.85794 0.88602 0.87481 0.85908 0.88758 0.86239 0.88987 0.86261 0.90221 0.88748 0.89538 0.89858 0.91016 0.86295
0.83465 0.86834 0.86280 0.83669 0.84956 0.84462 0.82786 0.81474 0.82027 0.81580 0.83296 0.85172 0.83341 0.83834 0.84521 0.84743 0.84132 0.84699 0.83980 0.85221 0.86299 0.86786 0.86561 0.88297 0.90304
0.96297 0.95240 0.99310 0.96508 0.96622 0.96960 0.93685 0.93849 0.94936 0.93999 0.93639 0.98144 0.96422 0.96622 0.96815 0.96215 0.98122 0.98194 0.99053 0.98260 0.99054 1.00000 0.99038 1.00000 1.00000
