# name=mixed_regions field=200x200 stride=8
25 25
0.00000 0.33333 0.53815 0.56773 0.87825 0.87575 0.87825 0.87575 0.87825 0.55897 0.52806 0.33333 0.00000 0.00000 0.00000 0.00000 0.00000 0.00000 0.00000 0.00000 0.00000 0.41740 0.51555 0.63464 0.63464
0.33333 0.52211 1.00000 0.93222 1.00000 0.95167 1.00000 0.95167 1.00000 0.95852 1.00000 0.53470 0.12433 0.00000 0.00000 0.00000 0.00000 0.38904 0.00000 0.00000 0.31612 0.43070 0.52499 0.63464 0.63464
0.53815 1.00000 0.95276 1.00000 0.96239 1.00000 0.96239 1.00000 0.98026 1.00000 0.97159 1.00000 0.11783 0.06090 0.00000 0.00000 0.36217 0.42104 0.40206 0.00000 0.89379 0.87020 0.90523 0.89987 0.94225
0.56773 0.93222 1.00000 1.00000 1.00000 1.00000 1.00000 1.00000 1.00000 1.00000 1.00000 0.92689 0.49939 0.05636 0.00000 0.00000 0.39710 0.45815 0.45127 0.69878 0.87904 0.91605 0.91124 0.92544 0.93671
0.87825 1.00000 0.96239 1.00000 0.98851 1.00000 0.98851 1.00000 0.98816 1.00000 0.97764 0.93271 0.53585 0.14796 0.00000 0.15727 0.00000 0.13732 0.64544 0.71972 0.82627 0.88045 0.91592 0.92506 0.93218
0.87575 0.95167 1.00000 1.00000 1.00000 1.00000 1.00000 1.00000 1.00000 1.00000 0.97224 0.96687 0.42213 0.14628 0.00000 0.22001 0.48420 0.13198 0.66099 0.71727 0.80051 0.89268 0.92047 0.92943 0.92821
0.87825 1.00000 0.96239 1.00000 0.98851 1.00000 0.98851 1.00000 0.98816 1.00000 0.97764 0.93271 0.40059 0.09905 0.00000 0.31458 0.48780 0.64955 0.41810 0.68323 0.82141 0.88105 0.92872 0.92824 0.92740
0.87575 0.95167 1.00000 1.00000 1.00000 1.00000 1.00000 1.00000 1.00000 1.00000 0.97224 0.89942 0.35113 0.18954 0.00000 0.21885 0.36243 0.38378 0.64495 0.81792 0.80382 0.89224 0.91234 0.92848 0.92720
0.87825 1.00000 0.96239 1.00000 0.98851 1.00000 0.98851 1.00000 0.98816 1.00000 0.97764 0.80242 0.40280 0.31004 0.42357 0.54602 0.26417 0.55113 0.70876 0.81261 0.77959 0.87990 0.91551 0.90588 0.93290
0.87575 0.95167 1.00000 1.00000 1.00000 1.00000 1.00000 1.00000 1.00000 1.00000 0.97224 0.82606 0.40033 0.30042 0.42034 0.49768 0.63588 0.69537 0.71334 0.82211 0.82152 0.90774 0.86313 0.88838 0.62628
0.87825 1.00000 0.96239 1.00000 0.98851 1.00000 0.98851 1.00000 0.98816 1.00000 0.95310 0.83603 0.40109 0.45508 0.35948 0.43933 0.59542 0.71200 0.72334 0.83911 0.85893 0.94589 0.94456 0.92932 0.89079
0.87575 0.95167 1.00000 1.00000 1.00000 1.00000 1.00000 1.00000 1.00000 1.00000 0.96263 0.87967 0.47821 0.45439 0.30257 0.28165 0.61028 0.76437 0.75080 0.84132 0.91088 0.94524 0.94379 0.94185 0.89527
0.87825 1.00000 0.96239 1.00000 0.98851 1.00000 0.98851 1.00000 0.98816 1.00000 0.97764 0.90002 0.79558 0.63347 0.10868 0.18812 0.54386 0.67799 0.77639 0.85769 0.88864 0.90937 0.91016 0.91474 0.62353
0.87575 0.95167 1.00000 1.00000 1.00000 1.00000 1.00000 1.00000 1.00000 1.00000 0.97224 0.91366 0.82178 0.73207 0.55939 0.74675 0.79890 0.71289 0.82443 0.82954 0.87471 0.90015 0.89488 0.88336 0.58561
0.87825 1.00000 0.96239 1.00000 0.98851 1.00000 0.98851 1.00000 0.98816 1.00000 0.97764 0.93534 0.63145 0.82938 0.83974 0.79965 0.82561 0.80460 0.79784 0.75278 0.81229 0.85211 0.82171 0.85238 0.56467
0.87575 0.95167 1.00000 1.00000 1.00000 1.00000 1.00000 1.00000 1.00000 1.00000 0.97224 0.99042 0.85334 0.89225 0.86713 0.84212 0.87881 0.86342 0.81788 0.74079 0.84303 0.84791 0.88899 0.83069 0.82913
0.87825 1.00000 0.96239 1.00000 0.98851 1.00000 0.98851 1.00000 0.98816 1.00000 0.97764 0.98882 0.87331 0.85920 0.90391 0.89924 0.88719 0.84636 0.60849 0.78735 0.65600 0.72145 0.81138 0.84105 0.90232
0.87575 0.95167 1.00000 1.00000 1.00000 1.00000 1.00000 1.00000 1.00000 1.00000 0.97224 0.99071 0.85782 0.83146 0.88284 0.88213 0.84395 0.80554 0.72369 0.76838 0.82027 0.87340 0.88270 0.89521 0.62917
0.87825 1.00000 0.98171 1.00000 1.00000 1.00000 1.00000 1.00000 1.00000 1.00000 1.00000 0.95940 0.72414 0.69174 0.83287 0.78796 0.82664 0.77888 0.68452 0.81783 0.85218 0.92343 0.92933 0.95357 0.95361
0.96028 0.98397 1.00000 1.00000 1.00000 1.00000 1.00000 1.00000 1.00000 1.00000 1.00000 0.91086 0.77009 0.61762 0.57842 0.70250 0.74374 0.69572 0.65453 0.87923 0.90298 0.95455 0.95538 0.95646 0.95649
0.96028 1.00000 1.00000 1.00000 0.99094 1.00000 0.99094 1.00000 1.00000 1.00000 1.00000 0.94369 0.48694 0.63976 0.26988 0.24714 0.41150 0.67590 0.78434 0.90218 0.91666 0.94231 0.95651 0.95863 0.95865
0.96332 1.00000 1.00000 1.00000 1.00000 1.00000 1.00000 1.00000 1.00000 1.00000 0.98717 0.94579 0.60670 0.69072 0.27664 0.25073 0.66432 0.72497 0.81600 0.90394 0.91702 0.95401 0.95629 0.95782 0.96191
1.00000 1.00000 1.00000 1.00000 1.00000 1.00000 1.00000 1.00000 1.00000 1.00000 1.00000 0.91451 0.65764 0.44453 0.00000 0.00000 0.70460 0.63427 0.53105 0.91073 0.90447 0.95224 0.95545 0.95784 0.96161
0.64665 1.00000 1.00000 1.00000 1.00000 1.00000 1.00000 1.00000 1.00000 1.00000 0.97892 0.97579 0.57165 0.47309 0.00000 0.00000 0.56062 0.51845 0.55724 0.58458 0.94576 0.94937 0.95295 0.95592 0.63762
0.66667 1.00000 1.00000 1.00000 1.00000 1.00000 1.00000 1.00000 1.00000 1.00000 1.00000 0.66667 0.66667 0.00000 0.00000 0.00000 0.00000 0.62475 0.62475 0.62475 0.62475 0.94256 0.94523 0.00000 0.00000
