# name=rect_scattered field=200x200 stride=8
25 25
0.00000 0.00000 0.00000 0.00000 0.00000 0.00000 0.11318 0.08680 0.14258 0.10027 0.08746 0.05545 0.00000 0.00000 0.00000 0.00000 0.00000 0.00000 0.00000 0.00000 0.00000 0.00000 0.00000 0.00000 0.00000
0.00000 0.00000 0.00000 0.00000 0.00000 0.08426 0.63675 0.64650 0.69886 0.66839 0.20981 0.04783 0.00000 0.00000 0.00000 0.00000 0.00000 0.00000 0.00000 0.00000 0.00000 0.00000 0.00000 0.00000 0.00000
0.00000 0.00000 0.00000 0.00000 0.28961 0.54571 0.63794 0.66215 0.72950 0.69335 0.54771 0.20686 0.00000 0.00000 0.00000 0.00000 0.00000 0.00000 0.00000 0.00000 0.00000 0.00000 0.00000 0.00000 0.00000
0.00000 0.00000 0.00000 0.00000 0.47680 0.61513 0.65578 0.68744 0.74298 0.70605 0.58051 0.43033 0.00000 0.00000 0.00000 0.00000 0.00000 0.00000 0.00000 0.00000 0.00000 0.00000 0.00000 0.00000 0.00000
0.00000 0.00000 0.00000 0.00000 0.43848 0.59424 0.68750 0.73563 0.75294 0.73846 0.64282 0.37775 0.00000 0.00000 0.00000 0.00000 0.00000 0.00000 0.00000 0.00000 0.46061 0.71240 0.82562 0.90748 0.98023
0.00000 0.00000 0.00000 0.00000 0.45289 0.56219 0.73436 0.76892 0.76860 0.75186 0.65098 0.45995 0.00000 0.00000 0.00000 0.00000 0.00000 0.00000 0.00000 0.00000 0.49153 0.70595 0.80209 0.89473 0.98052
0.00000 0.00000 0.00000 0.00000 0.67156 0.68559 0.72947 0.69958 0.72102 0.70529 0.61596 0.40617 0.00000 0.00000 0.00000 0.00000 0.00000 0.00000 0.00000 0.00000 0.52317 0.67258 0.80352 0.89082 0.98391
0.00000 0.00000 0.00000 0.00000 0.65113 0.57713 0.61230 0.70115 0.65302 0.62125 0.54917 0.16593 0.00000 0.00000 0.00000 0.00000 0.00000 0.00000 0.00000 0.00000 0.47606 0.67852 0.81574 0.90447 0.98168
0.00000 0.00000 0.00000 0.00000 0.72568 0.63522 0.51012 0.50742 0.56661 0.26582 0.38316 0.16582 0.11948 0.49265 0.20878 0.04025 0.06574 0.03420 0.12091 0.07050 0.00000 0.00000 0.00000 0.00000 0.00000
0.00000 0.00000 0.00000 0.00000 0.67709 0.59397 0.05397 0.53676 0.61649 0.62175 0.58244 0.15666 0.51350 0.44541 0.56729 0.54784 0.14376 0.13647 0.08284 0.26976 0.00000 0.00000 0.00000 0.00000 0.00000
0.00000 0.00000 0.00000 0.00000 0.60881 0.17078 0.25841 0.55145 0.53038 0.64901 0.66686 0.52999 0.45825 0.57446 0.59103 0.55608 0.13957 0.13907 0.13784 0.28432 0.00000 0.00000 0.00000 0.00000 0.00000
0.00000 0.00000 0.00000 0.00000 0.32861 0.46743 0.47467 0.38067 0.45075 0.56282 0.66863 0.52872 0.00000 0.29924 0.33771 0.55680 0.12552 0.08266 0.53465 0.59104 0.00000 0.00000 0.00000 0.00000 0.00000
0.00000 0.00000 0.00000 0.00000 0.49526 0.59376 0.44691 0.34884 0.69104 0.74492 0.69125 0.60967 0.41606 0.57416 0.59801 0.17776 0.21917 0.46821 0.50173 0.63643 0.00000 0.00000 0.00000 0.00000 0.00000
0.00000 0.00000 0.00000 0.00000 0.40277 0.51978 0.50584 0.58256 0.69095 0.69820 0.72047 0.66407 0.11165 0.51865 0.58468 0.07597 0.06757 0.31005 0.33687 0.37413 0.00000 0.00000 0.00000 0.00000 0.00000
0.00000 0.00000 0.00000 0.00000 0.05725 0.32409 0.55753 0.61581 0.71443 0.66935 0.62715 0.65310 0.06358 0.53444 0.51163 0.12380 0.11734 0.30817 0.34278 0.25229 0.00000 0.00000 0.00000 0.00000 0.00000
0.00000 0.00000 0.00000 0.00000 0.01233 0.10999 0.50995 0.62061 0.66733 0.71095 0.63293 0.05635 0.07416 0.07585 0.47065 0.48630 0.26052 0.50097 0.53445 0.60206 0.00000 0.00000 0.00000 0.00000 0.00000
0.00000 0.00000 0.00000 0.00000 0.00000 0.00000 0.00000 0.00000 0.00000 0.00000 0.00000 0.00000 0.31678 0.20206 0.59344 0.57720 0.55424 0.56493 0.65455 0.61383 0.00000 0.00000 0.00000 0.00000 0.00000
0.00000 0.00000 0.00000 0.00000 0.00000 0.00000 0.00000 0.00000 0.00000 0.00000 0.00000 0.00000 0.05011 0.08388 0.64376 0.61537 0.59038 0.57409 0.58300 0.66236 0.00000 0.00000 0.00000 0.00000 0.00000
0.00000 0.00000 0.00000 0.00000 0.00000 0.00000 0.00000 0.00000 0.00000 0.00000 0.00000 0.00000 0.06495 0.06905 0.28250 0.69869 0.61932 0.62677 0.59331 0.63447 0.00000 0.00000 0.00000 0.00000 0.00000
0.00000 0.00000 0.00000 0.00000 0.00000 0.00000 0.00000 0.00000 0.00000 0.00000 0.00000 0.00000 0.56783 0.72779 0.77551 0.76767 0.57943 0.61768 0.58948 0.60167 0.00000 0.00000 0.00000 0.00000 0.00000
0.00000 0.00000 0.00000 0.00000 0.00000 0.00000 0.00000 0.00000 0.00000 0.00000 0.00000 0.00000 0.66047 0.70278 0.71468 0.62775 0.70748 0.70774 0.64767 0.70997 0.00000 0.00000 0.00000 0.00000 0.00000
0.00000 0.00000 0.00000 0.00000 0.00000 0.00000 0.00000 0.00000 0.00000 0.00000 0.00000 0.00000 0.78339 0.77996 0.79638 0.80681 0.83323 0.76630 0.72656 0.76505 0.00000 0.00000 0.00000 0.00000 0.00000
0.00000 0.00000 0.00000 0.00000 0.00000 0.00000 0.00000 0.00000 0.00000 0.00000 0.00000 0.00000 0.84829 0.84225 0.85995 0.89488 0.90631 0.84766 0.78936 0.82735 0.00000 0.00000 0.00000 0.00000 0.00000
0.00000 0.00000 0.00000 0.00000 0.00000 0.00000 0.00000 0.00000 0.00000 0.00000 0.00000 0.00000 0.88257 0.86661 0.88061 0.91085 0.96663 0.90776 0.89602 0.91868 0.00000 0.00000 0.00000 0.00000 0.00000
0.00000 0.00000 0.00000 0.00000 0.00000 0.00000 0.00000 0.00000 0.00000 0.00000 0.00000 0.00000 0.00000 0.00000 0.00000 0.00000 0.00000 0.00000 0.00000 0.00000 0.00000 0.00000 0.00000 0.00000 0.00000
