# name=row_only field=200x200 stride=8
25 25
0.00000 0.00000 0.00000 0.00000 0.00000 0.00000 0.00000 0.00000 0.00000 0.00000 0.00000 0.00000 0.00000 0.00000 0.00000 0.00000 0.00000 0.00000 0.00000 0.00000 0.00000 0.00000 0.00000 0.00000 0.00000
0.00000 0.07106 0.45509 0.43259 0.00000 0.00000 0.00000 0.00000 0.75659 0.75361 0.71716 0.34822 0.00000 0.00000 0.00000 0.00000 0.68005 0.72773 0.70319 0.70527 0.00000 0.00000 0.00000 0.00000 0.00000
0.08830 0.08830 0.45863 0.82128 0.00000 0.00000 0.00000 0.00000 0.84936 0.81003 0.74689 0.73840 0.00000 0.00000 0.00000 0.00000 0.77651 0.77283 0.81459 0.84378 0.00000 0.00000 0.00000 0.00000 0.00000
0.15288 0.15684 0.70333 0.86732 0.00000 0.00000 0.00000 0.00000 0.83621 0.85419 0.81706 0.84459 0.00000 0.00000 0.00000 0.00000 0.82569 0.82540 0.82319 0.87900 0.00000 0.00000 0.00000 0.00000 0.00000
0.08343 0.58158 0.54048 0.74550 0.73196 0.73807 0.79047 0.78317 0.76208 0.73657 0.74471 0.80719 0.89014 0.85539 0.83021 0.82737 0.84160 0.83324 0.83782 0.86091 0.82567 0.81017 0.81896 0.83053 0.84677
0.07578 0.55407 0.55631 0.67751 0.68257 0.73393 0.74522 0.69819 0.75256 0.75304 0.71778 0.74481 0.82551 0.82361 0.81003 0.69941 0.81530 0.74116 0.75575 0.81096 0.80621 0.81098 0.83136 0.85824 0.86299
0.04981 0.52333 0.56064 0.67834 0.65565 0.62547 0.62937 0.65701 0.75891 0.72076 0.74054 0.74350 0.81418 0.82408 0.78410 0.75887 0.68004 0.68496 0.77455 0.83540 0.82896 0.82022 0.83338 0.85642 0.86654
0.00000 0.50968 0.62833 0.64119 0.63633 0.58550 0.58129 0.65610 0.67041 0.73104 0.72633 0.70788 0.80063 0.83477 0.74895 0.75747 0.66292 0.70750 0.78106 0.84992 0.80891 0.80272 0.82769 0.84550 0.55644
0.00000 0.35048 0.69829 0.73481 0.76207 0.73493 0.72777 0.74349 0.73313 0.74002 0.69635 0.65876 0.72520 0.77425 0.83289 0.82333 0.58726 0.62112 0.72517 0.77561 0.78326 0.80407 0.83102 0.84036 0.54980
0.00000 0.00000 0.75323 0.74546 0.79460 0.77189 0.75978 0.71620 0.71512 0.67956 0.69158 0.65109 0.72216 0.76219 0.81743 0.81162 0.35051 0.37825 0.68769 0.75834 0.78903 0.79071 0.83118 0.53450 0.59583
0.00000 0.00000 0.70566 0.79813 0.80027 0.75655 0.66072 0.82907 0.62090 0.63331 0.60580 0.74436 0.74289 0.76978 0.82813 0.75750 0.66422 0.70701 0.70261 0.75517 0.74717 0.78633 0.82797 0.83491 0.56289
0.00000 0.00000 0.73167 0.79632 0.81652 0.83238 0.84778 0.84747 0.65584 0.63828 0.71414 0.74273 0.70976 0.77836 0.81796 0.81083 0.72360 0.75923 0.76410 0.76874 0.74540 0.78886 0.81512 0.83171 0.55651
0.00000 0.00000 0.77030 0.77206 0.55800 0.53334 0.52291 0.68138 0.65031 0.66974 0.65679 0.66020 0.75643 0.73923 0.76647 0.85820 0.84036 0.86706 0.84346 0.77816 0.81511 0.85495 0.88253 0.87920 0.59630
0.00000 0.24253 0.69282 0.76028 0.60094 0.65549 0.69703 0.75162 0.72744 0.66529 0.69076 0.72249 0.76228 0.79990 0.86227 0.85614 0.84619 0.86359 0.82322 0.84090 0.86599 0.90070 0.91293 0.89853 0.92857
0.00000 0.00000 0.36772 0.76537 0.59360 0.71030 0.74178 0.61415 0.74012 0.66482 0.71760 0.72891 0.69497 0.76932 0.74946 0.74675 0.78403 0.72539 0.77837 0.83330 0.86226 0.90666 0.89947 0.93081 0.95936
0.00000 0.00000 0.71603 0.75522 0.76161 0.77602 0.79499 0.81229 0.80777 0.80432 0.81563 0.79341 0.76033 0.84035 0.81795 0.86133 0.77444 0.77478 0.70517 0.82675 0.88906 0.86421 0.91141 0.95663 1.00000
0.00000 0.00000 0.20230 0.70344 0.68429 0.70367 0.74464 0.77562 0.77648 0.76077 0.75749 0.75029 0.87061 0.87255 0.81790 0.79197 0.76736 0.74299 0.74833 0.81991 0.88061 0.87086 0.91312 0.96980 0.95794
0.11033 0.10190 0.70965 0.79725 0.78025 0.77776 0.79585 0.76216 0.73853 0.75181 0.75415 0.80969 0.76442 0.69358 0.71010 0.74901 0.75595 0.71863 0.71555 0.77699 0.83476 0.84559 0.89740 0.92685 0.95878
0.14578 0.65015 0.79568 0.80279 0.83175 0.80745 0.81936 0.79110 0.71190 0.72417 0.78274 0.79529 0.81258 0.78129 0.74364 0.73880 0.80291 0.76564 0.79066 0.78576 0.85490 0.86842 0.89059 0.89658 0.90374
0.38192 0.80271 0.84671 0.82635 0.84640 0.83494 0.79836 0.82219 0.70772 0.70185 0.77375 0.79649 0.80116 0.82658 0.79586 0.83849 0.87086 0.85918 0.86776 0.83927 0.84053 0.84085 0.85417 0.56566 0.57507
0.43465 0.84300 0.81842 0.83716 0.84348 0.84566 0.84399 0.85325 0.83922 0.83658 0.81042 0.78355 0.90502 0.90290 0.90102 0.88572 0.89026 0.87301 0.83127 0.84636 0.84368 0.84168 0.84621 0.84913 0.00000
0.49626 0.85699 0.82967 0.81938 0.83554 0.83995 0.86499 0.89538 0.92343 0.91314 0.87136 0.82192 0.93253 0.92954 0.92439 0.90052 0.87203 0.87430 0.86443 0.86467 0.87502 0.86371 0.85906 0.87001 0.00000
0.53284 0.88534 0.85340 0.83893 0.84748 0.86709 0.90014 0.92642 0.96633 0.95477 0.90713 0.87902 0.95834 0.97179 0.95401 0.94276 0.90176 0.90949 0.90659 0.91250 0.90107 0.89493 0.89464 0.89207 0.00000
0.39017 0.88175 0.87105 0.86722 0.87882 0.89775 0.91270 0.95736 0.97679 0.95371 0.93059 0.92066 0.95366 0.94902 0.96511 0.94577 0.91076 0.93446 0.93436 0.92830 0.92162 0.91833 0.91602 0.93376 0.00000
0.00000 0.00000 0.00000 0.00000 0.00000 0.00000 0.00000 0.00000 0.00000 0.00000 0.00000 0.00000 0.00000 0.00000 0.00000 0.00000 0.00000 0.00000 0.00000 0.00000 0.00000 0.00000 0.00000 0.00000 0.00000
