193,74 193,79 194,74 194,79 195,74 195,79 196,74 196,79 197,74 197,79 198,74 198,79 199,74 199,79 193,75 199,75 193,76 199,76 193,77 199,77 193,78 199,78
39,192 39,200 40,192 40,200 41,192 41,200 42,192 42,200 43,192 43,200 44,192 44,200 45,192 45,200 46,192 46,200 47,192 47,200 39,193 47,193 39,194 47,194 39,195 47,195 39,196 47,196 39,197 47,197 39,198 47,198 39,199 47,199
155,112 155,118 156,112 156,118 157,112 157,118 158,112 158,118 159,112 159,118 160,112 160,118 161,112 161,118 155,113 161,113 155,114 161,114 155,115 161,115 155,116 161,116 155,117 161,117
27,59 27,64 28,59 28,64 29,59 29,64 30,59 30,64 31,59 31,64 32,59 32,64 27,60 32,60 27,61 32,61 27,62 32,62 27,63 32,63
147,54 147,59 148,54 148,59 149,54 149,59 150,54 150,59 151,54 151,59 152,54 152,59 153,54 153,59 154,54 154,59 155,54 155,59 147,55 155,55 147,56 155,56 147,57 155,57 147,58 155,58
118,154 118,162 119,154 119,162 120,154 120,162 121,154 121,162 122,154 122,162 123,154 123,162 124,154 124,162 125,154 125,162 126,154 126,162 127,154 127,162 128,154 128,162 129,154 129,162 118,155 129,155 118,156 129,156 118,157 129,157 118,158 129,158 118,159 129,159 118,160 129,160 118,161 129,161
198,210 198,215 199,210 199,215 200,210 200,215 201,210 201,215 202,210 202,215 203,210 203,215 204,210 204,215 205,210 205,215 206,210 206,215 207,210 207,215 198,211 207,211 198,212 207,212 198,213 207,213 198,214 207,214
91,75 91,86 92,75 92,86 93,75 93,86 94,75 94,86 95,75 95,86 96,75 96,86 97,75 97,86 98,75 98,86 91,76 98,76 91,77 98,77 91,78 98,78 91,79 98,79 91,80 98,80 91,81 98,81 91,82 98,82 91,83 98,83 91,84 98,84 91,85 98,85
199,90 199,98 200,90 200,98 201,90 201,98 202,90 202,98 203,90 203,98 204,90 204,98 205,90 205,98 206,90 206,98 199,91 206,91 199,92 206,92 199,93 206,93 199,94 206,94 199,95 206,95 199,96 206,96 199,97 206,97
101,28 101,34 102,28 102,34 103,28 103,34 104,28 104,34 105,28 105,34 106,28 106,34 107,28 107,34 101,29 107,29 101,30 107,30 101,31 107,31 101,32 107,32 101,33 107,33
158,71 158,81 159,71 159,81 160,71 160,81 161,71 161,81 162,71 162,81 163,71 163,81 164,71 164,81 165,71 165,81 166,71 166,81 167,71 167,81 168,71 168,81 158,72 168,72 158,73 168,73 158,74 168,74 158,75 168,75 158,76 168,76 158,77 168,77 158,78 168,78 158,79 168,79 158,80 168,80
141,35 141,47 142,35 142,47 143,35 143,47 144,35 144,47 145,35 145,47 146,35 146,47 141,36 146,36 141,37 146,37 141,38 146,38 141,39 146,39 141,40 146,40 141,41 146,41 141,42 146,42 141,43 146,43 141,44 146,44 141,45 146,45 141,46 146,46
184,21 184,29 185,21 185,29 186,21 186,29 187,21 187,29 188,21 188,29 189,21 189,29 190,21 190,29 191,21 191,29 192,21 192,29 193,21 193,29 194,21 194,29 184,22 194,22 184,23 194,23 184,24 194,24 184,25 194,25 184,26 194,26 184,27 194,27 184,28 194,28
225,29 225,37 226,29 226,37 227,29 227,37 228,29 228,37 229,29 229,37 230,29 230,37 231,29 231,37 225,30 231,30 225,31 231,31 225,32 231,32 225,33 231,33 225,34 231,34 225,35 231,35 225,36 231,36
120,166 120,175 121,166 121,175 122,166 122,175 123,166 123,175 124,166 124,175 125,166 125,175 126,166 126,175 127,166 127,175 128,166 128,175 129,166 129,175 130,166 130,175 131,166 131,175 120,167 131,167 120,168 131,168 120,169 131,169 120,170 131,170 120,171 131,171 120,172 131,172 120,173 131,173 120,174 131,174
98,94 98,101 99,94 99,101 100,94 100,101 101,94 101,101 102,94 102,101 103,94 103,101 104,94 104,101 105,94 105,101 106,94 106,101 107,94 107,101 108,94 108,101 98,95 108,95 98,96 108,96 98,97 108,97 98,98 108,98 98,99 108,99 98,100 108,100
183,178 183,187 184,178 184,187 185,178 185,187 186,178 186,187 187,178 187,187 188,178 188,187 189,178 189,187 190,178 190,187 191,178 191,187 183,179 191,179 183,180 191,180 183,181 191,181 183,182 191,182 183,183 191,183 183,184 191,184 183,185 191,185 183,186 191,186
140,190 140,197 141,190 141,197 142,190 142,197 143,190 143,197 144,190 144,197 145,190 145,197 146,190 146,197 140,191 146,191 140,192 146,192 140,193 146,193 140,194 146,194 140,195 146,195 140,196 146,196
122,101 122,108 123,101 123,108 124,101 124,108 125,101 125,108 126,101 126,108 127,101 127,108 128,101 128,108 129,101 129,108 130,101 130,108 122,102 130,102 122,103 130,103 122,104 130,104 122,105 130,105 122,106 130,106 122,107 130,107
179,87 179,95 180,87 180,95 181,87 181,95 182,87 182,95 183,87 183,95 184,87 184,95 185,87 185,95 186,87 186,95 187,87 187,95 188,87 188,95 179,88 188,88 179,89 188,89 179,90 188,90 179,91 188,91 179,92 188,92 179,93 188,93 179,94 188,94
214,12 214,20 215,12 215,20 216,12 216,20 217,12 217,20 218,12 218,20 219,12 219,20 214,13 219,13 214,14 219,14 214,15 219,15 214,16 219,16 214,17 219,17 214,18 219,18 214,19 219,19
72,20 72,31 73,20 73,31 74,20 74,31 75,20 75,31 76,20 76,31 77,20 77,31 78,20 78,31 79,20 79,31 80,20 80,31 81,20 81,31 82,20 82,31 72,21 82,21 72,22 82,22 72,23 82,23 72,24 82,24 72,25 82,25 72,26 82,26 72,27 82,27 72,28 82,28 72,29 82,29 72,30 82,30
58,171 58,181 59,171 59,181 60,171 60,181 61,171 61,181 62,171 62,181 63,171 63,181 64,171 64,181 65,171 65,181 66,171 66,181 58,172 66,172 58,173 66,173 58,174 66,174 58,175 66,175 58,176 66,176 58,177 66,177 58,178 66,178 58,179 66,179 58,180 66,180
230,238 230,249 231,238 231,249 232,238 232,249 233,238 233,249 234,238 234,249 235,238 235,249 236,238 236,249 237,238 237,249 238,238 238,249 239,238 239,249 240,238 240,249 241,238 241,249 242,238 242,249 230,239 242,239 230,240 242,240 230,241 242,241 230,242 242,242 230,243 242,243 230,244 242,244 230,245 242,245 230,246 242,246 230,247 242,247 230,248 242,248
71,39 71,46 72,39 72,46 73,39 73,46 74,39 74,46 75,39 75,46 76,39 76,46 77,39 77,46 78,39 78,46 79,39 79,46 80,39 80,46 81,39 81,46 82,39 82,46 83,39 83,46 71,40 83,40 71,41 83,41 71,42 83,42 71,43 83,43 71,44 83,44 71,45 83,45
195,153 195,162 196,153 196,162 197,153 197,162 198,153 198,162 199,153 199,162 200,153 200,162 201,153 201,162 202,153 202,162 203,153 203,162 195,154 203,154 195,155 203,155 195,156 203,156 195,157 203,157 195,158 203,158 195,159 203,159 195,160 203,160 195,161 203,161
96,60 96,71 97,60 97,71 98,60 98,71 99,60 99,71 100,60 100,71 101,60 101,71 102,60 102,71 103,60 103,71 104,60 104,71 105,60 105,71 106,60 106,71 107,60 107,71 96,61 107,61 96,62 107,62 96,63 107,63 96,64 107,64 96,65 107,65 96,66 107,66 96,67 107,67 96,68 107,68 96,69 107,69 96,70 107,70
27,197 27,209 28,197 28,209 29,197 29,209 30,197 30,209 31,197 31,209 32,197 32,209 33,197 33,209 34,197 34,209 27,198 34,198 27,199 34,199 27,200 34,200 27,201 34,201 27,202 34,202 27,203 34,203 27,204 34,204 27,205 34,205 27,206 34,206 27,207 34,207 27,208 34,208
43,164 43,170 44,164 44,170 45,164 45,170 46,164 46,170 47,164 47,170 48,164 48,170 43,165 48,165 43,166 48,166 43,167 48,167 43,168 48,168 43,169 48,169
156,20 156,31 157,20 157,31 158,20 158,31 159,20 159,31 160,20 160,31 161,20 161,31 162,20 162,31 163,20 163,31 156,21 163,21 156,22 163,22 156,23 163,23 156,24 163,24 156,25 163,25 156,26 163,26 156,27 163,27 156,28 163,28 156,29 163,29 156,30 163,30
