8,8 8,19 9,8 9,19 10,8 10,19 11,8 11,19 12,8 12,19 13,8 13,19 14,8 14,19 15,8 15,19 16,8 16,19 17,8 17,19 18,8 18,19 19,8 19,19 8,9 19,9 8,10 19,10 8,11 19,11 8,12 19,12 8,13 19,13 8,14 19,14 8,15 19,15 8,16 19,16 8,17 19,17 8,18 19,18
24,8 24,19 25,8 25,19 26,8 26,19 27,8 27,19 28,8 28,19 29,8 29,19 30,8 30,19 31,8 31,19 32,8 32,19 33,8 33,19 34,8 34,19 35,8 35,19 24,9 35,9 24,10 35,10 24,11 35,11 24,12 35,12 24,13 35,13 24,14 35,14 24,15 35,15 24,16 35,16 24,17 35,17 24,18 35,18
40,8 40,19 41,8 41,19 42,8 42,19 43,8 43,19 44,8 44,19 45,8 45,19 46,8 46,19 47,8 47,19 48,8 48,19 49,8 49,19 50,8 50,19 51,8 51,19 40,9 51,9 40,10 51,10 40,11 51,11 40,12 51,12 40,13 51,13 40,14 51,14 40,15 51,15 40,16 51,16 40,17 51,17 40,18 51,18
56,8 56,19 57,8 57,19 58,8 58,19 59,8 59,19 60,8 60,19 61,8 61,19 62,8 62,19 63,8 63,19 64,8 64,19 65,8 65,19 66,8 66,19 67,8 67,19 56,9 67,9 56,10 67,10 56,11 67,11 56,12 67,12 56,13 67,13 56,14 67,14 56,15 67,15 56,16 67,16 56,17 67,17 56,18 67,18
72,8 72,19 73,8 73,19 74,8 74,19 75,8 75,19 76,8 76,19 77,8 77,19 78,8 78,19 79,8 79,19 80,8 80,19 81,8 81,19 82,8 82,19 83,8 83,19 72,9 83,9 72,10 83,10 72,11 83,11 72,12 83,12 72,13 83,13 72,14 83,14 72,15 83,15 72,16 83,16 72,17 83,17 72,18 83,18
88,8 88,19 89,8 89,19 90,8 90,19 91,8 91,19 92,8 92,19 93,8 93,19 94,8 94,19 95,8 95,19 96,8 96,19 97,8 97,19 98,8 98,19 99,8 99,19 88,9 99,9 88,10 99,10 88,11 99,11 88,12 99,12 88,13 99,13 88,14 99,14 88,15 99,15 88,16 99,16 88,17 99,17 88,18 99,18
104,8 104,19 105,8 105,19 106,8 106,19 107,8 107,19 108,8 108,19 109,8 109,19 110,8 110,19 111,8 111,19 112,8 112,19 113,8 113,19 114,8 114,19 115,8 115,19 104,9 115,9 104,10 115,10 104,11 115,11 104,12 115,12 104,13 115,13 104,14 115,14 104,15 115,15 104,16 115,16 104,17 115,17 104,18 115,18
120,8 120,19 121,8 121,19 122,8 122,19 123,8 123,19 124,8 124,19 125,8 125,19 126,8 126,19 127,8 127,19 128,8 128,19 129,8 129,19 130,8 130,19 131,8 131,19 120,9 131,9 120,10 131,10 120,11 131,11 120,12 131,12 120,13 131,13 120,14 131,14 120,15 131,15 120,16 131,16 120,17 131,17 120,18 131,18
136,8 136,19 137,8 137,19 138,8 138,19 139,8 139,19 140,8 140,19 141,8 141,19 142,8 142,19 143,8 143,19 144,8 144,19 145,8 145,19 146,8 146,19 147,8 147,19 136,9 147,9 136,10 147,10 136,11 147,11 136,12 147,12 136,13 147,13 136,14 147,14 136,15 147,15 136,16 147,16 136,17 147,17 136,18 147,18
152,8 152,19 153,8 153,19 154,8 154,19 155,8 155,19 156,8 156,19 157,8 157,19 158,8 158,19 159,8 159,19 160,8 160,19 161,8 161,19 162,8 162,19 163,8 163,19 152,9 163,9 152,10 163,10 152,11 163,11 152,12 163,12 152,13 163,13 152,14 163,14 152,15 163,15 152,16 163,16 152,17 163,17 152,18 163,18
168,8 168,19 169,8 169,19 170,8 170,19 171,8 171,19 172,8 172,19 173,8 173,19 174,8 174,19 175,8 175,19 176,8 176,19 177,8 177,19 178,8 178,19 179,8 179,19 168,9 179,9 168,10 179,10 168,11 179,11 168,12 179,12 168,13 179,13 168,14 179,14 168,15 179,15 168,16 179,16 168,17 179,17 168,18 179,18
184,8 184,19 185,8 185,19 186,8 186,19 187,8 187,19 188,8 188,19 189,8 189,19 190,8 190,19 191,8 191,19 192,8 192,19 193,8 193,19 194,8 194,19 195,8 195,19 184,9 195,9 184,10 195,10 184,11 195,11 184,12 195,12 184,13 195,13 184,14 195,14 184,15 195,15 184,16 195,16 184,17 195,17 184,18 195,18
200,8 200,19 201,8 201,19 202,8 202,19 203,8 203,19 204,8 204,19 205,8 205,19 206,8 206,19 207,8 207,19 208,8 208,19 209,8 209,19 210,8 210,19 211,8 211,19 200,9 211,9 200,10 211,10 200,11 211,11 200,12 211,12 200,13 211,13 200,14 211,14 200,15 211,15 200,16 211,16 200,17 211,17 200,18 211,18
216,8 216,19 217,8 217,19 218,8 218,19 219,8 219,19 220,8 220,19 221,8 221,19 222,8 222,19 223,8 223,19 224,8 224,19 225,8 225,19 226,8 226,19 227,8 227,19 216,9 227,9 216,10 227,10 216,11 227,11 216,12 227,12 216,13 227,13 216,14 227,14 216,15 227,15 216,16 227,16 216,17 227,17 216,18 227,18
232,8 232,19 233,8 233,19 234,8 234,19 235,8 235,19 236,8 236,19 237,8 237,19 238,8 238,19 239,8 239,19 240,8 240,19 241,8 241,19 242,8 242,19 243,8 243,19 232,9 243,9 232,10 243,10 232,11 243,11 232,12 243,12 232,13 243,13 232,14 243,14 232,15 243,15 232,16 243,16 232,17 243,17 232,18 243,18
8,24 8,35 9,24 9,35 10,24 10,35 11,24 11,35 12,24 12,35 13,24 13,35 14,24 14,35 15,24 15,35 16,24 16,35 17,24 17,35 18,24 18,35 19,24 19,35 8,25 19,25 8,26 19,26 8,27 19,27 8,28 19,28 8,29 19,29 8,30 19,30 8,31 19,31 8,32 19,32 8,33 19,33 8,34 19,34
24,24 24,35 25,24 25,35 26,24 26,35 27,24 27,35 28,24 28,35 29,24 29,35 30,24 30,35 31,24 31,35 32,24 32,35 33,24 33,35 34,24 34,35 35,24 35,35 24,25 35,25 24,26 35,26 24,27 35,27 24,28 35,28 24,29 35,29 24,30 35,30 24,31 35,31 24,32 35,32 24,33 35,33 24,34 35,34
40,24 40,35 41,24 41,35 42,24 42,35 43,24 43,35 44,24 44,35 45,24 45,35 46,24 46,35 47,24 47,35 48,24 48,35 49,24 49,35 50,24 50,35 51,24 51,35 40,25 51,25 40,26 51,26 40,27 51,27 40,28 51,28 40,29 51,29 40,30 51,30 40,31 51,31 40,32 51,32 40,33 51,33 40,34 51,34
56,24 56,35 57,24 57,35 58,24 58,35 59,24 59,35 60,24 60,35 61,24 61,35 62,24 62,35 63,24 63,35 64,24 64,35 65,24 65,35 66,24 66,35 67,24 67,35 56,25 67,25 56,26 67,26 56,27 67,27 56,28 67,28 56,29 67,29 56,30 67,30 56,31 67,31 56,32 67,32 56,33 67,33 56,34 67,34
72,24 72,35 73,24 73,35 74,24 74,35 75,24 75,35 76,24 76,35 77,24 77,35 78,24 78,35 79,24 79,35 80,24 80,35 81,24 81,35 82,24 82,35 83,24 83,35 72,25 83,25 72,26 83,26 72,27 83,27 72,28 83,28 72,29 83,29 72,30 83,30 72,31 83,31 72,32 83,32 72,33 83,33 72,34 83,34
88,24 88,35 89,24 89,35 90,24 90,35 91,24 91,35 92,24 92,35 93,24 93,35 94,24 94,35 95,24 95,35 96,24 96,35 97,24 97,35 98,24 98,35 99,24 99,35 88,25 99,25 88,26 99,26 88,27 99,27 88,28 99,28 88,29 99,29 88,30 99,30 88,31 99,31 88,32 99,32 88,33 99,33 88,34 99,34
104,24 104,35 105,24 105,35 106,24 106,35 107,24 107,35 108,24 108,35 109,24 109,35 110,24 110,35 111,24 111,35 112,24 112,35 113,24 113,35 114,24 114,35 115,24 115,35 104,25 115,25 104,26 115,26 104,27 115,27 104,28 115,28 104,29 115,29 104,30 115,30 104,31 115,31 104,32 115,32 104,33 115,33 104,34 115,34
120,24 120,35 121,24 121,35 122,24 122,35 123,24 123,35 124,24 124,35 125,24 125,35 126,24 126,35 127,24 127,35 128,24 128,35 129,24 129,35 130,24 130,35 131,24 131,35 120,25 131,25 120,26 131,26 120,27 131,27 120,28 131,28 120,29 131,29 120,30 131,30 120,31 131,31 120,32 131,32 120,33 131,33 120,34 131,34
136,24 136,35 137,24 137,35 138,24 138,35 139,24 139,35 140,24 140,35 141,24 141,35 142,24 142,35 143,24 143,35 144,24 144,35 145,24 145,35 146,24 146,35 147,24 147,35 136,25 147,25 136,26 147,26 136,27 147,27 136,28 147,28 136,29 147,29 136,30 147,30 136,31 147,31 136,32 147,32 136,33 147,33 136,34 147,34
152,24 152,35 153,24 153,35 154,24 154,35 155,24 155,35 156,24 156,35 157,24 157,35 158,24 158,35 159,24 159,35 160,24 160,35 161,24 161,35 162,24 162,35 163,24 163,35 152,25 163,25 152,26 163,26 152,27 163,27 152,28 163,28 152,29 163,29 152,30 163,30 152,31 163,31 152,32 163,32 152,33 163,33 152,34 163,34
168,24 168,35 169,24 169,35 170,24 170,35 171,24 171,35 172,24 172,35 173,24 173,35 174,24 174,35 175,24 175,35 176,24 176,35 177,24 177,35 178,24 178,35 179,24 179,35 168,25 179,25 168,26 179,26 168,27 179,27 168,28 179,28 168,29 179,29 168,30 179,30 168,31 179,31 168,32 179,32 168,33 179,33 168,34 179,34
184,24 184,35 185,24 185,35 186,24 186,35 187,24 187,35 188,24 188,35 189,24 189,35 190,24 190,35 191,24 191,35 192,24 192,35 193,24 193,35 194,24 194,35 195,24 195,35 184,25 195,25 184,26 195,26 184,27 195,27 184,28 195,28 184,29 195,29 184,30 195,30 184,31 195,31 184,32 195,32 184,33 195,33 184,34 195,34
200,24 200,35 201,24 201,35 202,24 202,35 203,24 203,35 204,24 204,35 205,24 205,35 206,24 206,35 207,24 207,35 208,24 208,35 209,24 209,35 210,24 210,35 211,24 211,35 200,25 211,25 200,26 211,26 200,27 211,27 200,28 211,28 200,29 211,29 200,30 211,30 200,31 211,31 200,32 211,32 200,33 211,33 200,34 211,34
216,24 216,35 217,24 217,35 218,24 218,35 219,24 219,35 220,24 220,35 221,24 221,35 222,24 222,35 223,24 223,35 224,24 224,35 225,24 225,35 226,24 226,35 227,24 227,35 216,25 227,25 216,26 227,26 216,27 227,27 216,28 227,28 216,29 227,29 216,30 227,30 216,31 227,31 216,32 227,32 216,33 227,33 216,34 227,34
232,24 232,35 233,24 233,35 234,24 234,35 235,24 235,35 236,24 236,35 237,24 237,35 238,24 238,35 239,24 239,35 240,24 240,35 241,24 241,35 242,24 242,35 243,24 243,35 232,25 243,25 232,26 243,26 232,27 243,27 232,28 243,28 232,29 243,29 232,30 243,30 232,31 243,31 232,32 243,32 232,33 243,33 232,34 243,34
8,40 8,51 9,40 9,51 10,40 10,51 11,40 11,51 12,40 12,51 13,40 13,51 14,40 14,51 15,40 15,51 16,40 16,51 17,40 17,51 18,40 18,51 19,40 19,51 8,41 19,41 8,42 19,42 8,43 19,43 8,44 19,44 8,45 19,45 8,46 19,46 8,47 19,47 8,48 19,48 8,49 19,49 8,50 19,50
24,40 24,51 25,40 25,51 26,40 26,51 27,40 27,51 28,40 28,51 29,40 29,51 30,40 30,51 31,40 31,51 32,40 32,51 33,40 33,51 34,40 34,51 35,40 35,51 24,41 35,41 24,42 35,42 24,43 35,43 24,44 35,44 24,45 35,45 24,46 35,46 24,47 35,47 24,48 35,48 24,49 35,49 24,50 35,50
40,40 40,51 41,40 41,51 42,40 42,51 43,40 43,51 44,40 44,51 45,40 45,51 46,40 46,51 47,40 47,51 48,40 48,51 49,40 49,51 50,40 50,51 51,40 51,51 40,41 51,41 40,42 51,42 40,43 51,43 40,44 51,44 40,45 51,45 40,46 51,46 40,47 51,47 40,48 51,48 40,49 51,49 40,50 51,50
56,40 56,51 57,40 57,51 58,40 58,51 59,40 59,51 60,40 60,51 61,40 61,51 62,40 62,51 63,40 63,51 64,40 64,51 65,40 65,51 66,40 66,51 67,40 67,51 56,41 67,41 56,42 67,42 56,43 67,43 56,44 67,44 56,45 67,45 56,46 67,46 56,47 67,47 56,48 67,48 56,49 67,49 56,50 67,50
72,40 72,51 73,40 73,51 74,40 74,51 75,40 75,51 76,40 76,51 77,40 77,51 78,40 78,51 79,40 79,51 80,40 80,51 81,40 81,51 82,40 82,51 83,40 83,51 72,41 83,41 72,42 83,42 72,43 83,43 72,44 83,44 72,45 83,45 72,46 83,46 72,47 83,47 72,48 83,48 72,49 83,49 72,50 83,50
88,40 88,51 89,40 89,51 90,40 90,51 91,40 91,51 92,40 92,51 93,40 93,51 94,40 94,51 95,40 95,51 96,40 96,51 97,40 97,51 98,40 98,51 99,40 99,51 88,41 99,41 88,42 99,42 88,43 99,43 88,44 99,44 88,45 99,45 88,46 99,46 88,47 99,47 88,48 99,48 88,49 99,49 88,50 99,50
104,40 104,51 105,40 105,51 106,40 106,51 107,40 107,51 108,40 108,51 109,40 109,51 110,40 110,51 111,40 111,51 112,40 112,51 113,40 113,51 114,40 114,51 115,40 115,51 104,41 115,41 104,42 115,42 104,43 115,43 104,44 115,44 104,45 115,45 104,46 115,46 104,47 115,47 104,48 115,48 104,49 115,49 104,50 115,50
120,40 120,51 121,40 121,51 122,40 122,51 123,40 123,51 124,40 124,51 125,40 125,51 126,40 126,51 127,40 127,51 128,40 128,51 129,40 129,51 130,40 130,51 131,40 131,51 120,41 131,41 120,42 131,42 120,43 131,43 120,44 131,44 120,45 131,45 120,46 131,46 120,47 131,47 120,48 131,48 120,49 131,49 120,50 131,50
136,40 136,51 137,40 137,51 138,40 138,51 139,40 139,51 140,40 140,51 141,40 141,51 142,40 142,51 143,40 143,51 144,40 144,51 145,40 145,51 146,40 146,51 147,40 147,51 136,41 147,41 136,42 147,42 136,43 147,43 136,44 147,44 136,45 147,45 136,46 147,46 136,47 147,47 136,48 147,48 136,49 147,49 136,50 147,50
152,40 152,51 153,40 153,51 154,40 154,51 155,40 155,51 156,40 156,51 157,40 157,51 158,40 158,51 159,40 159,51 160,40 160,51 161,40 161,51 162,40 162,51 163,40 163,51 152,41 163,41 152,42 163,42 152,43 163,43 152,44 163,44 152,45 163,45 152,46 163,46 152,47 163,47 152,48 163,48 152,49 163,49 152,50 163,50
168,40 168,51 169,40 169,51 170,40 170,51 171,40 171,51 172,40 172,51 173,40 173,51 174,40 174,51 175,40 175,51 176,40 176,51 177,40 177,51 178,40 178,51 179,40 179,51 168,41 179,41 168,42 179,42 168,43 179,43 168,44 179,44 168,45 179,45 168,46 179,46 168,47 179,47 168,48 179,48 168,49 179,49 168,50 179,50
184,40 184,51 185,40 185,51 186,40 186,51 187,40 187,51 188,40 188,51 189,40 189,51 190,40 190,51 191,40 191,51 192,40 192,51 193,40 193,51 194,40 194,51 195,40 195,51 184,41 195,41 184,42 195,42 184,43 195,43 184,44 195,44 184,45 195,45 184,46 195,46 184,47 195,47 184,48 195,48 184,49 195,49 184,50 195,50
200,40 200,51 201,40 201,51 202,40 202,51 203,40 203,51 204,40 204,51 205,40 205,51 206,40 206,51 207,40 207,51 208,40 208,51 209,40 209,51 210,40 210,51 211,40 211,51 200,41 211,41 200,42 211,42 200,43 211,43 200,44 211,44 200,45 211,45 200,46 211,46 200,47 211,47 200,48 211,48 200,49 211,49 200,50 211,50
216,40 216,51 217,40 217,51 218,40 218,51 219,40 219,51 220,40 220,51 221,40 221,51 222,40 222,51 223,40 223,51 224,40 224,51 225,40 225,51 226,40 226,51 227,40 227,51 216,41 227,41 216,42 227,42 216,43 227,43 216,44 227,44 216,45 227,45 216,46 227,46 216,47 227,47 216,48 227,48 216,49 227,49 216,50 227,50
232,40 232,51 233,40 233,51 234,40 234,51 235,40 235,51 236,40 236,51 237,40 237,51 238,40 238,51 239,40 239,51 240,40 240,51 241,40 241,51 242,40 242,51 243,40 243,51 232,41 243,41 232,42 243,42 232,43 243,43 232,44 243,44 232,45 243,45 232,46 243,46 232,47 243,47 232,48 243,48 232,49 243,49 232,50 243,50
8,56 8,67 9,56 9,67 10,56 10,67 11,56 11,67 12,56 12,67 13,56 13,67 14,56 14,67 15,56 15,67 16,56 16,67 17,56 17,67 18,56 18,67 19,56 19,67 8,57 19,57 8,58 19,58 8,59 19,59 8,60 19,60 8,61 19,61 8,62 19,62 8,63 19,63 8,64 19,64 8,65 19,65 8,66 19,66
24,56 24,67 25,56 25,67 26,56 26,67 27,56 27,67 28,56 28,67 29,56 29,67 30,56 30,67 31,56 31,67 32,56 32,67 33,56 33,67 34,56 34,67 35,56 35,67 24,57 35,57 24,58 35,58 24,59 35,59 24,60 35,60 24,61 35,61 24,62 35,62 24,63 35,63 24,64 35,64 24,65 35,65 24,66 35,66
40,56 40,67 41,56 41,67 42,56 42,67 43,56 43,67 44,56 44,67 45,56 45,67 46,56 46,67 47,56 47,67 48,56 48,67 49,56 49,67 50,56 50,67 51,56 51,67 40,57 51,57 40,58 51,58 40,59 51,59 40,60 51,60 40,61 51,61 40,62 51,62 40,63 51,63 40,64 51,64 40,65 51,65 40,66 51,66
56,56 56,67 57,56 57,67 58,56 58,67 59,56 59,67 60,56 60,67 61,56 61,67 62,56 62,67 63,56 63,67 64,56 64,67 65,56 65,67 66,56 66,67 67,56 67,67 56,57 67,57 56,58 67,58 56,59 67,59 56,60 67,60 56,61 67,61 56,62 67,62 56,63 67,63 56,64 67,64 56,65 67,65 56,66 67,66
72,56 72,67 73,56 73,67 74,56 74,67 75,56 75,67 76,56 76,67 77,56 77,67 78,56 78,67 79,56 79,67 80,56 80,67 81,56 81,67 82,56 82,67 83,56 83,67 72,57 83,57 72,58 83,58 72,59 83,59 72,60 83,60 72,61 83,61 72,62 83,62 72,63 83,63 72,64 83,64 72,65 83,65 72,66 83,66
88,56 88,67 89,56 89,67 90,56 90,67 91,56 91,67 92,56 92,67 93,56 93,67 94,56 94,67 95,56 95,67 96,56 96,67 97,56 97,67 98,56 98,67 99,56 99,67 88,57 99,57 88,58 99,58 88,59 99,59 88,60 99,60 88,61 99,61 88,62 99,62 88,63 99,63 88,64 99,64 88,65 99,65 88,66 99,66
104,56 104,67 105,56 105,67 106,56 106,67 107,56 107,67 108,56 108,67 109,56 109,67 110,56 110,67 111,56 111,67 112,56 112,67 113,56 113,67 114,56 114,67 115,56 115,67 104,57 115,57 104,58 115,58 104,59 115,59 104,60 115,60 104,61 115,61 104,62 115,62 104,63 115,63 104,64 115,64 104,65 115,65 104,66 115,66
120,56 120,67 121,56 121,67 122,56 122,67 123,56 123,67 124,56 124,67 125,56 125,67 126,56 126,67 127,56 127,67 128,56 128,67 129,56 129,67 130,56 130,67 131,56 131,67 120,57 131,57 120,58 131,58 120,59 131,59 120,60 131,60 120,61 131,61 120,62 131,62 120,63 131,63 120,64 131,64 120,65 131,65 120,66 131,66
136,56 136,67 137,56 137,67 138,56 138,67 139,56 139,67 140,56 140,67 141,56 141,67 142,56 142,67 143,56 143,67 144,56 144,67 145,56 145,67 146,56 146,67 147,56 147,67 136,57 147,57 136,58 147,58 136,59 147,59 136,60 147,60 136,61 147,61 136,62 147,62 136,63 147,63 136,64 147,64 136,65 147,65 136,66 147,66
152,56 152,67 153,56 153,67 154,56 154,67 155,56 155,67 156,56 156,67 157,56 157,67 158,56 158,67 159,56 159,67 160,56 160,67 161,56 161,67 162,56 162,67 163,56 163,67 152,57 163,57 152,58 163,58 152,59 163,59 152,60 163,60 152,61 163,61 152,62 163,62 152,63 163,63 152,64 163,64 152,65 163,65 152,66 163,66
168,56 168,67 169,56 169,67 170,56 170,67 171,56 171,67 172,56 172,67 173,56 173,67 174,56 174,67 175,56 175,67 176,56 176,67 177,56 177,67 178,56 178,67 179,56 179,67 168,57 179,57 168,58 179,58 168,59 179,59 168,60 179,60 168,61 179,61 168,62 179,62 168,63 179,63 168,64 179,64 168,65 179,65 168,66 179,66
184,56 184,67 185,56 185,67 186,56 186,67 187,56 187,67 188,56 188,67 189,56 189,67 190,56 190,67 191,56 191,67 192,56 192,67 193,56 193,67 194,56 194,67 195,56 195,67 184,57 195,57 184,58 195,58 184,59 195,59 184,60 195,60 184,61 195,61 184,62 195,62 184,63 195,63 184,64 195,64 184,65 195,65 184,66 195,66
200,56 200,67 201,56 201,67 202,56 202,67 203,56 203,67 204,56 204,67 205,56 205,67 206,56 206,67 207,56 207,67 208,56 208,67 209,56 209,67 210,56 210,67 211,56 211,67 200,57 211,57 200,58 211,58 200,59 211,59 200,60 211,60 200,61 211,61 200,62 211,62 200,63 211,63 200,64 211,64 200,65 211,65 200,66 211,66
216,56 216,67 217,56 217,67 218,56 218,67 219,56 219,67 220,56 220,67 221,56 221,67 222,56 222,67 223,56 223,67 224,56 224,67 225,56 225,67 226,56 226,67 227,56 227,67 216,57 227,57 216,58 227,58 216,59 227,59 216,60 227,60 216,61 227,61 216,62 227,62 216,63 227,63 216,64 227,64 216,65 227,65 216,66 227,66
232,56 232,67 233,56 233,67 234,56 234,67 235,56 235,67 236,56 236,67 237,56 237,67 238,56 238,67 239,56 239,67 240,56 240,67 241,56 241,67 242,56 242,67 243,56 243,67 232,57 243,57 232,58 243,58 232,59 243,59 232,60 243,60 232,61 243,61 232,62 243,62 232,63 243,63 232,64 243,64 232,65 243,65 232,66 243,66
8,72 8,83 9,72 9,83 10,72 10,83 11,72 11,83 12,72 12,83 13,72 13,83 14,72 14,83 15,72 15,83 16,72 16,83 17,72 17,83 18,72 18,83 19,72 19,83 8,73 19,73 8,74 19,74 8,75 19,75 8,76 19,76 8,77 19,77 8,78 19,78 8,79 19,79 8,80 19,80 8,81 19,81 8,82 19,82
24,72 24,83 25,72 25,83 26,72 26,83 27,72 27,83 28,72 28,83 29,72 29,83 30,72 30,83 31,72 31,83 32,72 32,83 33,72 33,83 34,72 34,83 35,72 35,83 24,73 35,73 24,74 35,74 24,75 35,75 24,76 35,76 24,77 35,77 24,78 35,78 24,79 35,79 24,80 35,80 24,81 35,81 24,82 35,82
40,72 40,83 41,72 41,83 42,72 42,83 43,72 43,83 44,72 44,83 45,72 45,83 46,72 46,83 47,72 47,83 48,72 48,83 49,72 49,83 50,72 50,83 51,72 51,83 40,73 51,73 40,74 51,74 40,75 51,75 40,76 51,76 40,77 51,77 40,78 51,78 40,79 51,79 40,80 51,80 40,81 51,81 40,82 51,82
56,72 56,83 57,72 57,83 58,72 58,83 59,72 59,83 60,72 60,83 61,72 61,83 62,72 62,83 63,72 63,83 64,72 64,83 65,72 65,83 66,72 66,83 67,72 67,83 56,73 67,73 56,74 67,74 56,75 67,75 56,76 67,76 56,77 67,77 56,78 67,78 56,79 67,79 56,80 67,80 56,81 67,81 56,82 67,82
72,72 72,83 73,72 73,83 74,72 74,83 75,72 75,83 76,72 76,83 77,72 77,83 78,72 78,83 79,72 79,83 80,72 80,83 81,72 81,83 82,72 82,83 83,72 83,83 72,73 83,73 72,74 83,74 72,75 83,75 72,76 83,76 72,77 83,77 72,78 83,78 72,79 83,79 72,80 83,80 72,81 83,81 72,82 83,82
88,72 88,83 89,72 89,83 90,72 90,83 91,72 91,83 92,72 92,83 93,72 93,83 94,72 94,83 95,72 95,83 96,72 96,83 97,72 97,83 98,72 98,83 99,72 99,83 88,73 99,73 88,74 99,74 88,75 99,75 88,76 99,76 88,77 99,77 88,78 99,78 88,79 99,79 88,80 99,80 88,81 99,81 88,82 99,82
104,72 104,83 105,72 105,83 106,72 106,83 107,72 107,83 108,72 108,83 109,72 109,83 110,72 110,83 111,72 111,83 112,72 112,83 113,72 113,83 114,72 114,83 115,72 115,83 104,73 115,73 104,74 115,74 104,75 115,75 104,76 115,76 104,77 115,77 104,78 115,78 104,79 115,79 104,80 115,80 104,81 115,81 104,82 115,82
120,72 120,83 121,72 121,83 122,72 122,83 123,72 123,83 124,72 124,83 125,72 125,83 126,72 126,83 127,72 127,83 128,72 128,83 129,72 129,83 130,72 130,83 131,72 131,83 120,73 131,73 120,74 131,74 120,75 131,75 120,76 131,76 120,77 131,77 120,78 131,78 120,79 131,79 120,80 131,80 120,81 131,81 120,82 131,82
136,72 136,83 137,72 137,83 138,72 138,83 139,72 139,83 140,72 140,83 141,72 141,83 142,72 142,83 143,72 143,83 144,72 144,83 145,72 145,83 146,72 146,83 147,72 147,83 136,73 147,73 136,74 147,74 136,75 147,75 136,76 147,76 136,77 147,77 136,78 147,78 136,79 147,79 136,80 147,80 136,81 147,81 136,82 147,82
152,72 152,83 153,72 153,83 154,72 154,83 155,72 155,83 156,72 156,83 157,72 157,83 158,72 158,83 159,72 159,83 160,72 160,83 161,72 161,83 162,72 162,83 163,72 163,83 152,73 163,73 152,74 163,74 152,75 163,75 152,76 163,76 152,77 163,77 152,78 163,78 152,79 163,79 152,80 163,80 152,81 163,81 152,82 163,82
168,72 168,83 169,72 169,83 170,72 170,83 171,72 171,83 172,72 172,83 173,72 173,83 174,72 174,83 175,72 175,83 176,72 176,83 177,72 177,83 178,72 178,83 179,72 179,83 168,73 179,73 168,74 179,74 168,75 179,75 168,76 179,76 168,77 179,77 168,78 179,78 168,79 179,79 168,80 179,80 168,81 179,81 168,82 179,82
184,72 184,83 185,72 185,83 186,72 186,83 187,72 187,83 188,72 188,83 189,72 189,83 190,72 190,83 191,72 191,83 192,72 192,83 193,72 193,83 194,72 194,83 195,72 195,83 184,73 195,73 184,74 195,74 184,75 195,75 184,76 195,76 184,77 195,77 184,78 195,78 184,79 195,79 184,80 195,80 184,81 195,81 184,82 195,82
200,72 200,83 201,72 201,83 202,72 202,83 203,72 203,83 204,72 204,83 205,72 205,83 206,72 206,83 207,72 207,83 208,72 208,83 209,72 209,83 210,72 210,83 211,72 211,83 200,73 211,73 200,74 211,74 200,75 211,75 200,76 211,76 200,77 211,77 200,78 211,78 200,79 211,79 200,80 211,80 200,81 211,81 200,82 211,82
216,72 216,83 217,72 217,83 218,72 218,83 219,72 219,83 220,72 220,83 221,72 221,83 222,72 222,83 223,72 223,83 224,72 224,83 225,72 225,83 226,72 226,83 227,72 227,83 216,73 227,73 216,74 227,74 216,75 227,75 216,76 227,76 216,77 227,77 216,78 227,78 216,79 227,79 216,80 227,80 216,81 227,81 216,82 227,82
232,72 232,83 233,72 233,83 234,72 234,83 235,72 235,83 236,72 236,83 237,72 237,83 238,72 238,83 239,72 239,83 240,72 240,83 241,72 241,83 242,72 242,83 243,72 243,83 232,73 243,73 232,74 243,74 232,75 243,75 232,76 243,76 232,77 243,77 232,78 243,78 232,79 243,79 232,80 243,80 232,81 243,81 232,82 243,82
8,88 8,99 9,88 9,99 10,88 10,99 11,88 11,99 12,88 12,99 13,88 13,99 14,88 14,99 15,88 15,99 16,88 16,99 17,88 17,99 18,88 18,99 19,88 19,99 8,89 19,89 8,90 19,90 8,91 19,91 8,92 19,92 8,93 19,93 8,94 19,94 8,95 19,95 8,96 19,96 8,97 19,97 8,98 19,98
24,88 24,99 25,88 25,99 26,88 26,99 27,88 27,99 28,88 28,99 29,88 29,99 30,88 30,99 31,88 31,99 32,88 32,99 33,88 33,99 34,88 34,99 35,88 35,99 24,89 35,89 24,90 35,90 24,91 35,91 24,92 35,92 24,93 35,93 24,94 35,94 24,95 35,95 24,96 35,96 24,97 35,97 24,98 35,98
40,88 40,99 41,88 41,99 42,88 42,99 43,88 43,99 44,88 44,99 45,88 45,99 46,88 46,99 47,88 47,99 48,88 48,99 49,88 49,99 50,88 50,99 51,88 51,99 40,89 51,89 40,90 51,90 40,91 51,91 40,92 51,92 40,93 51,93 40,94 51,94 40,95 51,95 40,96 51,96 40,97 51,97 40,98 51,98
56,88 56,99 57,88 57,99 58,88 58,99 59,88 59,99 60,88 60,99 61,88 61,99 62,88 62,99 63,88 63,99 64,88 64,99 65,88 65,99 66,88 66,99 67,88 67,99 56,89 67,89 56,90 67,90 56,91 67,91 56,92 67,92 56,93 67,93 56,94 67,94 56,95 67,95 56,96 67,96 56,97 67,97 56,98 67,98
72,88 72,99 73,88 73,99 74,88 74,99 75,88 75,99 76,88 76,99 77,88 77,99 78,88 78,99 79,88 79,99 80,88 80,99 81,88 81,99 82,88 82,99 83,88 83,99 72,89 83,89 72,90 83,90 72,91 83,91 72,92 83,92 72,93 83,93 72,94 83,94 72,95 83,95 72,96 83,96 72,97 83,97 72,98 83,98
88,88 88,99 89,88 89,99 90,88 90,99 91,88 91,99 92,88 92,99 93,88 93,99 94,88 94,99 95,88 95,99 96,88 96,99 97,88 97,99 98,88 98,99 99,88 99,99 88,89 99,89 88,90 99,90 88,91 99,91 88,92 99,92 88,93 99,93 88,94 99,94 88,95 99,95 88,96 99,96 88,97 99,97 88,98 99,98
104,88 104,99 105,88 105,99 106,88 106,99 107,88 107,99 108,88 108,99 109,88 109,99 110,88 110,99 111,88 111,99 112,88 112,99 113,88 113,99 114,88 114,99 115,88 115,99 104,89 115,89 104,90 115,90 104,91 115,91 104,92 115,92 104,93 115,93 104,94 115,94 104,95 115,95 104,96 115,96 104,97 115,97 104,98 115,98
120,88 120,99 121,88 121,99 122,88 122,99 123,88 123,99 124,88 124,99 125,88 125,99 126,88 126,99 127,88 127,99 128,88 128,99 129,88 129,99 130,88 130,99 131,88 131,99 120,89 131,89 120,90 131,90 120,91 131,91 120,92 131,92 120,93 131,93 120,94 131,94 120,95 131,95 120,96 131,96 120,97 131,97 120,98 131,98
136,88 136,99 137,88 137,99 138,88 138,99 139,88 139,99 140,88 140,99 141,88 141,99 142,88 142,99 143,88 143,99 144,88 144,99 145,88 145,99 146,88 146,99 147,88 147,99 136,89 147,89 136,90 147,90 136,91 147,91 136,92 147,92 136,93 147,93 136,94 147,94 136,95 147,95 136,96 147,96 136,97 147,97 136,98 147,98
152,88 152,99 153,88 153,99 154,88 154,99 155,88 155,99 156,88 156,99 157,88 157,99 158,88 158,99 159,88 159,99 160,88 160,99 161,88 161,99 162,88 162,99 163,88 163,99 152,89 163,89 152,90 163,90 152,91 163,91 152,92 163,92 152,93 163,93 152,94 163,94 152,95 163,95 152,96 163,96 152,97 163,97 152,98 163,98
168,88 168,99 169,88 169,99 170,88 170,99 171,88 171,99 172,88 172,99 173,88 173,99 174,88 174,99 175,88 175,99 176,88 176,99 177,88 177,99 178,88 178,99 179,88 179,99 168,89 179,89 168,90 179,90 168,91 179,91 168,92 179,92 168,93 179,93 168,94 179,94 168,95 179,95 168,96 179,96 168,97 179,97 168,98 179,98
184,88 184,99 185,88 185,99 186,88 186,99 187,88 187,99 188,88 188,99 189,88 189,99 190,88 190,99 191,88 191,99 192,88 192,99 193,88 193,99 194,88 194,99 195,88 195,99 184,89 195,89 184,90 195,90 184,91 195,91 184,92 195,92 184,93 195,93 184,94 195,94 184,95 195,95 184,96 195,96 184,97 195,97 184,98 195,98
200,88 200,99 201,88 201,99 202,88 202,99 203,88 203,99 204,88 204,99 205,88 205,99 206,88 206,99 207,88 207,99 208,88 208,99 209,88 209,99 210,88 210,99 211,88 211,99 200,89 211,89 200,90 211,90 200,91 211,91 200,92 211,92 200,93 211,93 200,94 211,94 200,95 211,95 200,96 211,96 200,97 211,97 200,98 211,98
216,88 216,99 217,88 217,99 218,88 218,99 219,88 219,99 220,88 220,99 221,88 221,99 222,88 222,99 223,88 223,99 224,88 224,99 225,88 225,99 226,88 226,99 227,88 227,99 216,89 227,89 216,90 227,90 216,91 227,91 216,92 227,92 216,93 227,93 216,94 227,94 216,95 227,95 216,96 227,96 216,97 227,97 216,98 227,98
232,88 232,99 233,88 233,99 234,88 234,99 235,88 235,99 236,88 236,99 237,88 237,99 238,88 238,99 239,88 239,99 240,88 240,99 241,88 241,99 242,88 242,99 243,88 243,99 232,89 243,89 232,90 243,90 232,91 243,91 232,92 243,92 232,93 243,93 232,94 243,94 232,95 243,95 232,96 243,96 232,97 243,97 232,98 243,98
8,104 8,115 9,104 9,115 10,104 10,115 11,104 11,115 12,104 12,115 13,104 13,115 14,104 14,115 15,104 15,115 16,104 16,115 17,104 17,115 18,104 18,115 19,104 19,115 8,105 19,105 8,106 19,106 8,107 19,107 8,108 19,108 8,109 19,109 8,110 19,110 8,111 19,111 8,112 19,112 8,113 19,113 8,114 19,114
24,104 24,115 25,104 25,115 26,104 26,115 27,104 27,115 28,104 28,115 29,104 29,115 30,104 30,115 31,104 31,115 32,104 32,115 33,104 33,115 34,104 34,115 35,104 35,115 24,105 35,105 24,106 35,106 24,107 35,107 24,108 35,108 24,109 35,109 24,110 35,110 24,111 35,111 24,112 35,112 24,113 35,113 24,114 35,114
40,104 40,115 41,104 41,115 42,104 42,115 43,104 43,115 44,104 44,115 45,104 45,115 46,104 46,115 47,104 47,115 48,104 48,115 49,104 49,115 50,104 50,115 51,104 51,115 40,105 51,105 40,106 51,106 40,107 51,107 40,108 51,108 40,109 51,109 40,110 51,110 40,111 51,111 40,112 51,112 40,113 51,113 40,114 51,114
56,104 56,115 57,104 57,115 58,104 58,115 59,104 59,115 60,104 60,115 61,104 61,115 62,104 62,115 63,104 63,115 64,104 64,115 65,104 65,115 66,104 66,115 67,104 67,115 56,105 67,105 56,106 67,106 56,107 67,107 56,108 67,108 56,109 67,109 56,110 67,110 56,111 67,111 56,112 67,112 56,113 67,113 56,114 67,114
72,104 72,115 73,104 73,115 74,104 74,115 75,104 75,115 76,104 76,115 77,104 77,115 78,104 78,115 79,104 79,115 80,104 80,115 81,104 81,115 82,104 82,115 83,104 83,115 72,105 83,105 72,106 83,106 72,107 83,107 72,108 83,108 72,109 83,109 72,110 83,110 72,111 83,111 72,112 83,112 72,113 83,113 72,114 83,114
88,104 88,115 89,104 89,115 90,104 90,115 91,104 91,115 92,104 92,115 93,104 93,115 94,104 94,115 95,104 95,115 96,104 96,115 97,104 97,115 98,104 98,115 99,104 99,115 88,105 99,105 88,106 99,106 88,107 99,107 88,108 99,108 88,109 99,109 88,110 99,110 88,111 99,111 88,112 99,112 88,113 99,113 88,114 99,114
104,104 104,115 105,104 105,115 106,104 106,115 107,104 107,115 108,104 108,115 109,104 109,115 110,104 110,115 111,104 111,115 112,104 112,115 113,104 113,115 114,104 114,115 115,104 115,115 104,105 115,105 104,106 115,106 104,107 115,107 104,108 115,108 104,109 115,109 104,110 115,110 104,111 115,111 104,112 115,112 104,113 115,113 104,114 115,114
120,104 120,115 121,104 121,115 122,104 122,115 123,104 123,115 124,104 124,115 125,104 125,115 126,104 126,115 127,104 127,115 128,104 128,115 129,104 129,115 130,104 130,115 131,104 131,115 120,105 131,105 120,106 131,106 120,107 131,107 120,108 131,108 120,109 131,109 120,110 131,110 120,111 131,111 120,112 131,112 120,113 131,113 120,114 131,114
136,104 136,115 137,104 137,115 138,104 138,115 139,104 139,115 140,104 140,115 141,104 141,115 142,104 142,115 143,104 143,115 144,104 144,115 145,104 145,115 146,104 146,115 147,104 147,115 136,105 147,105 136,106 147,106 136,107 147,107 136,108 147,108 136,109 147,109 136,110 147,110 136,111 147,111 136,112 147,112 136,113 147,113 136,114 147,114
152,104 152,115 153,104 153,115 154,104 154,115 155,104 155,115 156,104 156,115 157,104 157,115 158,104 158,115 159,104 159,115 160,104 160,115 161,104 161,115 162,104 162,115 163,104 163,115 152,105 163,105 152,106 163,106 152,107 163,107 152,108 163,108 152,109 163,109 152,110 163,110 152,111 163,111 152,112 163,112 152,113 163,113 152,114 163,114
168,104 168,115 169,104 169,115 170,104 170,115 171,104 171,115 172,104 172,115 173,104 173,115 174,104 174,115 175,104 175,115 176,104 176,115 177,104 177,115 178,104 178,115 179,104 179,115 168,105 179,105 168,106 179,106 168,107 179,107 168,108 179,108 168,109 179,109 168,110 179,110 168,111 179,111 168,112 179,112 168,113 179,113 168,114 179,114
184,104 184,115 185,104 185,115 186,104 186,115 187,104 187,115 188,104 188,115 189,104 189,115 190,104 190,115 191,104 191,115 192,104 192,115 193,104 193,115 194,104 194,115 195,104 195,115 184,105 195,105 184,106 195,106 184,107 195,107 184,108 195,108 184,109 195,109 184,110 195,110 184,111 195,111 184,112 195,112 184,113 195,113 184,114 195,114
200,104 200,115 201,104 201,115 202,104 202,115 203,104 203,115 204,104 204,115 205,104 205,115 206,104 206,115 207,104 207,115 208,104 208,115 209,104 209,115 210,104 210,115 211,104 211,115 200,105 211,105 200,106 211,106 200,107 211,107 200,108 211,108 200,109 211,109 200,110 211,110 200,111 211,111 200,112 211,112 200,113 211,113 200,114 211,114
216,104 216,115 217,104 217,115 218,104 218,115 219,104 219,115 220,104 220,115 221,104 221,115 222,104 222,115 223,104 223,115 224,104 224,115 225,104 225,115 226,104 226,115 227,104 227,115 216,105 227,105 216,106 227,106 216,107 227,107 216,108 227,108 216,109 227,109 216,110 227,110 216,111 227,111 216,112 227,112 216,113 227,113 216,114 227,114
232,104 232,115 233,104 233,115 234,104 234,115 235,104 235,115 236,104 236,115 237,104 237,115 238,104 238,115 239,104 239,115 240,104 240,115 241,104 241,115 242,104 242,115 243,104 243,115 232,105 243,105 232,106 243,106 232,107 243,107 232,108 243,108 232,109 243,109 232,110 243,110 232,111 243,111 232,112 243,112 232,113 243,113 232,114 243,114
8,120 8,131 9,120 9,131 10,120 10,131 11,120 11,131 12,120 12,131 13,120 13,131 14,120 14,131 15,120 15,131 16,120 16,131 17,120 17,131 18,120 18,131 19,120 19,131 8,121 19,121 8,122 19,122 8,123 19,123 8,124 19,124 8,125 19,125 8,126 19,126 8,127 19,127 8,128 19,128 8,129 19,129 8,130 19,130
24,120 24,131 25,120 25,131 26,120 26,131 27,120 27,131 28,120 28,131 29,120 29,131 30,120 30,131 31,120 31,131 32,120 32,131 33,120 33,131 34,120 34,131 35,120 35,131 24,121 35,121 24,122 35,122 24,123 35,123 24,124 35,124 24,125 35,125 24,126 35,126 24,127 35,127 24,128 35,128 24,129 35,129 24,130 35,130
40,120 40,131 41,120 41,131 42,120 42,131 43,120 43,131 44,120 44,131 45,120 45,131 46,120 46,131 47,120 47,131 48,120 48,131 49,120 49,131 50,120 50,131 51,120 51,131 40,121 51,121 40,122 51,122 40,123 51,123 40,124 51,124 40,125 51,125 40,126 51,126 40,127 51,127 40,128 51,128 40,129 51,129 40,130 51,130
56,120 56,131 57,120 57,131 58,120 58,131 59,120 59,131 60,120 60,131 61,120 61,131 62,120 62,131 63,120 63,131 64,120 64,131 65,120 65,131 66,120 66,131 67,120 67,131 56,121 67,121 56,122 67,122 56,123 67,123 56,124 67,124 56,125 67,125 56,126 67,126 56,127 67,127 56,128 67,128 56,129 67,129 56,130 67,130
72,120 72,131 73,120 73,131 74,120 74,131 75,120 75,131 76,120 76,131 77,120 77,131 78,120 78,131 79,120 79,131 80,120 80,131 81,120 81,131 82,120 82,131 83,120 83,131 72,121 83,121 72,122 83,122 72,123 83,123 72,124 83,124 72,125 83,125 72,126 83,126 72,127 83,127 72,128 83,128 72,129 83,129 72,130 83,130
88,120 88,131 89,120 89,131 90,120 90,131 91,120 91,131 92,120 92,131 93,120 93,131 94,120 94,131 95,120 95,131 96,120 96,131 97,120 97,131 98,120 98,131 99,120 99,131 88,121 99,121 88,122 99,122 88,123 99,123 88,124 99,124 88,125 99,125 88,126 99,126 88,127 99,127 88,128 99,128 88,129 99,129 88,130 99,130
104,120 104,131 105,120 105,131 106,120 106,131 107,120 107,131 108,120 108,131 109,120 109,131 110,120 110,131 111,120 111,131 112,120 112,131 113,120 113,131 114,120 114,131 115,120 115,131 104,121 115,121 104,122 115,122 104,123 115,123 104,124 115,124 104,125 115,125 104,126 115,126 104,127 115,127 104,128 115,128 104,129 115,129 104,130 115,130
120,120 120,131 121,120 121,131 122,120 122,131 123,120 123,131 124,120 124,131 125,120 125,131 126,120 126,131 127,120 127,131 128,120 128,131 129,120 129,131 130,120 130,131 131,120 131,131 120,121 131,121 120,122 131,122 120,123 131,123 120,124 131,124 120,125 131,125 120,126 131,126 120,127 131,127 120,128 131,128 120,129 131,129 120,130 131,130
136,120 136,131 137,120 137,131 138,120 138,131 139,120 139,131 140,120 140,131 141,120 141,131 142,120 142,131 143,120 143,131 144,120 144,131 145,120 145,131 146,120 146,131 147,120 147,131 136,121 147,121 136,122 147,122 136,123 147,123 136,124 147,124 136,125 147,125 136,126 147,126 136,127 147,127 136,128 147,128 136,129 147,129 136,130 147,130
152,120 152,131 153,120 153,131 154,120 154,131 155,120 155,131 156,120 156,131 157,120 157,131 158,120 158,131 159,120 159,131 160,120 160,131 161,120 161,131 162,120 162,131 163,120 163,131 152,121 163,121 152,122 163,122 152,123 163,123 152,124 163,124 152,125 163,125 152,126 163,126 152,127 163,127 152,128 163,128 152,129 163,129 152,130 163,130
168,120 168,131 169,120 169,131 170,120 170,131 171,120 171,131 172,120 172,131 173,120 173,131 174,120 174,131 175,120 175,131 176,120 176,131 177,120 177,131 178,120 178,131 179,120 179,131 168,121 179,121 168,122 179,122 168,123 179,123 168,124 179,124 168,125 179,125 168,126 179,126 168,127 179,127 168,128 179,128 168,129 179,129 168,130 179,130
184,120 184,131 185,120 185,131 186,120 186,131 187,120 187,131 188,120 188,131 189,120 189,131 190,120 190,131 191,120 191,131 192,120 192,131 193,120 193,131 194,120 194,131 195,120 195,131 184,121 195,121 184,122 195,122 184,123 195,123 184,124 195,124 184,125 195,125 184,126 195,126 184,127 195,127 184,128 195,128 184,129 195,129 184,130 195,130
200,120 200,131 201,120 201,131 202,120 202,131 203,120 203,131 204,120 204,131 205,120 205,131 206,120 206,131 207,120 207,131 208,120 208,131 209,120 209,131 210,120 210,131 211,120 211,131 200,121 211,121 200,122 211,122 200,123 211,123 200,124 211,124 200,125 211,125 200,126 211,126 200,127 211,127 200,128 211,128 200,129 211,129 200,130 211,130
216,120 216,131 217,120 217,131 218,120 218,131 219,120 219,131 220,120 220,131 221,120 221,131 222,120 222,131 223,120 223,131 224,120 224,131 225,120 225,131 226,120 226,131 227,120 227,131 216,121 227,121 216,122 227,122 216,123 227,123 216,124 227,124 216,125 227,125 216,126 227,126 216,127 227,127 216,128 227,128 216,129 227,129 216,130 227,130
232,120 232,131 233,120 233,131 234,120 234,131 235,120 235,131 236,120 236,131 237,120 237,131 238,120 238,131 239,120 239,131 240,120 240,131 241,120 241,131 242,120 242,131 243,120 243,131 232,121 243,121 232,122 243,122 232,123 243,123 232,124 243,124 232,125 243,125 232,126 243,126 232,127 243,127 232,128 243,128 232,129 243,129 232,130 243,130
8,136 8,147 9,136 9,147 10,136 10,147 11,136 11,147 12,136 12,147 13,136 13,147 14,136 14,147 15,136 15,147 16,136 16,147 17,136 17,147 18,136 18,147 19,136 19,147 8,137 19,137 8,138 19,138 8,139 19,139 8,140 19,140 8,141 19,141 8,142 19,142 8,143 19,143 8,144 19,144 8,145 19,145 8,146 19,146
24,136 24,147 25,136 25,147 26,136 26,147 27,136 27,147 28,136 28,147 29,136 29,147 30,136 30,147 31,136 31,147 32,136 32,147 33,136 33,147 34,136 34,147 35,136 35,147 24,137 35,137 24,138 35,138 24,139 35,139 24,140 35,140 24,141 35,141 24,142 35,142 24,143 35,143 24,144 35,144 24,145 35,145 24,146 35,146
40,136 40,147 41,136 41,147 42,136 42,147 43,136 43,147 44,136 44,147 45,136 45,147 46,136 46,147 47,136 47,147 48,136 48,147 49,136 49,147 50,136 50,147 51,136 51,147 40,137 51,137 40,138 51,138 40,139 51,139 40,140 51,140 40,141 51,141 40,142 51,142 40,143 51,143 40,144 51,144 40,145 51,145 40,146 51,146
56,136 56,147 57,136 57,147 58,136 58,147 59,136 59,147 60,136 60,147 61,136 61,147 62,136 62,147 63,136 63,147 64,136 64,147 65,136 65,147 66,136 66,147 67,136 67,147 56,137 67,137 56,138 67,138 56,139 67,139 56,140 67,140 56,141 67,141 56,142 67,142 56,143 67,143 56,144 67,144 56,145 67,145 56,146 67,146
72,136 72,147 73,136 73,147 74,136 74,147 75,136 75,147 76,136 76,147 77,136 77,147 78,136 78,147 79,136 79,147 80,136 80,147 81,136 81,147 82,136 82,147 83,136 83,147 72,137 83,137 72,138 83,138 72,139 83,139 72,140 83,140 72,141 83,141 72,142 83,142 72,143 83,143 72,144 83,144 72,145 83,145 72,146 83,146
88,136 88,147 89,136 89,147 90,136 90,147 91,136 91,147 92,136 92,147 93,136 93,147 94,136 94,147 95,136 95,147 96,136 96,147 97,136 97,147 98,136 98,147 99,136 99,147 88,137 99,137 88,138 99,138 88,139 99,139 88,140 99,140 88,141 99,141 88,142 99,142 88,143 99,143 88,144 99,144 88,145 99,145 88,146 99,146
104,136 104,147 105,136 105,147 106,136 106,147 107,136 107,147 108,136 108,147 109,136 109,147 110,136 110,147 111,136 111,147 112,136 112,147 113,136 113,147 114,136 114,147 115,136 115,147 104,137 115,137 104,138 115,138 104,139 115,139 104,140 115,140 104,141 115,141 104,142 115,142 104,143 115,143 104,144 115,144 104,145 115,145 104,146 115,146
120,136 120,147 121,136 121,147 122,136 122,147 123,136 123,147 124,136 124,147 125,136 125,147 126,136 126,147 127,136 127,147 128,136 128,147 129,136 129,147 130,136 130,147 131,136 131,147 120,137 131,137 120,138 131,138 120,139 131,139 120,140 131,140 120,141 131,141 120,142 131,142 120,143 131,143 120,144 131,144 120,145 131,145 120,146 131,146
136,136 136,147 137,136 137,147 138,136 138,147 139,136 139,147 140,136 140,147 141,136 141,147 142,136 142,147 143,136 143,147 144,136 144,147 145,136 145,147 146,136 146,147 147,136 147,147 136,137 147,137 136,138 147,138 136,139 147,139 136,140 147,140 136,141 147,141 136,142 147,142 136,143 147,143 136,144 147,144 136,145 147,145 136,146 147,146
152,136 152,147 153,136 153,147 154,136 154,147 155,136 155,147 156,136 156,147 157,136 157,147 158,136 158,147 159,136 159,147 160,136 160,147 161,136 161,147 162,136 162,147 163,136 163,147 152,137 163,137 152,138 163,138 152,139 163,139 152,140 163,140 152,141 163,141 152,142 163,142 152,143 163,143 152,144 163,144 152,145 163,145 152,146 163,146
168,136 168,147 169,136 169,147 170,136 170,147 171,136 171,147 172,136 172,147 173,136 173,147 174,136 174,147 175,136 175,147 176,136 176,147 177,136 177,147 178,136 178,147 179,136 179,147 168,137 179,137 168,138 179,138 168,139 179,139 168,140 179,140 168,141 179,141 168,142 179,142 168,143 179,143 168,144 179,144 168,145 179,145 168,146 179,146
184,136 184,147 185,136 185,147 186,136 186,147 187,136 187,147 188,136 188,147 189,136 189,147 190,136 190,147 191,136 191,147 192,136 192,147 193,136 193,147 194,136 194,147 195,136 195,147 184,137 195,137 184,138 195,138 184,139 195,139 184,140 195,140 184,141 195,141 184,142 195,142 184,143 195,143 184,144 195,144 184,145 195,145 184,146 195,146
200,136 200,147 201,136 201,147 202,136 202,147 203,136 203,147 204,136 204,147 205,136 205,147 206,136 206,147 207,136 207,147 208,136 208,147 209,136 209,147 210,136 210,147 211,136 211,147 200,137 211,137 200,138 211,138 200,139 211,139 200,140 211,140 200,141 211,141 200,142 211,142 200,143 211,143 200,144 211,144 200,145 211,145 200,146 211,146
216,136 216,147 217,136 217,147 218,136 218,147 219,136 219,147 220,136 220,147 221,136 221,147 222,136 222,147 223,136 223,147 224,136 224,147 225,136 225,147 226,136 226,147 227,136 227,147 216,137 227,137 216,138 227,138 216,139 227,139 216,140 227,140 216,141 227,141 216,142 227,142 216,143 227,143 216,144 227,144 216,145 227,145 216,146 227,146
232,136 232,147 233,136 233,147 234,136 234,147 235,136 235,147 236,136 236,147 237,136 237,147 238,136 238,147 239,136 239,147 240,136 240,147 241,136 241,147 242,136 242,147 243,136 243,147 232,137 243,137 232,138 243,138 232,139 243,139 232,140 243,140 232,141 243,141 232,142 243,142 232,143 243,143 232,144 243,144 232,145 243,145 232,146 243,146
8,152 8,163 9,152 9,163 10,152 10,163 11,152 11,163 12,152 12,163 13,152 13,163 14,152 14,163 15,152 15,163 16,152 16,163 17,152 17,163 18,152 18,163 19,152 19,163 8,153 19,153 8,154 19,154 8,155 19,155 8,156 19,156 8,157 19,157 8,158 19,158 8,159 19,159 8,160 19,160 8,161 19,161 8,162 19,162
24,152 24,163 25,152 25,163 26,152 26,163 27,152 27,163 28,152 28,163 29,152 29,163 30,152 30,163 31,152 31,163 32,152 32,163 33,152 33,163 34,152 34,163 35,152 35,163 24,153 35,153 24,154 35,154 24,155 35,155 24,156 35,156 24,157 35,157 24,158 35,158 24,159 35,159 24,160 35,160 24,161 35,161 24,162 35,162
40,152 40,163 41,152 41,163 42,152 42,163 43,152 43,163 44,152 44,163 45,152 45,163 46,152 46,163 47,152 47,163 48,152 48,163 49,152 49,163 50,152 50,163 51,152 51,163 40,153 51,153 40,154 51,154 40,155 51,155 40,156 51,156 40,157 51,157 40,158 51,158 40,159 51,159 40,160 51,160 40,161 51,161 40,162 51,162
56,152 56,163 57,152 57,163 58,152 58,163 59,152 59,163 60,152 60,163 61,152 61,163 62,152 62,163 63,152 63,163 64,152 64,163 65,152 65,163 66,152 66,163 67,152 67,163 56,153 67,153 56,154 67,154 56,155 67,155 56,156 67,156 56,157 67,157 56,158 67,158 56,159 67,159 56,160 67,160 56,161 67,161 56,162 67,162
72,152 72,163 73,152 73,163 74,152 74,163 75,152 75,163 76,152 76,163 77,152 77,163 78,152 78,163 79,152 79,163 80,152 80,163 81,152 81,163 82,152 82,163 83,152 83,163 72,153 83,153 72,154 83,154 72,155 83,155 72,156 83,156 72,157 83,157 72,158 83,158 72,159 83,159 72,160 83,160 72,161 83,161 72,162 83,162
88,152 88,163 89,152 89,163 90,152 90,163 91,152 91,163 92,152 92,163 93,152 93,163 94,152 94,163 95,152 95,163 96,152 96,163 97,152 97,163 98,152 98,163 99,152 99,163 88,153 99,153 88,154 99,154 88,155 99,155 88,156 99,156 88,157 99,157 88,158 99,158 88,159 99,159 88,160 99,160 88,161 99,161 88,162 99,162
104,152 104,163 105,152 105,163 106,152 106,163 107,152 107,163 108,152 108,163 109,152 109,163 110,152 110,163 111,152 111,163 112,152 112,163 113,152 113,163 114,152 114,163 115,152 115,163 104,153 115,153 104,154 115,154 104,155 115,155 104,156 115,156 104,157 115,157 104,158 115,158 104,159 115,159 104,160 115,160 104,161 115,161 104,162 115,162
120,152 120,163 121,152 121,163 122,152 122,163 123,152 123,163 124,152 124,163 125,152 125,163 126,152 126,163 127,152 127,163 128,152 128,163 129,152 129,163 130,152 130,163 131,152 131,163 120,153 131,153 120,154 131,154 120,155 131,155 120,156 131,156 120,157 131,157 120,158 131,158 120,159 131,159 120,160 131,160 120,161 131,161 120,162 131,162
136,152 136,163 137,152 137,163 138,152 138,163 139,152 139,163 140,152 140,163 141,152 141,163 142,152 142,163 143,152 143,163 144,152 144,163 145,152 145,163 146,152 146,163 147,152 147,163 136,153 147,153 136,154 147,154 136,155 147,155 136,156 147,156 136,157 147,157 136,158 147,158 136,159 147,159 136,160 147,160 136,161 147,161 136,162 147,162
152,152 152,163 153,152 153,163 154,152 154,163 155,152 155,163 156,152 156,163 157,152 157,163 158,152 158,163 159,152 159,163 160,152 160,163 161,152 161,163 162,152 162,163 163,152 163,163 152,153 163,153 152,154 163,154 152,155 163,155 152,156 163,156 152,157 163,157 152,158 163,158 152,159 163,159 152,160 163,160 152,161 163,161 152,162 163,162
168,152 168,163 169,152 169,163 170,152 170,163 171,152 171,163 172,152 172,163 173,152 173,163 174,152 174,163 175,152 175,163 176,152 176,163 177,152 177,163 178,152 178,163 179,152 179,163 168,153 179,153 168,154 179,154 168,155 179,155 168,156 179,156 168,157 179,157 168,158 179,158 168,159 179,159 168,160 179,160 168,161 179,161 168,162 179,162
184,152 184,163 185,152 185,163 186,152 186,163 187,152 187,163 188,152 188,163 189,152 189,163 190,152 190,163 191,152 191,163 192,152 192,163 193,152 193,163 194,152 194,163 195,152 195,163 184,153 195,153 184,154 195,154 184,155 195,155 184,156 195,156 184,157 195,157 184,158 195,158 184,159 195,159 184,160 195,160 184,161 195,161 184,162 195,162
200,152 200,163 201,152 201,163 202,152 202,163 203,152 203,163 204,152 204,163 205,152 205,163 206,152 206,163 207,152 207,163 208,152 208,163 209,152 209,163 210,152 210,163 211,152 211,163 200,153 211,153 200,154 211,154 200,155 211,155 200,156 211,156 200,157 211,157 200,158 211,158 200,159 211,159 200,160 211,160 200,161 211,161 200,162 211,162
216,152 216,163 217,152 217,163 218,152 218,163 219,152 219,163 220,152 220,163 221,152 221,163 222,152 222,163 223,152 223,163 224,152 224,163 225,152 225,163 226,152 226,163 227,152 227,163 216,153 227,153 216,154 227,154 216,155 227,155 216,156 227,156 216,157 227,157 216,158 227,158 216,159 227,159 216,160 227,160 216,161 227,161 216,162 227,162
232,152 232,163 233,152 233,163 234,152 234,163 235,152 235,163 236,152 236,163 237,152 237,163 238,152 238,163 239,152 239,163 240,152 240,163 241,152 241,163 242,152 242,163 243,152 243,163 232,153 243,153 232,154 243,154 232,155 243,155 232,156 243,156 232,157 243,157 232,158 243,158 232,159 243,159 232,160 243,160 232,161 243,161 232,162 243,162
8,168 8,179 9,168 9,179 10,168 10,179 11,168 11,179 12,168 12,179 13,168 13,179 14,168 14,179 15,168 15,179 16,168 16,179 17,168 17,179 18,168 18,179 19,168 19,179 8,169 19,169 8,170 19,170 8,171 19,171 8,172 19,172 8,173 19,173 8,174 19,174 8,175 19,175 8,176 19,176 8,177 19,177 8,178 19,178
24,168 24,179 25,168 25,179 26,168 26,179 27,168 27,179 28,168 28,179 29,168 29,179 30,168 30,179 31,168 31,179 32,168 32,179 33,168 33,179 34,168 34,179 35,168 35,179 24,169 35,169 24,170 35,170 24,171 35,171 24,172 35,172 24,173 35,173 24,174 35,174 24,175 35,175 24,176 35,176 24,177 35,177 24,178 35,178
40,168 40,179 41,168 41,179 42,168 42,179 43,168 43,179 44,168 44,179 45,168 45,179 46,168 46,179 47,168 47,179 48,168 48,179 49,168 49,179 50,168 50,179 51,168 51,179 40,169 51,169 40,170 51,170 40,171 51,171 40,172 51,172 40,173 51,173 40,174 51,174 40,175 51,175 40,176 51,176 40,177 51,177 40,178 51,178
56,168 56,179 57,168 57,179 58,168 58,179 59,168 59,179 60,168 60,179 61,168 61,179 62,168 62,179 63,168 63,179 64,168 64,179 65,168 65,179 66,168 66,179 67,168 67,179 56,169 67,169 56,170 67,170 56,171 67,171 56,172 67,172 56,173 67,173 56,174 67,174 56,175 67,175 56,176 67,176 56,177 67,177 56,178 67,178
72,168 72,179 73,168 73,179 74,168 74,179 75,168 75,179 76,168 76,179 77,168 77,179 78,168 78,179 79,168 79,179 80,168 80,179 81,168 81,179 82,168 82,179 83,168 83,179 72,169 83,169 72,170 83,170 72,171 83,171 72,172 83,172 72,173 83,173 72,174 83,174 72,175 83,175 72,176 83,176 72,177 83,177 72,178 83,178
88,168 88,179 89,168 89,179 90,168 90,179 91,168 91,179 92,168 92,179 93,168 93,179 94,168 94,179 95,168 95,179 96,168 96,179 97,168 97,179 98,168 98,179 99,168 99,179 88,169 99,169 88,170 99,170 88,171 99,171 88,172 99,172 88,173 99,173 88,174 99,174 88,175 99,175 88,176 99,176 88,177 99,177 88,178 99,178
104,168 104,179 105,168 105,179 106,168 106,179 107,168 107,179 108,168 108,179 109,168 109,179 110,168 110,179 111,168 111,179 112,168 112,179 113,168 113,179 114,168 114,179 115,168 115,179 104,169 115,169 104,170 115,170 104,171 115,171 104,172 115,172 104,173 115,173 104,174 115,174 104,175 115,175 104,176 115,176 104,177 115,177 104,178 115,178
120,168 120,179 121,168 121,179 122,168 122,179 123,168 123,179 124,168 124,179 125,168 125,179 126,168 126,179 127,168 127,179 128,168 128,179 129,168 129,179 130,168 130,179 131,168 131,179 120,169 131,169 120,170 131,170 120,171 131,171 120,172 131,172 120,173 131,173 120,174 131,174 120,175 131,175 120,176 131,176 120,177 131,177 120,178 131,178
136,168 136,179 137,168 137,179 138,168 138,179 139,168 139,179 140,168 140,179 141,168 141,179 142,168 142,179 143,168 143,179 144,168 144,179 145,168 145,179 146,168 146,179 147,168 147,179 136,169 147,169 136,170 147,170 136,171 147,171 136,172 147,172 136,173 147,173 136,174 147,174 136,175 147,175 136,176 147,176 136,177 147,177 136,178 147,178
152,168 152,179 153,168 153,179 154,168 154,179 155,168 155,179 156,168 156,179 157,168 157,179 158,168 158,179 159,168 159,179 160,168 160,179 161,168 161,179 162,168 162,179 163,168 163,179 152,169 163,169 152,170 163,170 152,171 163,171 152,172 163,172 152,173 163,173 152,174 163,174 152,175 163,175 152,176 163,176 152,177 163,177 152,178 163,178
168,168 168,179 169,168 169,179 170,168 170,179 171,168 171,179 172,168 172,179 173,168 173,179 174,168 174,179 175,168 175,179 176,168 176,179 177,168 177,179 178,168 178,179 179,168 179,179 168,169 179,169 168,170 179,170 168,171 179,171 168,172 179,172 168,173 179,173 168,174 179,174 168,175 179,175 168,176 179,176 168,177 179,177 168,178 179,178
184,168 184,179 185,168 185,179 186,168 186,179 187,168 187,179 188,168 188,179 189,168 189,179 190,168 190,179 191,168 191,179 192,168 192,179 193,168 193,179 194,168 194,179 195,168 195,179 184,169 195,169 184,170 195,170 184,171 195,171 184,172 195,172 184,173 195,173 184,174 195,174 184,175 195,175 184,176 195,176 184,177 195,177 184,178 195,178
200,168 200,179 201,168 201,179 202,168 202,179 203,168 203,179 204,168 204,179 205,168 205,179 206,168 206,179 207,168 207,179 208,168 208,179 209,168 209,179 210,168 210,179 211,168 211,179 200,169 211,169 200,170 211,170 200,171 211,171 200,172 211,172 200,173 211,173 200,174 211,174 200,175 211,175 200,176 211,176 200,177 211,177 200,178 211,178
216,168 216,179 217,168 217,179 218,168 218,179 219,168 219,179 220,168 220,179 221,168 221,179 222,168 222,179 223,168 223,179 224,168 224,179 225,168 225,179 226,168 226,179 227,168 227,179 216,169 227,169 216,170 227,170 216,171 227,171 216,172 227,172 216,173 227,173 216,174 227,174 216,175 227,175 216,176 227,176 216,177 227,177 216,178 227,178
232,168 232,179 233,168 233,179 234,168 234,179 235,168 235,179 236,168 236,179 237,168 237,179 238,168 238,179 239,168 239,179 240,168 240,179 241,168 241,179 242,168 242,179 243,168 243,179 232,169 243,169 232,170 243,170 232,171 243,171 232,172 243,172 232,173 243,173 232,174 243,174 232,175 243,175 232,176 243,176 232,177 243,177 232,178 243,178
8,184 8,195 9,184 9,195 10,184 10,195 11,184 11,195 12,184 12,195 13,184 13,195 14,184 14,195 15,184 15,195 16,184 16,195 17,184 17,195 18,184 18,195 19,184 19,195 8,185 19,185 8,186 19,186 8,187 19,187 8,188 19,188 8,189 19,189 8,190 19,190 8,191 19,191 8,192 19,192 8,193 19,193 8,194 19,194
24,184 24,195 25,184 25,195 26,184 26,195 27,184 27,195 28,184 28,195 29,184 29,195 30,184 30,195 31,184 31,195 32,184 32,195 33,184 33,195 34,184 34,195 35,184 35,195 24,185 35,185 24,186 35,186 24,187 35,187 24,188 35,188 24,189 35,189 24,190 35,190 24,191 35,191 24,192 35,192 24,193 35,193 24,194 35,194
40,184 40,195 41,184 41,195 42,184 42,195 43,184 43,195 44,184 44,195 45,184 45,195 46,184 46,195 47,184 47,195 48,184 48,195 49,184 49,195 50,184 50,195 51,184 51,195 40,185 51,185 40,186 51,186 40,187 51,187 40,188 51,188 40,189 51,189 40,190 51,190 40,191 51,191 40,192 51,192 40,193 51,193 40,194 51,194
56,184 56,195 57,184 57,195 58,184 58,195 59,184 59,195 60,184 60,195 61,184 61,195 62,184 62,195 63,184 63,195 64,184 64,195 65,184 65,195 66,184 66,195 67,184 67,195 56,185 67,185 56,186 67,186 56,187 67,187 56,188 67,188 56,189 67,189 56,190 67,190 56,191 67,191 56,192 67,192 56,193 67,193 56,194 67,194
72,184 72,195 73,184 73,195 74,184 74,195 75,184 75,195 76,184 76,195 77,184 77,195 78,184 78,195 79,184 79,195 80,184 80,195 81,184 81,195 82,184 82,195 83,184 83,195 72,185 83,185 72,186 83,186 72,187 83,187 72,188 83,188 72,189 83,189 72,190 83,190 72,191 83,191 72,192 83,192 72,193 83,193 72,194 83,194
88,184 88,195 89,184 89,195 90,184 90,195 91,184 91,195 92,184 92,195 93,184 93,195 94,184 94,195 95,184 95,195 96,184 96,195 97,184 97,195 98,184 98,195 99,184 99,195 88,185 99,185 88,186 99,186 88,187 99,187 88,188 99,188 88,189 99,189 88,190 99,190 88,191 99,191 88,192 99,192 88,193 99,193 88,194 99,194
104,184 104,195 105,184 105,195 106,184 106,195 107,184 107,195 108,184 108,195 109,184 109,195 110,184 110,195 111,184 111,195 112,184 112,195 113,184 113,195 114,184 114,195 115,184 115,195 104,185 115,185 104,186 115,186 104,187 115,187 104,188 115,188 104,189 115,189 104,190 115,190 104,191 115,191 104,192 115,192 104,193 115,193 104,194 115,194
120,184 120,195 121,184 121,195 122,184 122,195 123,184 123,195 124,184 124,195 125,184 125,195 126,184 126,195 127,184 127,195 128,184 128,195 129,184 129,195 130,184 130,195 131,184 131,195 120,185 131,185 120,186 131,186 120,187 131,187 120,188 131,188 120,189 131,189 120,190 131,190 120,191 131,191 120,192 131,192 120,193 131,193 120,194 131,194
136,184 136,195 137,184 137,195 138,184 138,195 139,184 139,195 140,184 140,195 141,184 141,195 142,184 142,195 143,184 143,195 144,184 144,195 145,184 145,195 146,184 146,195 147,184 147,195 136,185 147,185 136,186 147,186 136,187 147,187 136,188 147,188 136,189 147,189 136,190 147,190 136,191 147,191 136,192 147,192 136,193 147,193 136,194 147,194
152,184 152,195 153,184 153,195 154,184 154,195 155,184 155,195 156,184 156,195 157,184 157,195 158,184 158,195 159,184 159,195 160,184 160,195 161,184 161,195 162,184 162,195 163,184 163,195 152,185 163,185 152,186 163,186 152,187 163,187 152,188 163,188 152,189 163,189 152,190 163,190 152,191 163,191 152,192 163,192 152,193 163,193 152,194 163,194
168,184 168,195 169,184 169,195 170,184 170,195 171,184 171,195 172,184 172,195 173,184 173,195 174,184 174,195 175,184 175,195 176,184 176,195 177,184 177,195 178,184 178,195 179,184 179,195 168,185 179,185 168,186 179,186 168,187 179,187 168,188 179,188 168,189 179,189 168,190 179,190 168,191 179,191 168,192 179,192 168,193 179,193 168,194 179,194
184,184 184,195 185,184 185,195 186,184 186,195 187,184 187,195 188,184 188,195 189,184 189,195 190,184 190,195 191,184 191,195 192,184 192,195 193,184 193,195 194,184 194,195 195,184 195,195 184,185 195,185 184,186 195,186 184,187 195,187 184,188 195,188 184,189 195,189 184,190 195,190 184,191 195,191 184,192 195,192 184,193 195,193 184,194 195,194
200,184 200,195 201,184 201,195 202,184 202,195 203,184 203,195 204,184 204,195 205,184 205,195 206,184 206,195 207,184 207,195 208,184 208,195 209,184 209,195 210,184 210,195 211,184 211,195 200,185 211,185 200,186 211,186 200,187 211,187 200,188 211,188 200,189 211,189 200,190 211,190 200,191 211,191 200,192 211,192 200,193 211,193 200,194 211,194
216,184 216,195 217,184 217,195 218,184 218,195 219,184 219,195 220,184 220,195 221,184 221,195 222,184 222,195 223,184 223,195 224,184 224,195 225,184 225,195 226,184 226,195 227,184 227,195 216,185 227,185 216,186 227,186 216,187 227,187 216,188 227,188 216,189 227,189 216,190 227,190 216,191 227,191 216,192 227,192 216,193 227,193 216,194 227,194
232,184 232,195 233,184 233,195 234,184 234,195 235,184 235,195 236,184 236,195 237,184 237,195 238,184 238,195 239,184 239,195 240,184 240,195 241,184 241,195 242,184 242,195 243,184 243,195 232,185 243,185 232,186 243,186 232,187 243,187 232,188 243,188 232,189 243,189 232,190 243,190 232,191 243,191 232,192 243,192 232,193 243,193 232,194 243,194
8,200 8,211 9,200 9,211 10,200 10,211 11,200 11,211 12,200 12,211 13,200 13,211 14,200 14,211 15,200 15,211 16,200 16,211 17,200 17,211 18,200 18,211 19,200 19,211 8,201 19,201 8,202 19,202 8,203 19,203 8,204 19,204 8,205 19,205 8,206 19,206 8,207 19,207 8,208 19,208 8,209 19,209 8,210 19,210
24,200 24,211 25,200 25,211 26,200 26,211 27,200 27,211 28,200 28,211 29,200 29,211 30,200 30,211 31,200 31,211 32,200 32,211 33,200 33,211 34,200 34,211 35,200 35,211 24,201 35,201 24,202 35,202 24,203 35,203 24,204 35,204 24,205 35,205 24,206 35,206 24,207 35,207 24,208 35,208 24,209 35,209 24,210 35,210
40,200 40,211 41,200 41,211 42,200 42,211 43,200 43,211 44,200 44,211 45,200 45,211 46,200 46,211 47,200 47,211 48,200 48,211 49,200 49,211 50,200 50,211 51,200 51,211 40,201 51,201 40,202 51,202 40,203 51,203 40,204 51,204 40,205 51,205 40,206 51,206 40,207 51,207 40,208 51,208 40,209 51,209 40,210 51,210
56,200 56,211 57,200 57,211 58,200 58,211 59,200 59,211 60,200 60,211 61,200 61,211 62,200 62,211 63,200 63,211 64,200 64,211 65,200 65,211 66,200 66,211 67,200 67,211 56,201 67,201 56,202 67,202 56,203 67,203 56,204 67,204 56,205 67,205 56,206 67,206 56,207 67,207 56,208 67,208 56,209 67,209 56,210 67,210
72,200 72,211 73,200 73,211 74,200 74,211 75,200 75,211 76,200 76,211 77,200 77,211 78,200 78,211 79,200 79,211 80,200 80,211 81,200 81,211 82,200 82,211 83,200 83,211 72,201 83,201 72,202 83,202 72,203 83,203 72,204 83,204 72,205 83,205 72,206 83,206 72,207 83,207 72,208 83,208 72,209 83,209 72,210 83,210
88,200 88,211 89,200 89,211 90,200 90,211 91,200 91,211 92,200 92,211 93,200 93,211 94,200 94,211 95,200 95,211 96,200 96,211 97,200 97,211 98,200 98,211 99,200 99,211 88,201 99,201 88,202 99,202 88,203 99,203 88,204 99,204 88,205 99,205 88,206 99,206 88,207 99,207 88,208 99,208 88,209 99,209 88,210 99,210
104,200 104,211 105,200 105,211 106,200 106,211 107,200 107,211 108,200 108,211 109,200 109,211 110,200 110,211 111,200 111,211 112,200 112,211 113,200 113,211 114,200 114,211 115,200 115,211 104,201 115,201 104,202 115,202 104,203 115,203 104,204 115,204 104,205 115,205 104,206 115,206 104,207 115,207 104,208 115,208 104,209 115,209 104,210 115,210
120,200 120,211 121,200 121,211 122,200 122,211 123,200 123,211 124,200 124,211 125,200 125,211 126,200 126,211 127,200 127,211 128,200 128,211 129,200 129,211 130,200 130,211 131,200 131,211 120,201 131,201 120,202 131,202 120,203 131,203 120,204 131,204 120,205 131,205 120,206 131,206 120,207 131,207 120,208 131,208 120,209 131,209 120,210 131,210
136,200 136,211 137,200 137,211 138,200 138,211 139,200 139,211 140,200 140,211 141,200 141,211 142,200 142,211 143,200 143,211 144,200 144,211 145,200 145,211 146,200 146,211 147,200 147,211 136,201 147,201 136,202 147,202 136,203 147,203 136,204 147,204 136,205 147,205 136,206 147,206 136,207 147,207 136,208 147,208 136,209 147,209 136,210 147,210
152,200 152,211 153,200 153,211 154,200 154,211 155,200 155,211 156,200 156,211 157,200 157,211 158,200 158,211 159,200 159,211 160,200 160,211 161,200 161,211 162,200 162,211 163,200 163,211 152,201 163,201 152,202 163,202 152,203 163,203 152,204 163,204 152,205 163,205 152,206 163,206 152,207 163,207 152,208 163,208 152,209 163,209 152,210 163,210
168,200 168,211 169,200 169,211 170,200 170,211 171,200 171,211 172,200 172,211 173,200 173,211 174,200 174,211 175,200 175,211 176,200 176,211 177,200 177,211 178,200 178,211 179,200 179,211 168,201 179,201 168,202 179,202 168,203 179,203 168,204 179,204 168,205 179,205 168,206 179,206 168,207 179,207 168,208 179,208 168,209 179,209 168,210 179,210
184,200 184,211 185,200 185,211 186,200 186,211 187,200 187,211 188,200 188,211 189,200 189,211 190,200 190,211 191,200 191,211 192,200 192,211 193,200 193,211 194,200 194,211 195,200 195,211 184,201 195,201 184,202 195,202 184,203 195,203 184,204 195,204 184,205 195,205 184,206 195,206 184,207 195,207 184,208 195,208 184,209 195,209 184,210 195,210
200,200 200,211 201,200 201,211 202,200 202,211 203,200 203,211 204,200 204,211 205,200 205,211 206,200 206,211 207,200 207,211 208,200 208,211 209,200 209,211 210,200 210,211 211,200 211,211 200,201 211,201 200,202 211,202 200,203 211,203 200,204 211,204 200,205 211,205 200,206 211,206 200,207 211,207 200,208 211,208 200,209 211,209 200,210 211,210
216,200 216,211 217,200 217,211 218,200 218,211 219,200 219,211 220,200 220,211 221,200 221,211 222,200 222,211 223,200 223,211 224,200 224,211 225,200 225,211 226,200 226,211 227,200 227,211 216,201 227,201 216,202 227,202 216,203 227,203 216,204 227,204 216,205 227,205 216,206 227,206 216,207 227,207 216,208 227,208 216,209 227,209 216,210 227,210
232,200 232,211 233,200 233,211 234,200 234,211 235,200 235,211 236,200 236,211 237,200 237,211 238,200 238,211 239,200 239,211 240,200 240,211 241,200 241,211 242,200 242,211 243,200 243,211 232,201 243,201 232,202 243,202 232,203 243,203 232,204 243,204 232,205 243,205 232,206 243,206 232,207 243,207 232,208 243,208 232,209 243,209 232,210 243,210
8,216 8,227 9,216 9,227 10,216 10,227 11,216 11,227 12,216 12,227 13,216 13,227 14,216 14,227 15,216 15,227 16,216 16,227 17,216 17,227 18,216 18,227 19,216 19,227 8,217 19,217 8,218 19,218 8,219 19,219 8,220 19,220 8,221 19,221 8,222 19,222 8,223 19,223 8,224 19,224 8,225 19,225 8,226 19,226
24,216 24,227 25,216 25,227 26,216 26,227 27,216 27,227 28,216 28,227 29,216 29,227 30,216 30,227 31,216 31,227 32,216 32,227 33,216 33,227 34,216 34,227 35,216 35,227 24,217 35,217 24,218 35,218 24,219 35,219 24,220 35,220 24,221 35,221 24,222 35,222 24,223 35,223 24,224 35,224 24,225 35,225 24,226 35,226
40,216 40,227 41,216 41,227 42,216 42,227 43,216 43,227 44,216 44,227 45,216 45,227 46,216 46,227 47,216 47,227 48,216 48,227 49,216 49,227 50,216 50,227 51,216 51,227 40,217 51,217 40,218 51,218 40,219 51,219 40,220 51,220 40,221 51,221 40,222 51,222 40,223 51,223 40,224 51,224 40,225 51,225 40,226 51,226
56,216 56,227 57,216 57,227 58,216 58,227 59,216 59,227 60,216 60,227 61,216 61,227 62,216 62,227 63,216 63,227 64,216 64,227 65,216 65,227 66,216 66,227 67,216 67,227 56,217 67,217 56,218 67,218 56,219 67,219 56,220 67,220 56,221 67,221 56,222 67,222 56,223 67,223 56,224 67,224 56,225 67,225 56,226 67,226
72,216 72,227 73,216 73,227 74,216 74,227 75,216 75,227 76,216 76,227 77,216 77,227 78,216 78,227 79,216 79,227 80,216 80,227 81,216 81,227 82,216 82,227 83,216 83,227 72,217 83,217 72,218 83,218 72,219 83,219 72,220 83,220 72,221 83,221 72,222 83,222 72,223 83,223 72,224 83,224 72,225 83,225 72,226 83,226
88,216 88,227 89,216 89,227 90,216 90,227 91,216 91,227 92,216 92,227 93,216 93,227 94,216 94,227 95,216 95,227 96,216 96,227 97,216 97,227 98,216 98,227 99,216 99,227 88,217 99,217 88,218 99,218 88,219 99,219 88,220 99,220 88,221 99,221 88,222 99,222 88,223 99,223 88,224 99,224 88,225 99,225 88,226 99,226
104,216 104,227 105,216 105,227 106,216 106,227 107,216 107,227 108,216 108,227 109,216 109,227 110,216 110,227 111,216 111,227 112,216 112,227 113,216 113,227 114,216 114,227 115,216 115,227 104,217 115,217 104,218 115,218 104,219 115,219 104,220 115,220 104,221 115,221 104,222 115,222 104,223 115,223 104,224 115,224 104,225 115,225 104,226 115,226
120,216 120,227 121,216 121,227 122,216 122,227 123,216 123,227 124,216 124,227 125,216 125,227 126,216 126,227 127,216 127,227 128,216 128,227 129,216 129,227 130,216 130,227 131,216 131,227 120,217 131,217 120,218 131,218 120,219 131,219 120,220 131,220 120,221 131,221 120,222 131,222 120,223 131,223 120,224 131,224 120,225 131,225 120,226 131,226
136,216 136,227 137,216 137,227 138,216 138,227 139,216 139,227 140,216 140,227 141,216 141,227 142,216 142,227 143,216 143,227 144,216 144,227 145,216 145,227 146,216 146,227 147,216 147,227 136,217 147,217 136,218 147,218 136,219 147,219 136,220 147,220 136,221 147,221 136,222 147,222 136,223 147,223 136,224 147,224 136,225 147,225 136,226 147,226
152,216 152,227 153,216 153,227 154,216 154,227 155,216 155,227 156,216 156,227 157,216 157,227 158,216 158,227 159,216 159,227 160,216 160,227 161,216 161,227 162,216 162,227 163,216 163,227 152,217 163,217 152,218 163,218 152,219 163,219 152,220 163,220 152,221 163,221 152,222 163,222 152,223 163,223 152,224 163,224 152,225 163,225 152,226 163,226
168,216 168,227 169,216 169,227 170,216 170,227 171,216 171,227 172,216 172,227 173,216 173,227 174,216 174,227 175,216 175,227 176,216 176,227 177,216 177,227 178,216 178,227 179,216 179,227 168,217 179,217 168,218 179,218 168,219 179,219 168,220 179,220 168,221 179,221 168,222 179,222 168,223 179,223 168,224 179,224 168,225 179,225 168,226 179,226
184,216 184,227 185,216 185,227 186,216 186,227 187,216 187,227 188,216 188,227 189,216 189,227 190,216 190,227 191,216 191,227 192,216 192,227 193,216 193,227 194,216 194,227 195,216 195,227 184,217 195,217 184,218 195,218 184,219 195,219 184,220 195,220 184,221 195,221 184,222 195,222 184,223 195,223 184,224 195,224 184,225 195,225 184,226 195,226
200,216 200,227 201,216 201,227 202,216 202,227 203,216 203,227 204,216 204,227 205,216 205,227 206,216 206,227 207,216 207,227 208,216 208,227 209,216 209,227 210,216 210,227 211,216 211,227 200,217 211,217 200,218 211,218 200,219 211,219 200,220 211,220 200,221 211,221 200,222 211,222 200,223 211,223 200,224 211,224 200,225 211,225 200,226 211,226
216,216 216,227 217,216 217,227 218,216 218,227 219,216 219,227 220,216 220,227 221,216 221,227 222,216 222,227 223,216 223,227 224,216 224,227 225,216 225,227 226,216 226,227 227,216 227,227 216,217 227,217 216,218 227,218 216,219 227,219 216,220 227,220 216,221 227,221 216,222 227,222 216,223 227,223 216,224 227,224 216,225 227,225 216,226 227,226
232,216 232,227 233,216 233,227 234,216 234,227 235,216 235,227 236,216 236,227 237,216 237,227 238,216 238,227 239,216 239,227 240,216 240,227 241,216 241,227 242,216 242,227 243,216 243,227 232,217 243,217 232,218 243,218 232,219 243,219 232,220 243,220 232,221 243,221 232,222 243,222 232,223 243,223 232,224 243,224 232,225 243,225 232,226 243,226
8,232 8,243 9,232 9,243 10,232 10,243 11,232 11,243 12,232 12,243 13,232 13,243 14,232 14,243 15,232 15,243 16,232 16,243 17,232 17,243 18,232 18,243 19,232 19,243 8,233 19,233 8,234 19,234 8,235 19,235 8,236 19,236 8,237 19,237 8,238 19,238 8,239 19,239 8,240 19,240 8,241 19,241 8,242 19,242
24,232 24,243 25,232 25,243 26,232 26,243 27,232 27,243 28,232 28,243 29,232 29,243 30,232 30,243 31,232 31,243 32,232 32,243 33,232 33,243 34,232 34,243 35,232 35,243 24,233 35,233 24,234 35,234 24,235 35,235 24,236 35,236 24,237 35,237 24,238 35,238 24,239 35,239 24,240 35,240 24,241 35,241 24,242 35,242
40,232 40,243 41,232 41,243 42,232 42,243 43,232 43,243 44,232 44,243 45,232 45,243 46,232 46,243 47,232 47,243 48,232 48,243 49,232 49,243 50,232 50,243 51,232 51,243 40,233 51,233 40,234 51,234 40,235 51,235 40,236 51,236 40,237 51,237 40,238 51,238 40,239 51,239 40,240 51,240 40,241 51,241 40,242 51,242
56,232 56,243 57,232 57,243 58,232 58,243 59,232 59,243 60,232 60,243 61,232 61,243 62,232 62,243 63,232 63,243 64,232 64,243 65,232 65,243 66,232 66,243 67,232 67,243 56,233 67,233 56,234 67,234 56,235 67,235 56,236 67,236 56,237 67,237 56,238 67,238 56,239 67,239 56,240 67,240 56,241 67,241 56,242 67,242
72,232 72,243 73,232 73,243 74,232 74,243 75,232 75,243 76,232 76,243 77,232 77,243 78,232 78,243 79,232 79,243 80,232 80,243 81,232 81,243 82,232 82,243 83,232 83,243 72,233 83,233 72,234 83,234 72,235 83,235 72,236 83,236 72,237 83,237 72,238 83,238 72,239 83,239 72,240 83,240 72,241 83,241 72,242 83,242
88,232 88,243 89,232 89,243 90,232 90,243 91,232 91,243 92,232 92,243 93,232 93,243 94,232 94,243 95,232 95,243 96,232 96,243 97,232 97,243 98,232 98,243 99,232 99,243 88,233 99,233 88,234 99,234 88,235 99,235 88,236 99,236 88,237 99,237 88,238 99,238 88,239 99,239 88,240 99,240 88,241 99,241 88,242 99,242
104,232 104,243 105,232 105,243 106,232 106,243 107,232 107,243 108,232 108,243 109,232 109,243 110,232 110,243 111,232 111,243 112,232 112,243 113,232 113,243 114,232 114,243 115,232 115,243 104,233 115,233 104,234 115,234 104,235 115,235 104,236 115,236 104,237 115,237 104,238 115,238 104,239 115,239 104,240 115,240 104,241 115,241 104,242 115,242
120,232 120,243 121,232 121,243 122,232 122,243 123,232 123,243 124,232 124,243 125,232 125,243 126,232 126,243 127,232 127,243 128,232 128,243 129,232 129,243 130,232 130,243 131,232 131,243 120,233 131,233 120,234 131,234 120,235 131,235 120,236 131,236 120,237 131,237 120,238 131,238 120,239 131,239 120,240 131,240 120,241 131,241 120,242 131,242
136,232 136,243 137,232 137,243 138,232 138,243 139,232 139,243 140,232 140,243 141,232 141,243 142,232 142,243 143,232 143,243 144,232 144,243 145,232 145,243 146,232 146,243 147,232 147,243 136,233 147,233 136,234 147,234 136,235 147,235 136,236 147,236 136,237 147,237 136,238 147,238 136,239 147,239 136,240 147,240 136,241 147,241 136,242 147,242
152,232 152,243 153,232 153,243 154,232 154,243 155,232 155,243 156,232 156,243 157,232 157,243 158,232 158,243 159,232 159,243 160,232 160,243 161,232 161,243 162,232 162,243 163,232 163,243 152,233 163,233 152,234 163,234 152,235 163,235 152,236 163,236 152,237 163,237 152,238 163,238 152,239 163,239 152,240 163,240 152,241 163,241 152,242 163,242
168,232 168,243 169,232 169,243 170,232 170,243 171,232 171,243 172,232 172,243 173,232 173,243 174,232 174,243 175,232 175,243 176,232 176,243 177,232 177,243 178,232 178,243 179,232 179,243 168,233 179,233 168,234 179,234 168,235 179,235 168,236 179,236 168,237 179,237 168,238 179,238 168,239 179,239 168,240 179,240 168,241 179,241 168,242 179,242
184,232 184,243 185,232 185,243 186,232 186,243 187,232 187,243 188,232 188,243 189,232 189,243 190,232 190,243 191,232 191,243 192,232 192,243 193,232 193,243 194,232 194,243 195,232 195,243 184,233 195,233 184,234 195,234 184,235 195,235 184,236 195,236 184,237 195,237 184,238 195,238 184,239 195,239 184,240 195,240 184,241 195,241 184,242 195,242
200,232 200,243 201,232 201,243 202,232 202,243 203,232 203,243 204,232 204,243 205,232 205,243 206,232 206,243 207,232 207,243 208,232 208,243 209,232 209,243 210,232 210,243 211,232 211,243 200,233 211,233 200,234 211,234 200,235 211,235 200,236 211,236 200,237 211,237 200,238 211,238 200,239 211,239 200,240 211,240 200,241 211,241 200,242 211,242
216,232 216,243 217,232 217,243 218,232 218,243 219,232 219,243 220,232 220,243 221,232 221,243 222,232 222,243 223,232 223,243 224,232 224,243 225,232 225,243 226,232 226,243 227,232 227,243 216,233 227,233 216,234 227,234 216,235 227,235 216,236 227,236 216,237 227,237 216,238 227,238 216,239 227,239 216,240 227,240 216,241 227,241 216,242 227,242
232,232 232,243 233,232 233,243 234,232 234,243 235,232 235,243 236,232 236,243 237,232 237,243 238,232 238,243 239,232 239,243 240,232 240,243 241,232 241,243 242,232 242,243 243,232 243,243 232,233 243,233 232,234 243,234 232,235 243,235 232,236 243,236 232,237 243,237 232,238 243,238 232,239 243,239 232,240 243,240 232,241 243,241 232,242 243,242
361,170 361,177 362,170 362,177 363,170 363,177 364,170 364,177 365,170 365,177 366,170 366,177 367,170 367,177 368,170 368,177 369,170 369,177 370,170 370,177 371,170 371,177 361,171 371,171 361,172 371,172 361,173 371,173 361,174 371,174 361,175 371,175 361,176 371,176
470,141 470,147 471,141 471,147 472,141 472,147 473,141 473,147 474,141 474,147 475,141 475,147 470,142 475,142 470,143 475,143 470,144 475,144 470,145 475,145 470,146 475,146
409,18 409,28 410,18 410,28 411,18 411,28 412,18 412,28 413,18 413,28 414,18 414,28 415,18 415,28 409,19 415,19 409,20 415,20 409,21 415,21 409,22 415,22 409,23 415,23 409,24 415,24 409,25 415,25 409,26 415,26 409,27 415,27
282,115 282,120 283,115 283,120 284,115 284,120 285,115 285,120 286,115 286,120 287,115 287,120 288,115 288,120 289,115 289,120 290,115 290,120 282,116 290,116 282,117 290,117 282,118 290,118 282,119 290,119
321,27 321,33 322,27 322,33 323,27 323,33 324,27 324,33 325,27 325,33 326,27 326,33 327,27 327,33 328,27 328,33 329,27 329,33 330,27 330,33 331,27 331,33 332,27 332,33 321,28 332,28 321,29 332,29 321,30 332,30 321,31 332,31 321,32 332,32
421,164 421,172 422,164 422,172 423,164 423,172 424,164 424,172 425,164 425,172 426,164 426,172 427,164 427,172 421,165 427,165 421,166 427,166 421,167 427,167 421,168 427,168 421,169 427,169 421,170 427,170 421,171 427,171
272,60 272,71 273,60 273,71 274,60 274,71 275,60 275,71 276,60 276,71 277,60 277,71 272,61 277,61 272,62 277,62 272,63 277,63 272,64 277,64 272,65 277,65 272,66 277,66 272,67 277,67 272,68 277,68 272,69 277,69 272,70 277,70
334,111 334,118 335,111 335,118 336,111 336,118 337,111 337,118 338,111 338,118 339,111 339,118 334,112 339,112 334,113 339,113 334,114 339,114 334,115 339,115 334,116 339,116 334,117 339,117
406,82 406,88 407,82 407,88 408,82 408,88 409,82 409,88 410,82 410,88 411,82 411,88 412,82 412,88 413,82 413,88 406,83 413,83 406,84 413,84 406,85 413,85 406,86 413,86 406,87 413,87
408,150 408,156 409,150 409,156 410,150 410,156 411,150 411,156 412,150 412,156 413,150 413,156 414,150 414,156 415,150 415,156 408,151 415,151 408,152 415,152 408,153 415,153 408,154 415,154 408,155 415,155
284,144 284,154 285,144 285,154 286,144 286,154 287,144 287,154 288,144 288,154 289,144 289,154 290,144 290,154 291,144 291,154 292,144 292,154 284,145 292,145 284,146 292,146 284,147 292,147 284,148 292,148 284,149 292,149 284,150 292,150 284,151 292,151 284,152 292,152 284,153 292,153
418,56 418,61 419,56 419,61 420,56 420,61 421,56 421,61 422,56 422,61 423,56 423,61 424,56 424,61 418,57 424,57 418,58 424,58 418,59 424,59 418,60 424,60
458,84 458,95 459,84 459,95 460,84 460,95 461,84 461,95 462,84 462,95 463,84 463,95 464,84 464,95 465,84 465,95 466,84 466,95 467,84 467,95 468,84 468,95 469,84 469,95 470,84 470,95 458,85 470,85 458,86 470,86 458,87 470,87 458,88 470,88 458,89 470,89 458,90 470,90 458,91 470,91 458,92 470,92 458,93 470,93 458,94 470,94
352,80 352,92 353,80 353,92 354,80 354,92 355,80 355,92 356,80 356,92 357,80 357,92 358,80 358,92 359,80 359,92 360,80 360,92 361,80 361,92 362,80 362,92 363,80 363,92 364,80 364,92 352,81 364,81 352,82 364,82 352,83 364,83 352,84 364,84 352,85 364,85 352,86 364,86 352,87 364,87 352,88 364,88 352,89 364,89 352,90 364,90 352,91 364,91
438,203 438,210 439,203 439,210 440,203 440,210 441,203 441,210 442,203 442,210 443,203 443,210 444,203 444,210 445,203 445,210 446,203 446,210 438,204 446,204 438,205 446,205 438,206 446,206 438,207 446,207 438,208 446,208 438,209 446,209
446,118 446,128 447,118 447,128 448,118 448,128 449,118 449,128 450,118 450,128 451,118 451,128 452,118 452,128 453,118 453,128 454,118 454,128 455,118 455,128 456,118 456,128 457,118 457,128 458,118 458,128 446,119 458,119 446,120 458,120 446,121 458,121 446,122 458,122 446,123 458,123 446,124 458,124 446,125 458,125 446,126 458,126 446,127 458,127
290,135 290,141 291,135 291,141 292,135 292,141 293,135 293,141 294,135 294,141 295,135 295,141 296,135 296,141 297,135 297,141 298,135 298,141 299,135 299,141 290,136 299,136 290,137 299,137 290,138 299,138 290,139 299,139 290,140 299,140
367,14 367,26 368,14 368,26 369,14 369,26 370,14 370,26 371,14 371,26 372,14 372,26 373,14 373,26 374,14 374,26 367,15 374,15 367,16 374,16 367,17 374,17 367,18 374,18 367,19 374,19 367,20 374,20 367,21 374,21 367,22 374,22 367,23 374,23 367,24 374,24 367,25 374,25
347,181 347,191 348,181 348,191 349,181 349,191 350,181 350,191 351,181 351,191 352,181 352,191 353,181 353,191 347,182 353,182 347,183 353,183 347,184 353,184 347,185 353,185 347,186 353,186 347,187 353,187 347,188 353,188 347,189 353,189 347,190 353,190
408,208 408,220 409,208 409,220 410,208 410,220 411,208 411,220 412,208 412,220 413,208 413,220 414,208 414,220 415,208 415,220 416,208 416,220 417,208 417,220 418,208 418,220 408,209 418,209 408,210 418,210 408,211 418,211 408,212 418,212 408,213 418,213 408,214 418,214 408,215 418,215 408,216 418,216 408,217 418,217 408,218 418,218 408,219 418,219
475,27 475,33 476,27 476,33 477,27 477,33 478,27 478,33 479,27 479,33 480,27 480,33 481,27 481,33 482,27 482,33 483,27 483,33 484,27 484,33 485,27 485,33 486,27 486,33 487,27 487,33 475,28 487,28 475,29 487,29 475,30 487,30 475,31 487,31 475,32 487,32
438,174 438,186 439,174 439,186 440,174 440,186 441,174 441,186 442,174 442,186 443,174 443,186 444,174 444,186 445,174 445,186 446,174 446,186 447,174 447,186 438,175 447,175 438,176 447,176 438,177 447,177 438,178 447,178 438,179 447,179 438,180 447,180 438,181 447,181 438,182 447,182 438,183 447,183 438,184 447,184 438,185 447,185
332,187 332,199 333,187 333,199 334,187 334,199 335,187 335,199 336,187 336,199 337,187 337,199 338,187 338,199 339,187 339,199 340,187 340,199 341,187 341,199 332,188 341,188 332,189 341,189 332,190 341,190 332,191 341,191 332,192 341,192 332,193 341,193 332,194 341,194 332,195 341,195 332,196 341,196 332,197 341,197 332,198 341,198
265,122 265,132 266,122 266,132 267,122 267,132 268,122 268,132 269,122 269,132 270,122 270,132 271,122 271,132 272,122 272,132 273,122 273,132 274,122 274,132 275,122 275,132 276,122 276,132 265,123 276,123 265,124 276,124 265,125 276,125 265,126 276,126 265,127 276,127 265,128 276,128 265,129 276,129 265,130 276,130 265,131 276,131
416,33 416,40 417,33 417,40 418,33 418,40 419,33 419,40 420,33 420,40 421,33 421,40 422,33 422,40 423,33 423,40 424,33 424,40 425,33 425,40 426,33 426,40 416,34 426,34 416,35 426,35 416,36 426,36 416,37 426,37 416,38 426,38 416,39 426,39
