# name=grid_with_holes field=200x200 stride=8
25 25
0.00000 0.00000 0.00000 0.00000 0.52806 0.00000 0.00000 0.00000 0.00000 0.00000 0.00000 0.00000 0.45557 0.00000 0.45557 0.00000 0.45557 0.00000 0.45557 0.34694 0.00000 0.00000 0.00000 0.00000 0.00000
0.00000 0.00000 0.43133 0.47865 0.51259 0.53470 0.39172 0.00000 0.00000 0.00000 0.54273 0.44877 0.91118 0.89834 1.00000 0.89834 1.00000 0.89834 0.86652 0.60486 0.00000 0.00000 0.00000 0.00000 0.00000
0.00000 0.38255 0.70006 0.46547 0.47577 0.70414 0.55702 0.41814 0.33333 0.44022 0.88639 0.83722 0.89031 0.97112 0.96239 1.00000 0.96239 0.94882 0.88220 0.84733 0.00000 0.00000 0.00000 0.00000 0.00000
0.00000 0.63344 0.86688 0.83156 0.78480 0.66374 0.83553 0.85843 0.46072 1.00000 1.00000 0.97269 1.00000 0.98090 1.00000 1.00000 1.00000 0.96612 1.00000 1.00000 0.00000 0.00000 0.00000 0.00000 0.00000
0.00000 0.89777 0.83718 0.80587 0.92758 0.85865 0.95310 0.89914 0.92073 0.97824 0.96029 1.00000 0.97085 0.98446 0.97366 1.00000 0.98451 1.00000 0.98193 1.00000 0.88890 0.94963 0.90585 0.55954 0.00000
0.00000 0.63162 0.90905 0.85209 0.96958 0.96757 1.00000 0.97497 0.98353 0.97410 1.00000 1.00000 1.00000 0.99129 1.00000 1.00000 1.00000 0.96311 1.00000 1.00000 0.94130 0.96786 0.86407 0.66880 0.00000
0.50295 0.96302 0.90917 0.94182 0.98309 1.00000 0.97085 0.97320 0.98309 1.00000 0.98684 1.00000 0.98425 1.00000 0.97366 1.00000 0.97018 1.00000 0.98339 0.95353 0.96839 1.00000 0.89766 0.75327 0.00000
0.00000 0.93222 0.98019 0.97731 0.98696 1.00000 0.98446 0.99129 1.00000 0.98067 0.98314 0.99074 1.00000 1.00000 1.00000 1.00000 1.00000 1.00000 0.97601 0.94844 1.00000 1.00000 0.94387 0.96492 0.00000
0.45557 1.00000 0.98026 1.00000 0.97366 1.00000 0.97366 1.00000 0.96712 1.00000 0.98193 1.00000 0.97183 0.98696 0.97366 1.00000 0.98451 1.00000 0.98396 1.00000 0.98495 0.95920 0.97380 0.78566 0.00000
0.00000 0.95852 0.96452 0.95992 1.00000 1.00000 1.00000 0.98151 1.00000 0.96131 1.00000 0.95601 0.98549 1.00000 1.00000 0.98151 1.00000 0.92826 1.00000 1.00000 0.97937 0.98437 1.00000 0.79660 0.00000
0.52806 0.94195 0.88064 1.00000 0.97183 0.98696 0.98816 0.97967 0.93356 0.92928 0.95476 0.94557 0.96859 1.00000 0.96712 1.00000 0.98193 1.00000 0.98181 0.97643 0.98587 1.00000 1.00000 0.79980 0.00000
0.00000 0.59941 0.88413 1.00000 1.00000 1.00000 1.00000 1.00000 1.00000 0.94287 1.00000 1.00000 0.97857 0.96988 1.00000 1.00000 1.00000 0.95601 1.00000 0.98192 1.00000 1.00000 1.00000 0.79497 0.00000
0.00000 0.89777 0.94941 1.00000 0.96700 0.98359 0.98286 0.96631 0.96007 0.96395 0.95305 0.96735 0.94239 0.98314 0.96543 1.00000 0.96257 1.00000 0.98268 0.98550 0.98717 1.00000 1.00000 1.00000 0.00000
0.00000 0.63162 0.90905 1.00000 1.00000 0.94433 1.00000 0.95429 0.96739 1.00000 0.97876 0.95612 1.00000 0.93853 1.00000 1.00000 1.00000 1.00000 0.97529 0.97606 1.00000 1.00000 1.00000 1.00000 0.00000
0.50295 0.96302 0.92835 1.00000 0.98374 1.00000 0.96543 1.00000 0.95923 1.00000 0.98063 0.98560 0.96875 1.00000 0.96810 1.00000 0.97085 1.00000 1.00000 1.00000 0.98815 1.00000 1.00000 1.00000 0.00000
0.00000 1.00000 0.93930 0.93293 1.00000 0.96311 1.00000 1.00000 1.00000 0.96402 0.98426 0.97686 1.00000 1.00000 0.97727 0.98238 0.98359 0.97125 1.00000 1.00000 1.00000 1.00000 1.00000 1.00000 0.00000
0.52806 0.94195 0.88064 1.00000 0.97183 0.98647 0.97183 1.00000 0.96321 1.00000 0.96349 1.00000 0.97183 0.98696 0.97366 1.00000 0.96712 1.00000 0.98315 1.00000 1.00000 0.98208 1.00000 1.00000 0.00000
0.00000 0.59941 0.88413 1.00000 1.00000 1.00000 0.98696 0.96205 0.98196 0.97425 1.00000 1.00000 1.00000 1.00000 1.00000 0.98151 1.00000 1.00000 1.00000 0.96801 1.00000 0.98608 1.00000 1.00000 0.00000
0.00000 0.89777 0.97562 1.00000 0.98684 0.98446 1.00000 1.00000 0.98193 1.00000 0.98179 1.00000 0.98769 0.98446 1.00000 1.00000 0.98193 1.00000 1.00000 1.00000 1.00000 0.98655 1.00000 0.79216 0.00000
0.41352 0.89310 0.91254 1.00000 1.00000 0.99139 1.00000 0.98151 1.00000 1.00000 1.00000 1.00000 1.00000 0.99229 1.00000 0.98151 1.00000 0.96331 1.00000 1.00000 1.00000 0.98327 0.78928 0.80075 0.00000
0.78129 0.96839 0.93286 1.00000 0.98410 1.00000 0.98417 0.97712 0.98376 1.00000 0.98555 0.98142 0.98771 1.00000 0.98610 1.00000 1.00000 0.97865 0.95527 0.92490 0.00000 0.00000 0.00000 0.00000 0.00000
0.55974 0.77395 0.97840 0.97485 1.00000 0.96680 0.95132 0.98062 0.97369 0.98260 0.94800 0.96925 1.00000 0.97535 1.00000 1.00000 0.97369 0.97821 0.73046 0.93557 0.00000 0.00000 0.00000 0.00000 0.00000
0.59942 0.78810 0.94667 0.92967 0.92587 0.91371 0.91401 0.92967 0.93210 0.95238 0.97563 1.00000 1.00000 0.98231 0.96165 0.93795 0.92587 0.93835 0.96521 1.00000 0.00000 0.00000 0.00000 0.00000 0.00000
0.62600 0.62600 0.78567 0.95316 0.94997 0.96107 0.78567 0.95316 0.94997 0.96924 1.00000 1.00000 1.00000 1.00000 0.97293 0.95951 0.94997 0.96107 0.62600 0.78931 0.00000 0.00000 0.00000 0.00000 0.00000
0.00000 0.00000 0.00000 0.00000 0.00000 0.00000 0.00000 0.00000 0.00000 0.00000 0.00000 0.00000 0.00000 0.00000 0.00000 0.00000 0.00000 0.00000 0.00000 0.00000 0.00000 0.00000 0.00000 0.00000 0.00000
