# name=grid_streets_w2 field=200x200 stride=8
25 25
0.56888 0.56195 0.97172 1.00000 0.90340 0.98536 0.90902 0.88814 0.91232 0.92850 0.97208 0.96145 0.98964 0.93583 0.98353 0.96141 0.89537 0.96686 0.90340 1.00000 0.95298 0.92549 0.96523 0.91835 0.77398
0.56195 1.00000 1.00000 0.98997 1.00000 0.96585 1.00000 0.98394 0.96377 1.00000 0.97252 1.00000 0.97565 1.00000 0.98690 1.00000 1.00000 0.96247 1.00000 0.97935 1.00000 1.00000 0.96969 1.00000 0.77930
0.97172 1.00000 1.00000 0.99288 1.00000 0.98485 1.00000 1.00000 1.00000 1.00000 0.99463 1.00000 0.98916 1.00000 1.00000 1.00000 1.00000 0.99338 1.00000 0.99170 1.00000 1.00000 1.00000 1.00000 1.00000
1.00000 0.98997 0.99288 0.98697 1.00000 0.98733 1.00000 0.98783 0.98804 0.98949 0.99485 1.00000 1.00000 1.00000 0.98997 0.98916 0.98829 0.98769 1.00000 1.00000 1.00000 0.99494 1.00000 1.00000 1.00000
0.90651 1.00000 1.00000 1.00000 1.00000 1.00000 1.00000 1.00000 1.00000 1.00000 1.00000 1.00000 1.00000 1.00000 1.00000 1.00000 1.00000 1.00000 1.00000 1.00000 1.00000 1.00000 1.00000 1.00000 1.00000
0.98536 0.96585 0.99245 0.98733 1.00000 1.00000 1.00000 1.00000 1.00000 1.00000 0.99053 1.00000 1.00000 1.00000 1.00000 1.00000 1.00000 0.99423 1.00000 1.00000 1.00000 0.99462 1.00000 1.00000 1.00000
0.90902 1.00000 1.00000 1.00000 1.00000 1.00000 1.00000 1.00000 1.00000 1.00000 1.00000 1.00000 1.00000 1.00000 1.00000 1.00000 1.00000 1.00000 1.00000 1.00000 1.00000 1.00000 1.00000 1.00000 1.00000
0.91312 0.98394 1.00000 0.98783 1.00000 1.00000 1.00000 1.00000 1.00000 1.00000 1.00000 1.00000 1.00000 1.00000 1.00000 1.00000 1.00000 1.00000 1.00000 1.00000 1.00000 1.00000 1.00000 1.00000 1.00000
0.91232 0.96377 1.00000 0.98804 1.00000 1.00000 1.00000 1.00000 1.00000 1.00000 0.99546 1.00000 1.00000 1.00000 1.00000 1.00000 1.00000 1.00000 1.00000 1.00000 1.00000 1.00000 1.00000 1.00000 1.00000
0.92850 1.00000 1.00000 0.98949 1.00000 1.00000 1.00000 1.00000 1.00000 1.00000 0.99599 1.00000 1.00000 1.00000 1.00000 1.00000 1.00000 1.00000 1.00000 1.00000 1.00000 1.00000 1.00000 1.00000 1.00000
0.97208 0.97252 0.99463 0.99485 1.00000 0.99053 1.00000 1.00000 0.99546 0.99599 0.98835 1.00000 0.99671 1.00000 1.00000 1.00000 1.00000 1.00000 1.00000 0.99539 1.00000 1.00000 1.00000 1.00000 1.00000
0.96145 1.00000 1.00000 1.00000 1.00000 1.00000 1.00000 1.00000 1.00000 1.00000 1.00000 1.00000 1.00000 1.00000 1.00000 1.00000 1.00000 1.00000 1.00000 1.00000 1.00000 1.00000 1.00000 1.00000 1.00000
0.98964 0.97565 0.98916 1.00000 1.00000 1.00000 1.00000 1.00000 1.00000 1.00000 0.99671 1.00000 1.00000 1.00000 1.00000 1.00000 1.00000 1.00000 1.00000 1.00000 1.00000 1.00000 1.00000 1.00000 1.00000
0.93583 1.00000 1.00000 1.00000 1.00000 1.00000 1.00000 1.00000 1.00000 1.00000 1.00000 1.00000 1.00000 1.00000 1.00000 1.00000 1.00000 1.00000 1.00000 1.00000 1.00000 1.00000 1.00000 1.00000 1.00000
0.98353 0.98690 1.00000 0.98997 1.00000 1.00000 1.00000 1.00000 1.00000 1.00000 1.00000 1.00000 1.00000 1.00000 1.00000 1.00000 1.00000 1.00000 1.00000 1.00000 1.00000 1.00000 1.00000 1.00000 1.00000
0.96141 1.00000 1.00000 0.98916 1.00000 1.00000 1.00000 1.00000 1.00000 1.00000 1.00000 1.00000 1.00000 1.00000 1.00000 1.00000 1.00000 1.00000 1.00000 1.00000 1.00000 1.00000 1.00000 1.00000 1.00000
0.91096 1.00000 1.00000 0.98829 1.00000 1.00000 1.00000 1.00000 1.00000 1.00000 1.00000 1.00000 1.00000 1.00000 1.00000 1.00000 1.00000 1.00000 1.00000 1.00000 1.00000 1.00000 1.00000 1.00000 1.00000
0.98357 0.96689 0.99338 0.98769 1.00000 0.99423 1.00000 1.00000 1.00000 1.00000 1.00000 1.00000 1.00000 1.00000 1.00000 1.00000 1.00000 1.00000 1.00000 0.99440 1.00000 0.99529 1.00000 1.00000 1.00000
0.90651 1.00000 1.00000 1.00000 1.00000 1.00000 1.00000 1.00000 1.00000 1.00000 1.00000 1.00000 1.00000 1.00000 1.00000 1.00000 1.00000 1.00000 1.00000 1.00000 1.00000 1.00000 1.00000 1.00000 1.00000
1.00000 0.98973 0.99290 1.00000 1.00000 1.00000 1.00000 1.00000 1.00000 1.00000 0.99539 1.00000 1.00000 1.00000 1.00000 1.00000 1.00000 0.99440 1.00000 1.00000 1.00000 0.99493 1.00000 1.00000 1.00000
0.95298 1.00000 1.00000 1.00000 1.00000 1.00000 1.00000 1.00000 1.00000 1.00000 1.00000 1.00000 1.00000 1.00000 1.00000 1.00000 1.00000 1.00000 1.00000 1.00000 1.00000 1.00000 1.00000 1.00000 1.00000
0.92549 1.00000 1.00000 0.99494 1.00000 0.99462 1.00000 1.00000 1.00000 1.00000 1.00000 1.00000 1.00000 1.00000 1.00000 1.00000 1.00000 1.00000 1.00000 1.00000 1.00000 1.00000 1.00000 1.00000 1.00000
0.96523 0.96969 1.00000 1.00000 1.00000 1.00000 1.00000 1.00000 1.00000 1.00000 1.00000 1.00000 1.00000 1.00000 1.00000 1.00000 1.00000 1.00000 1.00000 1.00000 1.00000 1.00000 1.00000 1.00000 1.00000
0.91835 1.00000 1.00000 1.00000 1.00000 1.00000 1.00000 1.00000 1.00000 1.00000 1.00000 1.00000 1.00000 1.00000 1.00000 1.00000 1.00000 1.00000 1.00000 1.00000 1.00000 1.00000 1.00000 1.00000 1.00000
0.77398 0.77930 1.00000 1.00000 1.00000 1.00000 1.00000 1.00000 1.00000 1.00000 1.00000 1.00000 1.00000 1.00000 1.00000 1.00000 1.00000 1.00000 1.00000 1.00000 1.00000 1.00000 1.00000 1.00000 1.00000
