# name=mixed_regions field=200x200 stride=8
25 25
0.00000 0.00000 0.50295 0.00000 0.45557 0.00000 0.45557 0.00000 0.45557 0.00000 0.52806 0.00000 0.00000 0.00000 0.00000 0.00000 0.00000 0.00000 0.00000 0.00000 0.00000 0.00000 0.00000 0.00000 0.00000
0.00000 0.52211 1.00000 0.93222 1.00000 0.89834 1.00000 0.89834 1.00000 0.95852 1.00000 0.53470 0.00000 0.00000 0.00000 0.00000 0.00000 0.00000 0.00000 0.00000 0.00000 0.00000 0.00000 0.00000 0.00000
0.50295 1.00000 0.95276 1.00000 0.96239 1.00000 0.96239 1.00000 0.98026 1.00000 0.97159 1.00000 0.00000 0.00000 0.00000 0.00000 0.00000 0.00000 0.00000 0.00000 0.00000 0.00000 0.00000 0.00000 0.00000
0.00000 0.93222 1.00000 1.00000 1.00000 1.00000 1.00000 1.00000 1.00000 1.00000 1.00000 0.88362 0.00000 0.00000 0.00000 0.00000 0.00000 0.00000 0.00000 0.00000 0.00000 0.00000 0.00000 0.00000 0.00000
0.45557 1.00000 0.96239 1.00000 0.97366 1.00000 0.97366 1.00000 0.98451 1.00000 0.97764 0.90428 0.00000 0.00000 0.00000 0.00000 0.00000 0.00000 0.00000 0.00000 0.57597 0.64436 0.67836 0.70678 0.72871
0.00000 0.89834 1.00000 1.00000 1.00000 1.00000 1.00000 1.00000 1.00000 1.00000 0.96735 0.89061 0.00000 0.00000 0.00000 0.00000 0.00000 0.00000 0.00000 0.00000 0.59900 0.66951 0.69028 0.71772 0.71285
0.45557 1.00000 0.96239 1.00000 0.97366 1.00000 0.97366 1.00000 0.98451 1.00000 0.97764 0.90428 0.00000 0.00000 0.00000 0.00000 0.00000 0.00000 0.00000 0.00000 0.62984 0.68019 0.71490 0.71295 0.70958
0.00000 0.89834 1.00000 1.00000 1.00000 1.00000 1.00000 1.00000 1.00000 1.00000 0.96735 0.87060 0.00000 0.00000 0.00000 0.00000 0.00000 0.00000 0.00000 0.00000 0.62281 0.69174 0.70227 0.71393 0.70881
0.45557 1.00000 0.96239 1.00000 0.97366 1.00000 0.97366 1.00000 0.98451 1.00000 0.97764 0.78125 0.00000 0.00000 0.00000 0.00000 0.16193 0.42933 0.57938 0.67052 0.00000 0.00000 0.00000 0.00000 0.00000
0.00000 0.89834 1.00000 1.00000 1.00000 1.00000 1.00000 1.00000 1.00000 1.00000 0.96735 0.79895 0.00000 0.00000 0.00000 0.00000 0.43887 0.56714 0.58731 0.67946 0.00000 0.00000 0.00000 0.00000 0.00000
0.45557 1.00000 0.96239 1.00000 0.97366 1.00000 0.97366 1.00000 0.98451 1.00000 0.94425 0.80928 0.00000 0.00000 0.00000 0.00000 0.45125 0.53277 0.59268 0.69319 0.00000 0.00000 0.00000 0.00000 0.00000
0.00000 0.89834 1.00000 1.00000 1.00000 1.00000 1.00000 1.00000 1.00000 1.00000 0.93474 0.80453 0.00000 0.00000 0.00000 0.00000 0.48922 0.59171 0.61438 0.69531 0.00000 0.00000 0.00000 0.00000 0.00000
0.45557 1.00000 0.96239 1.00000 0.97366 1.00000 0.97366 1.00000 0.98451 1.00000 0.97764 0.86872 0.00000 0.00000 0.00000 0.07816 0.25559 0.49281 0.53780 0.53656 0.00000 0.00000 0.00000 0.00000 0.00000
0.00000 0.89834 1.00000 1.00000 1.00000 1.00000 1.00000 1.00000 1.00000 1.00000 0.96735 0.86953 0.27361 0.35215 0.33205 0.48164 0.58349 0.60487 0.62277 0.44307 0.00000 0.00000 0.00000 0.00000 0.00000
0.45557 1.00000 0.96239 1.00000 0.97366 1.00000 0.97366 1.00000 0.98451 1.00000 0.97764 0.87380 0.26986 0.58549 0.64323 0.67198 0.62170 0.69216 0.68342 0.59033 0.00000 0.00000 0.00000 0.00000 0.00000
0.00000 0.89834 1.00000 1.00000 1.00000 1.00000 1.00000 1.00000 1.00000 1.00000 0.96735 0.85234 0.32997 0.71508 0.74414 0.73214 0.69754 0.68783 0.68479 0.58544 0.00000 0.00000 0.00000 0.00000 0.00000
0.45557 1.00000 0.96239 1.00000 0.97366 1.00000 0.97366 1.00000 0.98451 1.00000 0.97764 0.85565 0.00000 0.00000 0.00000 0.00000 0.00000 0.00000 0.00000 0.00000 0.00000 0.00000 0.00000 0.00000 0.00000
0.00000 0.89834 1.00000 1.00000 1.00000 1.00000 1.00000 1.00000 1.00000 1.00000 0.96735 0.85229 0.00000 0.00000 0.00000 0.00000 0.00000 0.00000 0.00000 0.00000 0.00000 0.00000 0.00000 0.00000 0.00000
0.45557 1.00000 0.98171 1.00000 0.98885 1.00000 0.98885 1.00000 1.00000 1.00000 1.00000 0.82448 0.00000 0.00000 0.00000 0.00000 0.00000 0.00000 0.00000 0.00000 0.00000 0.00000 0.00000 0.00000 0.00000
0.34694 0.96767 1.00000 1.00000 1.00000 1.00000 1.00000 1.00000 1.00000 1.00000 0.97195 0.88665 0.00000 0.00000 0.00000 0.00000 0.00000 0.00000 0.00000 0.00000 0.00000 0.00000 0.00000 0.00000 0.00000
0.72302 1.00000 0.98488 1.00000 0.98815 1.00000 0.98815 1.00000 1.00000 1.00000 1.00000 0.84040 0.00000 0.00000 0.00000 0.00000 0.00000 0.00000 0.00000 0.00000 0.00000 0.00000 0.00000 0.00000 0.00000
0.53881 0.97255 1.00000 1.00000 1.00000 1.00000 1.00000 1.00000 1.00000 1.00000 0.97418 0.87898 0.00000 0.00000 0.00000 0.00000 0.00000 0.00000 0.00000 0.00000 0.00000 0.00000 0.00000 0.00000 0.00000
0.74699 1.00000 1.00000 1.00000 1.00000 1.00000 1.00000 1.00000 1.00000 1.00000 1.00000 0.68669 0.00000 0.00000 0.00000 0.00000 0.00000 0.00000 0.00000 0.00000 0.00000 0.00000 0.00000 0.00000 0.00000
0.62600 0.77956 1.00000 1.00000 1.00000 1.00000 1.00000 1.00000 1.00000 1.00000 0.78170 0.77646 0.00000 0.00000 0.00000 0.00000 0.00000 0.00000 0.00000 0.00000 0.00000 0.00000 0.00000 0.00000 0.00000
0.00000 0.00000 0.00000 0.00000 0.00000 0.00000 0.00000 0.00000 0.00000 0.00000 0.00000 0.00000 0.00000 0.00000 0.00000 0.00000 0.00000 0.00000 0.00000 0.00000 0.00000 0.00000 0.00000 0.00000 0.00000
