# name=organic_walks field=200x200 stride=8
25 25
0.00000 0.00000 0.00000 0.00000 0.00000 0.00000 0.00000 0.00000 0.24229 0.22646 0.21248 0.00000 0.00000 0.00000 0.00000 0.00000 0.00000 0.00000 0.00000 0.00000 0.00000 0.00000 0.00000 0.00000 0.00000
0.00000 0.00000 0.00000 0.00000 0.00000 0.00000 0.00000 0.00000 0.38536 0.37147 0.20105 0.17415 0.00000 0.00000 0.00000 0.00000 0.00000 0.00000 0.00000 0.00000 0.00000 0.00000 0.00000 0.00000 0.00000
0.00000 0.00000 0.00000 0.00000 0.00000 0.00000 0.00000 0.00000 0.37044 0.35492 0.32113 0.15615 0.00000 0.00000 0.00000 0.00000 0.00000 0.00000 0.00000 0.00000 0.00000 0.00000 0.00000 0.00000 0.00000
0.00000 0.00000 0.00000 0.00000 0.00000 0.00000 0.00000 0.00000 0.35259 0.44924 0.43895 0.33085 0.00000 0.00000 0.00000 0.00000 0.00000 0.00000 0.00000 0.00000 0.00000 0.00000 0.00000 0.00000 0.00000
0.00000 0.00000 0.00000 0.00000 0.00000 0.00000 0.00000 0.00000 0.58075 0.60039 0.41251 0.19561 0.00000 0.00000 0.00000 0.00000 0.00000 0.00000 0.00000 0.00000 0.46994 0.66152 0.81451 0.80911 0.80356
0.00000 0.00000 0.00000 0.00000 0.00000 0.00000 0.00000 0.00000 0.60942 0.60746 0.53910 0.10089 0.00000 0.00000 0.00000 0.00000 0.00000 0.00000 0.00000 0.00000 0.47131 0.63456 0.72236 0.75320 0.75291
0.00000 0.00000 0.00000 0.00000 0.00000 0.00000 0.00000 0.00000 0.49143 0.45276 0.37227 0.41140 0.00000 0.00000 0.00000 0.00000 0.00000 0.00000 0.00000 0.00000 0.48660 0.63035 0.70992 0.71410 0.71790
0.00000 0.00000 0.00000 0.00000 0.00000 0.00000 0.00000 0.00000 0.49896 0.38200 0.36493 0.44356 0.00000 0.00000 0.00000 0.00000 0.00000 0.00000 0.00000 0.00000 0.46058 0.58102 0.63972 0.66312 0.66831
0.00000 0.00000 0.00000 0.00000 0.36258 0.51945 0.53356 0.39982 0.00000 0.00000 0.00000 0.00000 0.35423 0.29638 0.30339 0.15147 0.00000 0.00000 0.00000 0.00000 0.00000 0.00000 0.00000 0.00000 0.00000
0.00000 0.00000 0.00000 0.00000 0.31793 0.47703 0.49040 0.52625 0.00000 0.00000 0.00000 0.00000 0.37792 0.36735 0.41372 0.39698 0.00000 0.00000 0.00000 0.00000 0.00000 0.00000 0.00000 0.00000 0.00000
0.00000 0.00000 0.00000 0.00000 0.33719 0.28261 0.46311 0.42168 0.00000 0.00000 0.00000 0.00000 0.50560 0.54774 0.61878 0.63446 0.00000 0.00000 0.00000 0.00000 0.00000 0.00000 0.00000 0.00000 0.00000
0.00000 0.00000 0.00000 0.00000 0.25315 0.28110 0.10688 0.12630 0.00000 0.00000 0.00000 0.00000 0.55362 0.62005 0.64325 0.69688 0.00000 0.00000 0.00000 0.00000 0.00000 0.00000 0.00000 0.00000 0.00000
0.00000 0.00000 0.00000 0.00000 0.24406 0.20666 0.33362 0.35156 0.00000 0.00000 0.00000 0.00000 0.60221 0.61375 0.66382 0.67652 0.53571 0.54875 0.55844 0.55143 0.59142 0.62294 0.64981 0.65977 0.68144
0.00000 0.00000 0.00000 0.00000 0.48781 0.53001 0.57836 0.54567 0.00000 0.00000 0.00000 0.00000 0.50457 0.56100 0.64538 0.64805 0.56147 0.53413 0.54132 0.61660 0.57088 0.67086 0.68351 0.67815 0.70378
0.00000 0.00000 0.00000 0.00000 0.54407 0.57632 0.61690 0.65560 0.00000 0.00000 0.00000 0.00000 0.42102 0.50529 0.54549 0.46794 0.44926 0.41605 0.45749 0.45269 0.55813 0.62700 0.66121 0.69506 0.74068
0.00000 0.00000 0.00000 0.00000 0.62753 0.67579 0.64025 0.67073 0.00000 0.00000 0.00000 0.00000 0.29638 0.32889 0.40653 0.40839 0.24486 0.47894 0.52880 0.56150 0.54166 0.60467 0.68310 0.71042 0.74829
0.00000 0.00000 0.37878 0.40189 0.49117 0.52079 0.52852 0.49410 0.00000 0.00000 0.00000 0.00000 0.06004 0.04933 0.00000 0.00000 0.36308 0.34583 0.56033 0.51892 0.00000 0.00000 0.00000 0.00000 0.00000
0.00000 0.00000 0.42348 0.55411 0.43804 0.47744 0.47245 0.45742 0.00000 0.00000 0.00000 0.00000 0.38876 0.06263 0.00000 0.05795 0.34132 0.35068 0.49638 0.55762 0.00000 0.00000 0.00000 0.00000 0.00000
0.00000 0.00000 0.21183 0.36405 0.26376 0.38713 0.39713 0.55608 0.00000 0.00000 0.00000 0.00000 0.47523 0.19179 0.04351 0.00000 0.34801 0.54058 0.59680 0.58745 0.00000 0.00000 0.00000 0.00000 0.00000
0.00000 0.00000 0.00000 0.35282 0.18570 0.18601 0.59621 0.70277 0.00000 0.00000 0.00000 0.00000 0.45162 0.31268 0.15353 0.24527 0.51710 0.63372 0.62054 0.64614 0.00000 0.00000 0.00000 0.00000 0.00000
0.00000 0.00000 0.00000 0.00000 0.00000 0.00000 0.00000 0.00000 0.67109 0.72416 0.75416 0.72647 0.00000 0.00000 0.00000 0.00000 0.00000 0.00000 0.00000 0.00000 0.00000 0.00000 0.00000 0.00000 0.00000
0.00000 0.00000 0.00000 0.00000 0.00000 0.00000 0.00000 0.00000 0.73614 0.75541 0.76252 0.74526 0.00000 0.00000 0.00000 0.00000 0.00000 0.00000 0.00000 0.00000 0.00000 0.00000 0.00000 0.00000 0.00000
0.00000 0.00000 0.00000 0.00000 0.00000 0.00000 0.00000 0.00000 0.79217 0.78274 0.77499 0.75621 0.00000 0.00000 0.00000 0.00000 0.00000 0.00000 0.00000 0.00000 0.00000 0.00000 0.00000 0.00000 0.00000
0.00000 0.00000 0.00000 0.00000 0.00000 0.00000 0.00000 0.00000 0.79471 0.78488 0.77603 0.77011 0.00000 0.00000 0.00000 0.00000 0.00000 0.00000 0.00000 0.00000 0.00000 0.00000 0.00000 0.00000 0.00000
0.00000 0.00000 0.00000 0.00000 0.00000 0.00000 0.00000 0.00000 0.65206 0.64399 0.63566 0.50868 0.00000 0.00000 0.00000 0.00000 0.00000 0.00000 0.00000 0.00000 0.00000 0.00000 0.00000 0.00000 0.00000
