# name=rect_rotated_scattered field=200x200 stride=8
25 25
0.00000 0.00000 0.00000 0.00000 0.00000 0.00000 0.00000 0.00000 0.00000 0.00000 0.00000 0.00000 0.00000 0.00000 0.00000 0.00000 0.00000 0.00000 0.00000 0.00000 0.00000 0.00000 0.00000 0.00000 0.00000
0.00000 0.00000 0.00000 0.00000 0.00000 0.00000 0.00000 0.00000 0.00000 0.00000 0.00000 0.00000 0.00000 0.00000 0.00000 0.00000 0.00000 0.00000 0.00000 0.00000 0.00000 0.00000 0.00000 0.00000 0.00000
0.00000 0.00000 0.00000 0.00000 0.00000 0.00000 0.00000 0.00000 0.00000 0.00000 0.00000 0.00000 0.00000 0.00000 0.00000 0.00000 0.00000 0.00000 0.00000 0.00000 0.00000 0.00000 0.00000 0.00000 0.00000
0.00000 0.00000 0.00000 0.00000 0.00000 0.00000 0.00000 0.00000 0.00000 0.00000 0.00000 0.00000 0.00000 0.00000 0.00000 0.00000 0.00000 0.00000 0.00000 0.00000 0.00000 0.00000 0.00000 0.00000 0.00000
0.00000 0.00000 0.00000 0.00000 0.00000 0.49281 0.64587 0.74064 0.88307 0.93042 0.93972 0.73108 0.69310 0.28767 0.00000 0.00000 0.00000 0.20844 0.00000 0.00000 0.30580 0.35175 0.41323 0.48159 0.00000
0.00000 0.00000 0.00000 0.00000 0.00000 0.52261 0.65396 0.72978 0.86120 0.87831 0.84730 0.79130 0.55678 0.42802 0.32489 0.00000 0.00000 0.00000 0.00000 0.31144 0.49725 0.54683 0.60289 0.64777 0.00000
0.00000 0.00000 0.00000 0.00000 0.28231 0.33736 0.64599 0.65385 0.77324 0.70978 0.72221 0.63326 0.27576 0.50598 0.38658 0.13878 0.00000 0.00000 0.31712 0.57869 0.58249 0.62337 0.66133 0.70025 0.00000
0.00000 0.00000 0.00000 0.00000 0.44772 0.46465 0.22245 0.34140 0.62217 0.59904 0.53573 0.27677 0.32102 0.30907 0.24032 0.15449 0.00000 0.00000 0.62317 0.69376 0.62917 0.66958 0.69185 0.74163 0.00000
0.00000 0.00000 0.00000 0.00000 0.00000 0.00000 0.00000 0.00000 0.12318 0.31743 0.69416 0.70595 0.65513 0.69550 0.75060 0.47838 0.00000 0.00000 0.51432 0.65623 0.00000 0.00000 0.00000 0.00000 0.00000
0.00000 0.00000 0.00000 0.00000 0.00000 0.00000 0.00000 0.00000 0.47052 0.62699 0.72144 0.75066 0.71346 0.80066 0.78990 0.72386 0.00000 0.00000 0.44988 0.63533 0.00000 0.00000 0.00000 0.00000 0.00000
0.00000 0.00000 0.00000 0.00000 0.00000 0.00000 0.00000 0.00000 0.56771 0.65408 0.67085 0.72227 0.76941 0.84871 0.78062 0.70063 0.00000 0.00000 0.55505 0.71254 0.00000 0.00000 0.00000 0.00000 0.00000
0.00000 0.00000 0.00000 0.00000 0.00000 0.00000 0.00000 0.00000 0.39925 0.64916 0.67610 0.54037 0.79189 0.76819 0.81641 0.68715 0.33572 0.54970 0.56303 0.60854 0.00000 0.00000 0.00000 0.00000 0.00000
0.00000 0.00000 0.21151 0.25366 0.00000 0.00000 0.00000 0.00000 0.38611 0.56072 0.54245 0.62844 0.34483 0.29836 0.47285 0.57884 0.00000 0.00000 0.00000 0.00000 0.69680 0.77132 0.73639 0.75638 0.00000
0.00000 0.00000 0.00000 0.39529 0.00000 0.00000 0.00000 0.00000 0.42774 0.63931 0.57833 0.56650 0.46028 0.38276 0.43061 0.30198 0.00000 0.00000 0.00000 0.00000 0.77190 0.68955 0.73577 0.75758 0.00000
0.00000 0.00000 0.00000 0.12141 0.00000 0.00000 0.00000 0.00000 0.50814 0.50309 0.47666 0.50965 0.39069 0.39086 0.23486 0.34068 0.00000 0.00000 0.00000 0.00000 0.65897 0.78365 0.78530 0.78573 0.00000
0.00000 0.00000 0.00000 0.10751 0.00000 0.00000 0.00000 0.00000 0.47358 0.32001 0.40777 0.38950 0.09895 0.37865 0.26776 0.37105 0.00000 0.00000 0.00000 0.00000 0.61400 0.73425 0.77545 0.80384 0.00000
0.00000 0.00000 0.00000 0.00000 0.00000 0.00000 0.00000 0.00000 0.53997 0.60957 0.43452 0.41317 0.00000 0.00000 0.00000 0.00000 0.00000 0.00000 0.00000 0.00000 0.52233 0.67116 0.77271 0.83107 0.68104
0.00000 0.00000 0.00000 0.00000 0.00000 0.00000 0.00000 0.00000 0.69052 0.63842 0.70412 0.46424 0.00000 0.00000 0.00000 0.00000 0.00000 0.00000 0.00000 0.00000 0.37461 0.53009 0.62528 0.69795 0.69585
0.00000 0.00000 0.00000 0.00000 0.00000 0.00000 0.00000 0.00000 0.78149 0.76640 0.70339 0.61736 0.00000 0.00000 0.00000 0.00000 0.00000 0.00000 0.00000 0.00000 0.48725 0.66660 0.77254 0.71002 0.70846
0.00000 0.00000 0.00000 0.00000 0.00000 0.00000 0.00000 0.00000 0.81920 0.80932 0.74157 0.67963 0.00000 0.00000 0.00000 0.00000 0.00000 0.00000 0.00000 0.00000 0.65132 0.70565 0.78811 0.88136 0.59451
0.00000 0.00000 0.00000 0.00000 0.00000 0.00000 0.00000 0.00000 0.00000 0.00000 0.00000 0.00000 0.72042 0.72720 0.65405 0.59250 0.27070 0.31562 0.14272 0.21800 0.00000 0.00000 0.00000 0.00000 0.00000
0.00000 0.00000 0.00000 0.00000 0.00000 0.00000 0.00000 0.00000 0.00000 0.00000 0.00000 0.00000 0.81754 0.81972 0.75549 0.71885 0.30622 0.27565 0.49140 0.24825 0.00000 0.00000 0.00000 0.00000 0.00000
0.00000 0.00000 0.00000 0.00000 0.00000 0.00000 0.00000 0.00000 0.00000 0.00000 0.00000 0.00000 0.89002 0.87486 0.82407 0.78879 0.39995 0.38467 0.54615 0.20195 0.00000 0.00000 0.00000 0.00000 0.00000
0.00000 0.00000 0.00000 0.00000 0.00000 0.00000 0.00000 0.00000 0.00000 0.00000 0.00000 0.00000 0.91456 0.89910 0.87760 0.84974 0.47897 0.44120 0.60648 0.20906 0.00000 0.00000 0.00000 0.00000 0.00000
0.00000 0.57863 0.57863 0.57863 0.84237 0.81239 0.77248 0.73961 0.00000 0.00000 0.00000 0.00000 0.00000 0.00000 0.00000 0.00000 0.00000 0.00000 0.00000 0.00000 0.00000 0.00000 0.00000 0.00000 0.00000
