# name=organic_walks field=200x200 stride=8
25 25
0.00000 0.00000 0.62515 0.62535 0.62554 0.82368 0.81482 0.53762 0.31057 0.28951 0.27105 0.00000 0.00000 0.00000 0.00000 0.00000 0.00000 0.00000 0.00000 0.00000 0.00000 0.64390 0.64390 0.64390 0.64390
0.31201 0.46855 0.78792 0.53907 0.62553 0.83870 0.80161 0.78792 0.49205 0.47384 0.25606 0.22105 0.00000 0.00000 0.00000 0.00000 0.00000 0.00000 0.00000 0.00000 0.49183 0.58219 0.64390 0.64390 0.64390
0.31211 0.69526 0.76172 0.82874 0.84408 0.82735 0.78336 0.78565 0.47227 0.45196 0.40798 0.19781 0.00000 0.00000 0.00000 0.00000 0.00000 0.00000 0.00000 0.00000 0.65461 0.58380 0.64390 0.64390 0.64390
0.31221 0.67103 0.73411 0.77704 0.78627 0.81265 0.75971 0.77233 0.44870 0.61364 0.55721 0.41930 0.00000 0.00000 0.00000 0.00000 0.00000 0.00000 0.00000 0.00000 0.62000 0.89262 0.95890 0.95790 0.95681
0.00000 0.24809 0.29867 0.29546 0.49621 0.51934 0.50113 0.73800 0.80568 0.75396 0.65624 0.24722 0.37527 0.33938 0.30706 0.18386 0.00000 0.00000 0.00000 0.17901 0.67352 0.83000 0.95363 0.95228 0.95089
0.00000 0.43285 0.56635 0.56651 0.47319 0.20888 0.71069 0.77875 0.80666 0.78843 0.74192 0.23958 0.54858 0.58547 0.17207 0.08659 0.00000 0.00000 0.00000 0.00000 0.71501 0.84530 0.91988 0.93830 0.93823
0.00000 0.32157 0.59685 0.61164 0.40962 0.63315 0.71818 0.50955 0.81759 0.80045 0.74305 0.66836 0.38117 0.43957 0.30924 0.11422 0.10215 0.00000 0.00000 0.14312 0.75778 0.87740 0.92748 0.92852 0.92948
0.33926 0.32267 0.33925 0.35380 0.23344 0.65166 0.76509 0.67319 0.83412 0.81195 0.78851 0.68419 0.15566 0.16108 0.17149 0.29241 0.21438 0.21646 0.00000 0.24874 0.81082 0.88490 0.89259 0.91578 0.91708
0.00000 0.00000 0.00000 0.00000 0.48016 0.77604 0.79782 0.82204 0.78356 0.78653 0.82071 0.78254 0.46972 0.48559 0.67990 0.39515 0.46680 0.47379 0.40147 0.54097 0.82455 0.87874 0.89169 0.90027 0.91164
0.00000 0.00000 0.00000 0.00000 0.44733 0.77228 0.80386 0.93414 0.67376 0.72290 0.81827 0.78982 0.47374 0.63450 0.68027 0.59898 0.68490 0.79975 0.61930 0.69291 0.82411 0.84171 0.87833 0.89076 0.87615
0.00000 0.00000 0.00000 0.00000 0.71263 0.71163 0.89307 0.91796 0.71963 0.82644 0.75092 0.53851 0.68994 0.69872 0.76068 0.85002 0.79117 0.78424 0.76855 0.71140 0.80129 0.84299 0.87211 0.88744 0.89666
0.00000 0.00000 0.00000 0.00000 0.61844 0.64727 0.81469 0.82026 0.73314 0.67909 0.54554 0.54642 0.81934 0.81334 0.83840 0.89870 0.80613 0.77710 0.85307 0.83415 0.89993 0.86783 0.89321 0.89392 0.90271
0.00000 0.00000 0.00000 0.00000 0.30796 0.30793 0.57411 0.58584 0.89457 0.89618 0.91459 0.86293 0.79730 0.78629 0.83913 0.91341 0.81042 0.81901 0.82311 0.81539 0.86121 0.87892 0.89528 0.89520 0.92036
0.00000 0.00000 0.00000 0.00000 0.65308 0.69793 0.77299 0.73695 0.88059 0.90793 0.87815 0.77524 0.71504 0.84120 0.86331 0.91308 0.82591 0.84119 0.79709 0.84048 0.82854 0.91565 0.91404 0.93107 0.92594
0.00000 0.00000 0.00000 0.00000 0.73990 0.67923 0.71573 0.75385 0.88609 0.88248 0.84965 0.64084 0.68152 0.78102 0.83320 0.72578 0.76636 0.72796 0.73135 0.68664 0.83870 0.88926 0.93876 0.93728 0.93517
0.00000 0.00000 0.00000 0.00000 0.83286 0.80200 0.73454 0.76245 0.88828 0.61488 0.80963 0.66147 0.42054 0.44033 0.67615 0.69141 0.79539 0.73186 0.73481 0.80374 0.85416 0.90319 0.93974 0.93864 0.93707
0.00000 0.00000 0.45023 0.47546 0.64697 0.64098 0.60365 0.64215 0.85008 0.56449 0.46433 0.48385 0.07896 0.09547 0.19040 0.00000 0.46950 0.46239 0.76721 0.65040 0.75425 0.87082 0.94028 0.92843 0.93890
0.00000 0.00000 0.49859 0.65478 0.56940 0.55641 0.54730 0.63974 0.93059 0.81409 0.81463 0.52450 0.49512 0.08913 0.11320 0.51787 0.48616 0.45556 0.67503 0.76281 0.83622 0.86939 0.89686 0.94038 0.94029
0.00000 0.00000 0.24855 0.43031 0.52073 0.57445 0.46917 0.65257 0.88270 0.76302 0.77038 0.40014 0.60137 0.53869 0.12780 0.16793 0.45635 0.72795 0.81260 0.73065 0.84594 0.86355 0.90752 0.93978 0.93968
0.00000 0.00000 0.00000 0.42155 0.54232 0.54843 0.72249 0.84968 0.77549 0.82446 0.81555 0.77639 0.75239 0.65085 0.45965 0.63294 0.68055 0.82989 0.83159 0.84522 0.88217 0.87939 0.91360 0.94136 0.93917
0.00000 0.00000 0.00000 0.00000 0.00000 0.39382 0.36184 0.64485 0.81993 0.88415 0.92476 0.90094 0.00000 0.00000 0.00000 0.00000 0.81711 0.76847 0.71832 0.75287 0.00000 0.00000 0.00000 0.00000 0.00000
0.00000 0.00000 0.00000 0.00000 0.00000 0.38231 0.47715 0.82583 0.88964 0.91742 0.93253 0.91838 0.00000 0.00000 0.00000 0.00000 0.81576 0.81506 0.77003 0.73887 0.00000 0.00000 0.00000 0.00000 0.00000
0.00000 0.00000 0.00000 0.00000 0.32062 0.49242 0.55369 0.86288 0.94804 0.94569 0.94375 0.92922 0.00000 0.00000 0.00000 0.00000 0.86030 0.84616 0.81607 0.76476 0.00000 0.00000 0.00000 0.00000 0.00000
0.00000 0.00000 0.00000 0.00000 0.38581 0.53790 0.63542 0.95132 0.94868 0.94622 0.94401 0.94253 0.00000 0.00000 0.00000 0.00000 0.89185 0.89237 0.85673 0.63997 0.00000 0.00000 0.00000 0.00000 0.00000
0.00000 0.00000 0.00000 0.00000 0.00000 0.63542 0.63542 0.63542 0.94965 0.94718 0.94463 0.62717 0.00000 0.00000 0.00000 0.00000 0.92972 0.93236 0.93466 0.52994 0.00000 0.00000 0.00000 0.00000 0.00000
