# name=rect_rotated_scattered field=200x200 stride=8
25 25
0.00000 0.00000 0.00000 0.00000 0.00000 0.00000 0.00000 0.00000 0.33078 0.00000 0.00000 0.00000 0.00000 0.00000 0.00000 0.00000 0.00000 0.00000 0.00000 0.00000 0.00000 0.00000 0.00000 0.00000 0.00000
0.00000 0.00000 0.00000 0.00000 0.00000 0.00000 0.38563 0.85412 0.99398 0.99397 0.99397 0.00000 0.00000 0.00000 0.00000 0.00000 0.00000 0.00000 0.00000 0.00000 0.31975 0.31976 0.31976 0.00000 0.00000
0.00000 0.00000 0.00000 0.00000 0.00000 0.27705 0.73205 0.87225 0.94455 0.99407 0.92173 0.74044 0.00000 0.00000 0.00000 0.00000 0.00000 0.00000 0.00000 0.00000 0.31971 0.31971 0.31972 0.31972 0.00000
0.00000 0.00000 0.00000 0.00000 0.00000 0.57103 0.76104 0.87015 0.92404 0.99417 0.94321 0.80149 0.00000 0.00000 0.00000 0.00000 0.00000 0.00000 0.00000 0.00000 0.31967 0.72660 0.75897 0.80101 0.00000
0.00000 0.00000 0.00000 0.00000 0.00000 0.67360 0.75744 0.86250 0.91763 0.95728 0.96480 0.77179 0.78375 0.34650 0.00000 0.00000 0.00000 0.24220 0.00000 0.00000 0.95767 0.95682 0.95564 0.95427 0.95299
0.00000 0.00000 0.00000 0.00000 0.21846 0.69067 0.74571 0.83198 0.90062 0.92132 0.92350 0.86246 0.61129 0.48160 0.40590 0.19057 0.00000 0.00000 0.00000 0.36074 0.91060 0.95359 0.95292 0.89246 0.95206
0.00000 0.00000 0.00000 0.00000 0.57348 0.41452 0.71856 0.84529 0.84073 0.89965 0.84473 0.84161 0.30381 0.54613 0.45669 0.19004 0.00000 0.00000 0.36621 0.67605 0.89896 0.95147 0.95127 0.95107 0.91879
0.00000 0.00000 0.00000 0.00000 0.56679 0.54684 0.72228 0.83241 0.71132 0.80022 0.73602 0.51656 0.34657 0.32727 0.27425 0.20372 0.00000 0.00000 0.70858 0.80533 0.88939 0.95004 0.95015 0.94978 0.95006
0.00000 0.23549 0.32725 0.41813 0.48016 0.45116 0.31471 0.15175 0.15579 0.38595 0.79624 0.77649 0.70540 0.74046 0.80123 0.51739 0.11709 0.14298 0.71521 0.82451 0.00000 0.00000 0.00000 0.00000 0.91525
0.00000 0.30241 0.39118 0.47010 0.53149 0.66183 0.52060 0.36805 0.59750 0.75224 0.82035 0.82171 0.76490 0.85178 0.84133 0.77549 0.09787 0.12457 0.71204 0.80316 0.00000 0.00000 0.00000 0.00000 0.92049
0.00000 0.30511 0.38917 0.46474 0.81240 0.82818 0.55426 0.43467 0.72064 0.78705 0.76035 0.79120 0.87677 0.89961 0.82954 0.75092 0.08030 0.10357 0.71086 0.81373 0.00000 0.00000 0.00000 0.00000 0.92746
0.00000 0.19842 0.27052 0.34691 0.70854 0.74514 0.55671 0.45746 0.50535 0.77814 0.77670 0.59472 0.91237 0.86372 0.89670 0.75768 0.42062 0.60649 0.61671 0.68111 0.00000 0.00000 0.00000 0.00000 0.76918
0.15570 0.15572 0.48754 0.58181 0.69195 0.85481 0.85057 0.58739 0.50917 0.78099 0.75385 0.75730 0.58742 0.53380 0.69318 0.66203 0.48762 0.69419 0.69255 0.64293 0.83002 0.93487 0.90079 0.92489 0.94282
0.24337 0.24934 0.25567 0.70822 0.68721 0.79395 0.48082 0.51538 0.80662 0.77570 0.71321 0.70293 0.70416 0.60666 0.65272 0.55908 0.71274 0.74938 0.70734 0.61298 0.93209 0.84251 0.89798 0.92405 0.94347
0.23004 0.23891 0.24790 0.44251 0.54981 0.29048 0.38038 0.58314 0.72916 0.70275 0.58839 0.66761 0.56558 0.65906 0.47274 0.57080 0.49917 0.65354 0.57152 0.32465 0.80585 0.94591 0.94633 0.94643 0.94648
0.00000 0.21072 0.22354 0.41607 0.00000 0.19265 0.27021 0.63848 0.65478 0.51336 0.49810 0.47921 0.19040 0.54722 0.33430 0.45925 0.56488 0.52211 0.42693 0.31815 0.73324 0.87390 0.91956 0.95096 0.95056
0.00000 0.00000 0.00000 0.00000 0.30340 0.29120 0.55209 0.64653 0.70284 0.77837 0.56719 0.50412 0.49811 0.73963 0.60572 0.64273 0.46264 0.22981 0.00000 0.00000 0.61694 0.78012 0.89274 0.95777 0.95853
0.00000 0.00000 0.00000 0.00000 0.66442 0.60490 0.31788 0.67791 0.77584 0.79174 0.80969 0.56420 0.68103 0.63369 0.52938 0.60430 0.25088 0.20842 0.15114 0.16417 0.43818 0.60783 0.70966 0.78686 0.96306
0.00000 0.00000 0.00000 0.00000 0.64724 0.66368 0.36979 0.69544 0.84703 0.83674 0.78659 0.70246 0.66131 0.61758 0.15670 0.22394 0.08845 0.10864 0.12619 0.44970 0.56335 0.75839 0.86875 0.78988 0.96692
0.00000 0.00000 0.00000 0.00000 0.73008 0.72425 0.74299 0.79644 0.88312 0.87895 0.82223 0.84325 0.82755 0.73751 0.59425 0.21791 0.33812 0.09766 0.32746 0.19890 0.74613 0.79728 0.87938 0.97034 0.64863
0.63252 0.95161 0.89661 0.83669 0.83745 0.87620 0.86351 0.81199 0.59830 0.80639 0.82099 0.82146 0.77490 0.79903 0.74198 0.73226 0.65493 0.42285 0.32014 0.33972 0.74421 0.87172 0.96679 0.96794 0.00000
0.63250 0.95396 0.95539 0.88182 0.92422 0.90449 0.84626 0.85817 0.64909 0.86663 0.88375 0.87126 0.86371 0.88338 0.83380 0.82637 0.57287 0.54147 0.65925 0.40414 0.53756 0.64229 0.96494 0.96567 0.00000
0.95561 0.95720 0.95884 0.96041 0.94108 0.92954 0.89198 0.89299 0.72087 0.92190 0.92513 0.74830 0.93465 0.93401 0.90040 0.88606 0.64842 0.50956 0.70422 0.45482 0.58027 0.64232 0.64232 0.64232 0.00000
0.64466 0.96062 0.96202 0.96321 0.95853 0.95212 0.94212 0.93427 0.61822 0.78134 0.79642 0.77614 0.95905 0.95573 0.95363 0.94708 0.58097 0.55188 0.75578 0.47087 0.58673 0.64234 0.64234 0.64234 0.00000
0.00000 0.64466 0.64466 0.64466 0.96059 0.95310 0.94312 0.93490 0.61822 0.95639 0.97501 0.80797 0.98514 0.98013 0.97278 0.96554 0.58652 0.55632 0.51312 0.32118 0.64237 0.64237 0.64237 0.64237 0.00000
