# name=two_districts field=200x200 stride=8
25 25
0.00000 0.00000 0.50295 0.00000 0.87825 0.87575 0.87825 0.87575 0.45557 0.00000 0.43456 0.00000 0.36260 0.37571 0.71584 0.75543 0.75150 0.81838 0.89651 0.89017 0.91135 0.93522 0.94692 0.94728 0.94749
0.00000 0.52211 1.00000 0.93222 1.00000 0.95167 1.00000 0.95167 1.00000 0.95852 0.87156 0.36218 0.54721 0.50606 0.74009 0.80884 0.85351 0.87517 0.91709 0.90788 0.94450 0.93762 0.94653 0.93345 0.93504
0.50295 1.00000 0.95276 1.00000 0.96239 1.00000 0.96239 1.00000 0.98026 1.00000 0.88749 0.74056 0.46559 0.61676 0.78361 0.82665 0.88083 0.91391 0.92613 0.90677 0.94389 0.93956 0.93907 0.93531 0.92460
0.00000 0.93222 1.00000 1.00000 1.00000 1.00000 1.00000 1.00000 1.00000 1.00000 0.95021 0.83721 0.77141 0.78873 0.84775 0.88005 0.89108 0.91225 0.93419 0.94253 0.94314 0.93047 0.94491 0.94532 0.94551
0.87825 1.00000 0.96239 1.00000 0.98851 1.00000 0.98851 1.00000 0.98451 1.00000 0.93800 0.80847 0.73335 0.83513 0.90862 0.91048 0.92586 0.94198 0.92245 0.94201 0.94231 0.94356 0.94418 0.94470 0.94486
0.87575 0.95167 1.00000 1.00000 1.00000 1.00000 1.00000 1.00000 1.00000 1.00000 0.91652 0.74454 0.67125 0.85320 0.91158 0.91825 0.91259 0.91982 0.92557 0.94218 0.94267 0.93858 0.94407 0.94464 0.94024
0.87825 1.00000 0.96239 1.00000 0.98851 1.00000 0.98851 1.00000 0.98451 1.00000 0.92603 0.76978 0.74479 0.82876 0.94170 0.92722 0.94274 0.94305 0.94278 0.92826 0.94285 0.94368 0.94396 0.93703 0.94515
0.87575 0.95167 1.00000 1.00000 1.00000 1.00000 1.00000 1.00000 1.00000 1.00000 0.92861 0.77827 0.71343 0.86217 0.91175 0.91216 0.92383 0.94427 0.94361 0.94332 0.94322 0.94391 0.94420 0.94431 0.94477
0.87825 1.00000 0.96239 1.00000 0.98851 1.00000 0.98851 1.00000 0.98451 1.00000 0.97764 0.84215 0.62914 0.85172 0.89988 0.92836 0.94531 0.94494 0.94462 0.94414 0.94353 0.93940 0.94361 0.94376 0.93860
0.87575 0.95167 1.00000 1.00000 1.00000 1.00000 1.00000 1.00000 1.00000 1.00000 0.92604 0.74080 0.66142 0.87317 0.91668 0.93325 0.94578 0.94545 0.94513 0.94428 0.94336 0.93788 0.94277 0.94252 0.93679
0.87825 1.00000 0.96239 1.00000 0.98851 1.00000 0.98851 1.00000 0.98451 1.00000 0.92977 0.74345 0.63228 0.81495 0.87572 0.94504 0.94568 0.94567 0.94486 0.94404 0.94294 0.94234 0.93276 0.94136 0.93589
0.87575 0.95167 1.00000 1.00000 1.00000 1.00000 1.00000 1.00000 1.00000 1.00000 0.92636 0.78056 0.45277 0.72992 0.92341 0.94500 0.94539 0.94574 0.94498 0.92914 0.94258 0.94105 0.94098 0.94059 0.94017
0.87825 1.00000 0.96239 1.00000 0.98851 1.00000 0.98851 1.00000 0.98451 1.00000 0.97764 0.85050 0.37457 0.69668 0.90920 0.92209 0.94481 0.94530 0.94487 0.93366 0.94213 0.92862 0.93209 0.92601 0.91075
0.87575 0.95167 1.00000 1.00000 1.00000 1.00000 1.00000 1.00000 1.00000 1.00000 0.93516 0.81249 0.32788 0.79686 0.91126 0.91799 0.93583 0.94538 0.94490 0.93566 0.94357 0.94296 0.92811 0.91714 0.89311
0.87825 1.00000 0.96239 1.00000 0.98851 1.00000 0.98851 1.00000 0.98451 1.00000 0.93544 0.78747 0.38515 0.83784 0.88450 0.92060 0.92934 0.94516 0.93384 0.94523 0.94459 0.94442 0.94410 0.94355 0.94344
0.87575 0.95167 1.00000 1.00000 1.00000 1.00000 1.00000 1.00000 1.00000 1.00000 0.92655 0.78226 0.58352 0.80999 0.94072 0.94264 0.94393 0.94452 0.93830 0.94529 0.94517 0.94513 0.94484 0.94477 0.94517
0.87825 1.00000 0.96239 1.00000 0.98851 1.00000 0.98851 1.00000 0.98451 1.00000 0.97764 0.77412 0.50224 0.64681 0.90262 0.91817 0.93372 0.94380 0.94410 0.94471 0.94485 0.93606 0.94521 0.93731 0.94540
0.87575 0.95167 1.00000 1.00000 1.00000 1.00000 1.00000 1.00000 1.00000 1.00000 0.96735 0.83185 0.47660 0.76781 0.88754 0.89210 0.94261 0.94299 0.94284 0.94385 0.94409 0.94440 0.93688 0.93019 0.92852
0.87825 1.00000 0.98171 1.00000 1.00000 1.00000 1.00000 1.00000 1.00000 1.00000 0.96640 0.81563 0.20578 0.82671 0.92208 0.94312 0.94277 0.94237 0.93507 0.94246 0.94288 0.93545 0.93927 0.93135 0.94308
0.96028 0.98397 1.00000 1.00000 1.00000 1.00000 1.00000 1.00000 1.00000 1.00000 0.93974 0.86000 0.72987 0.86270 0.92216 0.94359 0.94330 0.94274 0.94169 0.94118 0.94193 0.94172 0.94174 0.94148 0.94054
0.72302 1.00000 0.98488 1.00000 0.98815 1.00000 0.98815 1.00000 1.00000 1.00000 0.97353 0.88167 0.78554 0.89316 0.94380 0.94373 0.94305 0.91781 0.94176 0.94144 0.94081 0.94080 0.94059 0.94050 0.94040
0.53881 0.97255 1.00000 1.00000 1.00000 1.00000 1.00000 1.00000 1.00000 1.00000 0.97418 0.96113 0.86848 0.92174 0.92155 0.92658 0.92734 0.93036 0.94364 0.93460 0.94373 0.94297 0.93632 0.93710 0.94115
0.74699 1.00000 1.00000 1.00000 1.00000 1.00000 1.00000 1.00000 1.00000 1.00000 1.00000 0.92637 0.88566 0.94903 0.92808 0.94387 0.94323 0.94434 0.94023 0.94636 0.94596 0.94482 0.94379 0.94288 0.94207
0.62600 0.77956 1.00000 1.00000 1.00000 1.00000 1.00000 1.00000 1.00000 1.00000 0.95614 0.94929 0.95817 0.94823 0.94404 0.94410 0.94357 0.94569 0.92699 0.94167 0.94864 0.94706 0.94545 0.94154 0.93879
0.66667 0.81650 0.81650 0.81650 1.00000 1.00000 1.00000 1.00000 0.81650 0.81650 0.99030 0.97222 0.93557 0.94388 0.94437 0.94456 0.94445 0.94734 0.94366 0.95086 0.95099 0.94880 0.94724 0.94599 0.94482
