# name=grid_streets_w4 field=200x200 stride=8
25 25
0.00000 0.00000 0.00000 0.00000 0.00000 0.00000 0.00000 0.00000 0.00000 0.00000 0.00000 0.00000 0.00000 0.00000 0.00000 0.00000 0.00000 0.00000 0.00000 0.00000 0.00000 0.00000 0.00000 0.00000 0.00000
0.00000 0.00000 0.00000 0.00000 0.00000 0.00000 0.00000 0.00000 0.00000 0.00000 0.00000 0.00000 0.00000 0.00000 0.00000 0.00000 0.00000 0.00000 0.00000 0.00000 0.00000 0.00000 0.00000 0.00000 0.00000
0.00000 0.00000 0.00000 0.00000 0.00000 0.00000 0.00000 0.00000 0.00000 0.00000 0.00000 0.00000 0.00000 0.00000 0.00000 0.00000 0.00000 0.00000 0.00000 0.00000 0.00000 0.00000 0.00000 0.00000 0.00000
0.00000 0.00000 0.00000 0.00000 0.00000 0.00000 0.00000 0.00000 0.00000 0.00000 0.00000 0.00000 0.00000 0.00000 0.00000 0.00000 0.00000 0.00000 0.00000 0.00000 0.00000 0.00000 0.00000 0.00000 0.00000
0.00000 0.00000 0.00000 0.00000 1.00000 0.96441 1.00000 0.96441 1.00000 0.96441 1.00000 0.96441 1.00000 0.96441 1.00000 0.96441 1.00000 0.96441 1.00000 0.97007 1.00000 0.98997 1.00000 0.98954 0.00000
0.00000 0.00000 0.00000 0.00000 0.96441 0.96644 0.96441 0.96644 0.96441 0.96644 0.96441 0.96644 0.96441 0.96644 0.96441 0.96644 0.96441 0.96644 0.98395 0.97180 0.98785 0.98980 1.00000 0.98937 0.00000
0.00000 0.00000 0.00000 0.00000 1.00000 0.96441 1.00000 0.96441 1.00000 0.96441 1.00000 0.96441 1.00000 0.96441 1.00000 0.96441 1.00000 0.96441 1.00000 0.97007 1.00000 0.98997 1.00000 0.98954 0.00000
0.00000 0.00000 0.00000 0.00000 0.96441 0.96644 0.96441 0.96644 0.96441 0.96644 0.96441 0.96644 0.96441 0.96644 0.96441 0.96644 0.96441 0.96644 0.98395 0.97180 0.98785 0.98980 1.00000 0.98937 0.00000
0.00000 0.00000 0.00000 0.00000 1.00000 0.96441 1.00000 0.96441 1.00000 0.96441 1.00000 0.96441 1.00000 0.96441 1.00000 0.96441 1.00000 0.96441 1.00000 0.97007 1.00000 0.98997 1.00000 0.98954 0.00000
0.00000 0.00000 0.00000 0.00000 0.96441 0.96644 0.96441 0.96644 0.96441 0.96644 0.96441 0.96644 0.96441 0.96644 0.96441 0.96644 0.96441 0.96644 0.98395 0.97180 0.98785 0.98980 1.00000 0.98937 0.00000
0.00000 0.00000 0.00000 0.00000 1.00000 0.96441 1.00000 0.96441 1.00000 0.96441 1.00000 0.96441 1.00000 0.96441 1.00000 0.96441 1.00000 0.96441 1.00000 0.97007 1.00000 0.98997 1.00000 0.98954 0.00000
0.00000 0.00000 0.00000 0.00000 0.96441 0.96644 0.96441 0.96644 0.96441 0.96644 0.96441 0.96644 0.96441 0.96644 0.96441 0.96644 0.96441 0.96644 0.98395 0.97180 0.98785 0.98980 1.00000 0.98937 0.00000
0.00000 0.00000 0.00000 0.00000 1.00000 0.96441 1.00000 0.96441 1.00000 0.96441 1.00000 0.96441 1.00000 0.96441 1.00000 0.96441 1.00000 0.96441 1.00000 0.97007 1.00000 0.98997 1.00000 0.98954 0.00000
0.00000 0.00000 0.00000 0.00000 0.96441 0.96644 0.96441 0.96644 0.96441 0.96644 0.96441 0.96644 0.96441 0.96644 0.96441 0.96644 0.96441 0.96644 0.98395 0.97180 0.98785 0.98980 1.00000 0.98937 0.00000
0.00000 0.00000 0.00000 0.00000 1.00000 0.96441 1.00000 0.96441 1.00000 0.96441 1.00000 0.96441 1.00000 0.96441 1.00000 0.96441 1.00000 0.96441 1.00000 0.97007 1.00000 0.98997 1.00000 0.98954 0.00000
0.00000 0.00000 0.00000 0.00000 0.96441 0.96644 0.96441 0.96644 0.96441 0.96644 0.96441 0.96644 0.96441 0.96644 0.96441 0.96644 0.96441 0.96644 0.98395 0.97180 0.98785 0.98980 1.00000 0.98937 0.00000
0.00000 0.00000 0.00000 0.00000 1.00000 0.96441 1.00000 0.96441 1.00000 0.96441 1.00000 0.96441 1.00000 0.96441 1.00000 0.96441 1.00000 0.96441 1.00000 0.97007 1.00000 0.98997 1.00000 0.98954 0.00000
0.00000 0.00000 0.00000 0.00000 0.96441 0.96644 0.96441 0.96644 0.96441 0.96644 0.96441 0.96644 0.96441 0.96644 0.96441 0.96644 0.96441 0.96644 0.98395 0.97180 0.98785 0.98980 1.00000 0.98937 0.00000
0.00000 0.00000 0.00000 0.00000 1.00000 0.98395 1.00000 0.98395 1.00000 0.98395 1.00000 0.98395 1.00000 0.98395 1.00000 0.98395 1.00000 0.98395 1.00000 0.98644 1.00000 0.99041 1.00000 0.99002 0.00000
0.00000 0.00000 0.00000 0.00000 0.97007 0.97180 0.97007 0.97180 0.97007 0.97180 0.97007 0.97180 0.97007 0.97180 0.97007 0.97180 0.97007 0.97180 0.98644 0.97634 0.98978 0.99145 1.00000 0.99108 0.00000
0.00000 0.00000 0.00000 0.00000 1.00000 0.98785 1.00000 0.98785 1.00000 0.98785 1.00000 0.98785 1.00000 0.98785 1.00000 0.98785 1.00000 0.98785 1.00000 0.98978 1.00000 0.99273 1.00000 0.99243 0.00000
0.00000 0.00000 0.00000 0.00000 0.98997 0.98980 0.98997 0.98980 0.98997 0.98980 0.98997 0.98980 0.98997 0.98980 0.98997 0.98980 0.98997 0.98980 0.99041 0.99145 0.99273 1.00000 1.00000 1.00000 0.00000
0.00000 0.00000 0.00000 0.00000 1.00000 1.00000 1.00000 1.00000 1.00000 1.00000 1.00000 1.00000 1.00000 1.00000 1.00000 1.00000 1.00000 1.00000 1.00000 1.00000 1.00000 1.00000 1.00000 1.00000 0.00000
0.00000 0.00000 0.00000 0.00000 0.98954 0.98937 0.98954 0.98937 0.98954 0.98937 0.98954 0.98937 0.98954 0.98937 0.98954 0.98937 0.98954 0.98937 0.99002 0.99108 0.99243 1.00000 1.00000 1.00000 0.00000
0.00000 0.00000 0.00000 0.00000 0.00000 0.00000 0.00000 0.00000 0.00000 0.00000 0.00000 0.00000 0.00000 0.00000 0.00000 0.00000 0.00000 0.00000 0.00000 0.00000 0.00000 0.00000 0.00000 0.00000 0.00000
