# name=grid_sheared field=200x200 stride=8
25 25
0.00000 0.00000 0.00000 0.00000 0.00000 0.00000 0.00000 0.00000 0.00000 0.00000 0.00000 0.00000 0.00000 0.00000 0.00000 0.00000 0.00000 0.00000 0.00000 0.00000 0.00000 0.00000 0.00000 0.00000 0.00000
0.00000 0.00000 0.00000 0.00000 0.00000 0.00000 0.00000 0.00000 0.00000 0.00000 0.00000 0.00000 0.00000 0.00000 0.00000 0.00000 0.00000 0.00000 0.00000 0.00000 0.00000 0.00000 0.00000 0.00000 0.00000
0.00000 0.00000 0.00000 0.00000 0.00000 0.00000 0.00000 0.00000 0.00000 0.00000 0.00000 0.00000 0.00000 0.00000 0.00000 0.00000 0.00000 0.00000 0.00000 0.00000 0.00000 0.00000 0.00000 0.00000 0.00000
0.00000 0.00000 0.00000 0.00000 0.00000 0.00000 0.00000 0.00000 0.00000 0.00000 0.00000 0.00000 0.00000 0.00000 0.00000 0.00000 0.00000 0.00000 0.00000 0.00000 0.00000 0.00000 0.00000 0.00000 0.00000
0.00000 0.00000 0.00000 0.00000 0.95785 0.97731 0.95762 0.97731 0.95762 0.97731 0.95762 0.97731 0.95762 0.97731 0.95762 0.97731 0.95762 0.97731 0.95850 0.97730 0.96236 0.97731 0.97730 0.97730 0.00000
0.00000 0.00000 0.00000 0.00000 0.97748 0.96256 0.95928 0.96257 0.97748 0.96256 0.95928 0.96257 0.97748 0.96256 0.95928 0.96257 0.97748 0.96256 0.96011 0.96448 0.97743 0.96785 0.97727 0.96741 0.00000
0.00000 0.00000 0.00000 0.00000 0.97771 0.94098 0.97777 0.94100 0.97771 0.94098 0.97777 0.94100 0.97771 0.94098 0.97777 0.94100 0.97771 0.94098 0.97774 0.94553 0.97761 0.95363 0.97775 0.96485 0.00000
0.00000 0.00000 0.00000 0.00000 0.96551 0.96333 0.96581 0.96333 0.96551 0.96333 0.96581 0.96333 0.96551 0.96333 0.96581 0.96333 0.96551 0.96333 0.97810 0.96490 0.97787 0.96768 0.97811 0.97838 0.00000
0.73533 0.87486 0.92883 0.93878 0.96497 0.96407 0.97834 0.96407 0.97824 0.96407 0.97834 0.96407 0.97824 0.96407 0.97834 0.96407 0.97824 0.96407 0.97834 0.96507 0.00000 0.00000 0.00000 0.00000 0.97927
0.82317 0.90288 0.94591 0.93229 0.96547 0.96372 0.96574 0.96372 0.96536 0.96372 0.96574 0.96372 0.96536 0.96372 0.96574 0.96372 0.96536 0.96372 0.96574 0.96454 0.00000 0.00000 0.00000 0.00000 0.96810
0.85232 0.91882 0.93575 0.96598 0.94352 0.97807 0.94438 0.97807 0.94370 0.97807 0.94438 0.97807 0.94370 0.97807 0.94438 0.97807 0.94370 0.97807 0.94438 0.97800 0.00000 0.00000 0.00000 0.00000 0.96280
0.94092 0.91270 0.94559 0.95737 0.96196 0.96416 0.96189 0.96417 0.96168 0.96416 0.96189 0.96417 0.96168 0.96416 0.96189 0.96417 0.96168 0.96416 0.96237 0.97763 0.00000 0.00000 0.00000 0.00000 0.97858
0.00000 0.00000 0.00000 0.00000 0.97767 0.97744 0.95979 0.97744 0.97746 0.97744 0.95979 0.97744 0.97746 0.97744 0.95979 0.97744 0.97746 0.97744 0.96057 0.97742 0.97742 0.97738 0.95824 0.97774 0.00000
0.00000 0.00000 0.00000 0.00000 0.97748 0.96256 0.95928 0.96257 0.97748 0.96256 0.95928 0.96257 0.97748 0.96256 0.95928 0.96257 0.97748 0.96256 0.96011 0.96448 0.97743 0.96785 0.96676 0.94860 0.00000
0.00000 0.00000 0.00000 0.00000 0.97771 0.94098 0.97777 0.94100 0.97771 0.94098 0.97777 0.94100 0.97771 0.94098 0.97777 0.94100 0.97771 0.94098 0.97774 0.94553 0.97761 0.95363 0.97775 0.96485 0.00000
0.00000 0.00000 0.00000 0.00000 0.96551 0.96333 0.96581 0.96333 0.96551 0.96333 0.96581 0.96333 0.96551 0.96333 0.96581 0.96333 0.96551 0.96333 0.97810 0.96490 0.97787 0.96768 0.97811 0.97838 0.00000
0.73533 0.87486 0.92883 0.93878 0.96497 0.96407 0.97834 0.96407 0.97824 0.96407 0.97834 0.96407 0.97824 0.96407 0.97834 0.96407 0.97824 0.96407 0.97834 0.96507 0.00000 0.00000 0.00000 0.00000 0.97927
0.82317 0.90288 0.94591 0.93229 0.96547 0.96372 0.96574 0.96372 0.96536 0.96372 0.96574 0.96372 0.96536 0.96372 0.96574 0.96372 0.96536 0.96372 0.96574 0.96454 0.00000 0.00000 0.00000 0.00000 0.96810
0.85232 0.91882 0.93575 0.96598 0.94352 0.97807 0.94438 0.97807 0.94370 0.97807 0.94438 0.97807 0.94370 0.97807 0.94438 0.97807 0.94370 0.97807 0.94438 0.97800 0.00000 0.00000 0.00000 0.00000 0.96280
0.94092 0.93528 0.96374 0.95846 0.97794 0.96490 0.97774 0.96490 0.97769 0.96490 0.97774 0.96490 0.97769 0.96490 0.97774 0.96490 0.97769 0.96490 0.97772 0.97761 0.00000 0.00000 0.00000 0.00000 0.97851
0.00000 0.00000 0.00000 0.00000 0.00000 0.00000 0.00000 0.00000 0.00000 0.00000 0.00000 0.00000 0.00000 0.00000 0.00000 0.00000 0.00000 0.00000 0.00000 0.00000 0.00000 0.00000 0.00000 0.00000 0.00000
0.00000 0.00000 0.00000 0.00000 0.00000 0.00000 0.00000 0.00000 0.00000 0.00000 0.00000 0.00000 0.00000 0.00000 0.00000 0.00000 0.00000 0.00000 0.00000 0.00000 0.00000 0.00000 0.00000 0.00000 0.00000
0.00000 0.00000 0.00000 0.00000 0.00000 0.00000 0.00000 0.00000 0.00000 0.00000 0.00000 0.00000 0.00000 0.00000 0.00000 0.00000 0.00000 0.00000 0.00000 0.00000 0.00000 0.00000 0.00000 0.00000 0.00000
0.00000 0.00000 0.00000 0.00000 0.00000 0.00000 0.00000 0.00000 0.00000 0.00000 0.00000 0.00000 0.00000 0.00000 0.00000 0.00000 0.00000 0.00000 0.00000 0.00000 0.00000 0.00000 0.00000 0.00000 0.00000
0.00000 0.00000 0.00000 0.00000 0.00000 0.00000 0.00000 0.00000 0.00000 0.00000 0.00000 0.00000 0.00000 0.00000 0.00000 0.00000 0.00000 0.00000 0.00000 0.00000 0.00000 0.00000 0.00000 0.00000 0.00000
