# name=grid_rotated_30 field=200x200 stride=8
25 25
0.21087 0.21863 0.66673 0.72034 0.72285 0.72041 0.58947 0.66509 0.73495 0.73972 0.56372 0.62434 0.67744 0.68093 0.75465 0.69015 0.69577 0.66757 0.66484 0.72423 0.76547 0.75276 0.55263 0.54078 0.53450
0.31506 0.37936 0.65271 0.70361 0.75016 0.73468 0.73040 0.75712 0.70319 0.74366 0.70894 0.74016 0.67561 0.67263 0.75632 0.68858 0.70213 0.69818 0.73755 0.79006 0.76424 0.75952 0.70569 0.62111 0.54517
0.32295 0.62461 0.71454 0.72714 0.75921 0.72849 0.77193 0.77277 0.74257 0.72881 0.70874 0.74812 0.75048 0.72274 0.75998 0.75034 0.74704 0.73179 0.75375 0.77152 0.76715 0.73542 0.73983 0.70567 0.63986
0.52607 0.70769 0.74520 0.76111 0.77647 0.76260 0.74979 0.74228 0.74968 0.76376 0.74254 0.74755 0.76613 0.74267 0.76629 0.74807 0.74995 0.75462 0.78237 0.78280 0.77143 0.77895 0.75334 0.71399 0.68368
0.75276 0.75952 0.74603 0.78252 0.76685 0.76525 0.77324 0.77018 0.76616 0.75260 0.74863 0.75135 0.76626 0.75677 0.77371 0.77154 0.77995 0.75587 0.76576 0.78104 0.78068 0.76236 0.76588 0.74176 0.72444
0.76547 0.76424 0.76715 0.77143 0.78068 0.77708 0.77436 0.75594 0.75549 0.76546 0.74540 0.76538 0.76784 0.77154 0.76294 0.76458 0.78046 0.76262 0.78003 0.76727 0.77708 0.76525 0.75391 0.71187 0.71143
0.72423 0.79006 0.77152 0.78280 0.78104 0.76727 0.76536 0.77332 0.77131 0.75731 0.74166 0.76948 0.75466 0.77408 0.76404 0.77884 0.76440 0.76273 0.75244 0.76536 0.77436 0.77324 0.74410 0.76277 0.71725
0.66484 0.73755 0.75375 0.78237 0.76576 0.78003 0.75244 0.76224 0.77463 0.77308 0.77308 0.77360 0.77474 0.77727 0.75062 0.76385 0.75517 0.77872 0.76224 0.77332 0.75594 0.77030 0.74261 0.77321 0.75148
0.66757 0.69818 0.73179 0.75462 0.75587 0.76262 0.76273 0.77872 0.76532 0.75949 0.76501 0.77810 0.76757 0.78072 0.78161 0.78228 0.76976 0.76532 0.77463 0.77131 0.75549 0.76630 0.75003 0.74313 0.70394
0.69577 0.70213 0.74704 0.74995 0.77995 0.78046 0.76440 0.75517 0.76976 0.78109 0.78078 0.78181 0.78345 0.78461 0.76938 0.75832 0.78109 0.75949 0.77308 0.75731 0.76546 0.75272 0.76402 0.72995 0.74540
0.69015 0.68858 0.75034 0.74807 0.77154 0.76458 0.77884 0.76385 0.78228 0.75832 0.78440 0.78579 0.77506 0.77605 0.78680 0.78440 0.78078 0.76501 0.77308 0.74166 0.74540 0.74863 0.74326 0.71036 0.71167
0.75465 0.75632 0.75998 0.76629 0.77371 0.76294 0.76404 0.75062 0.78161 0.76938 0.78680 0.77392 0.79136 0.76649 0.77392 0.78579 0.78181 0.77810 0.77360 0.76948 0.76538 0.75195 0.74892 0.75000 0.74317
0.68093 0.67263 0.72274 0.74267 0.75677 0.77154 0.77408 0.77727 0.78072 0.78461 0.77605 0.76649 0.77624 0.77624 0.79136 0.77506 0.78345 0.76757 0.77474 0.75466 0.76784 0.76700 0.76781 0.75152 0.67710
0.67744 0.67561 0.75048 0.76613 0.76626 0.76784 0.75466 0.77474 0.76757 0.78345 0.77506 0.79136 0.77624 0.77624 0.76649 0.77605 0.78461 0.78072 0.77727 0.77408 0.77154 0.75752 0.74252 0.72230 0.67250
0.55479 0.74016 0.74812 0.74755 0.75135 0.76538 0.76948 0.77360 0.77810 0.78181 0.78579 0.77392 0.76649 0.79136 0.77392 0.78680 0.76938 0.78161 0.75062 0.76404 0.76294 0.76323 0.75394 0.73450 0.71738
0.49661 0.70894 0.70874 0.74254 0.74863 0.74540 0.74166 0.77308 0.76501 0.78078 0.78440 0.78680 0.77605 0.77506 0.78579 0.78440 0.75832 0.78228 0.76385 0.77884 0.76458 0.76300 0.74828 0.74757 0.67901
0.73972 0.74366 0.72881 0.76376 0.75260 0.76546 0.75731 0.77308 0.75949 0.78109 0.75832 0.76938 0.78461 0.78345 0.78181 0.78078 0.78109 0.76976 0.75517 0.76440 0.78046 0.77436 0.75334 0.75173 0.70536
0.73495 0.70319 0.74257 0.74968 0.76616 0.75549 0.77131 0.77463 0.76532 0.76976 0.78228 0.78161 0.78072 0.76757 0.77810 0.76501 0.75949 0.76532 0.77872 0.76273 0.76262 0.75587 0.75789 0.73811 0.70770
0.66509 0.75712 0.77277 0.74228 0.77018 0.75594 0.77332 0.76224 0.77872 0.75517 0.76385 0.75062 0.77727 0.77474 0.77360 0.77308 0.77308 0.77463 0.76224 0.75244 0.78003 0.76576 0.77885 0.75332 0.73887
0.53704 0.73040 0.77193 0.74979 0.77324 0.77436 0.76536 0.75244 0.76273 0.76440 0.77884 0.76404 0.77408 0.75466 0.76948 0.74166 0.75731 0.77131 0.77332 0.76536 0.76727 0.77826 0.77690 0.76144 0.77505
0.72041 0.73468 0.72849 0.76260 0.76525 0.77708 0.76727 0.78003 0.76262 0.78046 0.76458 0.76294 0.77154 0.76784 0.76538 0.74540 0.76546 0.75549 0.75594 0.77436 0.77708 0.77652 0.76272 0.75252 0.74264
0.72301 0.75030 0.75930 0.77647 0.76685 0.77652 0.77826 0.76576 0.75587 0.77436 0.76300 0.76323 0.75752 0.76700 0.75195 0.74863 0.75272 0.76630 0.77030 0.77324 0.76525 0.76236 0.76181 0.72119 0.73816
0.72101 0.70423 0.72756 0.75637 0.76471 0.76272 0.77690 0.77885 0.75789 0.75334 0.74828 0.75394 0.74252 0.76781 0.74892 0.74326 0.76402 0.75003 0.74261 0.74410 0.75391 0.76588 0.74960 0.73186 0.69254
0.66844 0.65419 0.71569 0.73593 0.73100 0.75252 0.76144 0.75332 0.73811 0.75173 0.74757 0.73450 0.72230 0.75152 0.75000 0.71036 0.72995 0.74313 0.77321 0.76277 0.71187 0.74187 0.71442 0.70681 0.61687
0.21996 0.46095 0.61900 0.69375 0.73816 0.74264 0.77505 0.73887 0.70770 0.70536 0.67901 0.71738 0.67250 0.67710 0.74317 0.71167 0.74540 0.70394 0.75148 0.71725 0.71143 0.72461 0.68432 0.64134 0.38119
