# name=grid_streets_w2 field=200x200 stride=8
25 25
0.35834 0.34233 0.94260 1.00000 0.87097 0.97050 0.87016 0.86290 0.86611 0.86854 0.96686 0.87097 0.97050 0.87016 0.86290 0.86611 0.86854 0.96686 0.87097 0.97050 0.87016 0.89818 0.94746 0.34467 0.35994
0.34233 1.00000 1.00000 0.97984 1.00000 0.95320 1.00000 0.96760 0.96377 1.00000 0.95262 1.00000 0.95320 1.00000 0.96760 0.96377 1.00000 0.95262 1.00000 0.95320 1.00000 1.00000 0.95403 1.00000 0.34341
0.94260 1.00000 1.00000 0.98570 1.00000 0.98485 1.00000 1.00000 1.00000 1.00000 0.98673 1.00000 0.98485 1.00000 1.00000 1.00000 1.00000 0.98673 1.00000 0.98485 1.00000 1.00000 1.00000 1.00000 0.94183
1.00000 0.97984 0.98570 0.97395 1.00000 0.95685 1.00000 0.98783 0.98804 0.98829 0.97553 1.00000 0.95685 1.00000 0.98783 0.98804 0.98829 0.97553 1.00000 0.95685 1.00000 0.98659 0.98511 0.97943 0.88889
0.87097 1.00000 1.00000 1.00000 1.00000 1.00000 1.00000 1.00000 1.00000 1.00000 1.00000 1.00000 1.00000 1.00000 1.00000 1.00000 1.00000 1.00000 1.00000 1.00000 1.00000 1.00000 1.00000 1.00000 0.86943
0.97050 0.95320 0.98485 0.95685 1.00000 0.94118 1.00000 0.98693 0.98717 0.98744 0.95934 1.00000 0.94118 1.00000 0.98693 0.98717 0.98744 0.95934 1.00000 0.94118 1.00000 0.98569 0.98424 0.95228 0.88047
0.87016 1.00000 1.00000 1.00000 1.00000 1.00000 1.00000 1.00000 1.00000 1.00000 1.00000 1.00000 1.00000 1.00000 1.00000 1.00000 1.00000 1.00000 1.00000 1.00000 1.00000 1.00000 1.00000 1.00000 0.86861
0.86290 0.96760 1.00000 0.98783 1.00000 0.98693 1.00000 1.00000 1.00000 1.00000 0.98854 1.00000 0.98693 1.00000 1.00000 1.00000 1.00000 0.98854 1.00000 0.98693 1.00000 1.00000 1.00000 0.96695 0.86128
0.86611 0.96377 1.00000 0.98804 1.00000 0.98717 1.00000 1.00000 1.00000 1.00000 0.98875 1.00000 0.98717 1.00000 1.00000 1.00000 1.00000 0.98875 1.00000 0.98717 1.00000 1.00000 1.00000 0.96305 0.86452
0.86854 1.00000 1.00000 0.98829 1.00000 0.98744 1.00000 1.00000 1.00000 1.00000 0.98899 1.00000 0.98744 1.00000 1.00000 1.00000 1.00000 0.98899 1.00000 0.98744 1.00000 1.00000 1.00000 1.00000 0.86697
0.96686 0.95262 0.98673 0.97553 1.00000 0.95934 1.00000 0.98854 0.98875 0.98899 0.97694 1.00000 0.95934 1.00000 0.98854 0.98875 0.98899 0.97694 1.00000 0.95934 1.00000 0.98745 0.98619 0.95169 0.85725
0.87097 1.00000 1.00000 1.00000 1.00000 1.00000 1.00000 1.00000 1.00000 1.00000 1.00000 1.00000 1.00000 1.00000 1.00000 1.00000 1.00000 1.00000 1.00000 1.00000 1.00000 1.00000 1.00000 1.00000 0.86943
0.97050 0.95320 0.98485 0.95685 1.00000 0.94118 1.00000 0.98693 0.98717 0.98744 0.95934 1.00000 0.94118 1.00000 0.98693 0.98717 0.98744 0.95934 1.00000 0.94118 1.00000 0.98569 0.98424 0.95228 0.88047
0.87016 1.00000 1.00000 1.00000 1.00000 1.00000 1.00000 1.00000 1.00000 1.00000 1.00000 1.00000 1.00000 1.00000 1.00000 1.00000 1.00000 1.00000 1.00000 1.00000 1.00000 1.00000 1.00000 1.00000 0.86861
0.86290 0.96760 1.00000 0.98783 1.00000 0.98693 1.00000 1.00000 1.00000 1.00000 0.98854 1.00000 0.98693 1.00000 1.00000 1.00000 1.00000 0.98854 1.00000 0.98693 1.00000 1.00000 1.00000 0.96695 0.86128
0.86611 0.96377 1.00000 0.98804 1.00000 0.98717 1.00000 1.00000 1.00000 1.00000 0.98875 1.00000 0.98717 1.00000 1.00000 1.00000 1.00000 0.98875 1.00000 0.98717 1.00000 1.00000 1.00000 0.96305 0.86452
0.86854 1.00000 1.00000 0.98829 1.00000 0.98744 1.00000 1.00000 1.00000 1.00000 0.98899 1.00000 0.98744 1.00000 1.00000 1.00000 1.00000 0.98899 1.00000 0.98744 1.00000 1.00000 1.00000 1.00000 0.86697
0.96686 0.95262 0.98673 0.97553 1.00000 0.95934 1.00000 0.98854 0.98875 0.98899 0.97694 1.00000 0.95934 1.00000 0.98854 0.98875 0.98899 0.97694 1.00000 0.95934 1.00000 0.98745 0.98619 0.95169 0.85725
0.87097 1.00000 1.00000 1.00000 1.00000 1.00000 1.00000 1.00000 1.00000 1.00000 1.00000 1.00000 1.00000 1.00000 1.00000 1.00000 1.00000 1.00000 1.00000 1.00000 1.00000 1.00000 1.00000 1.00000 0.86943
0.97050 0.95320 0.98485 0.95685 1.00000 0.94118 1.00000 0.98693 0.98717 0.98744 0.95934 1.00000 0.94118 1.00000 0.98693 0.98717 0.98744 0.95934 1.00000 0.94118 1.00000 0.98569 0.98424 0.95228 0.88047
0.87016 1.00000 1.00000 1.00000 1.00000 1.00000 1.00000 1.00000 1.00000 1.00000 1.00000 1.00000 1.00000 1.00000 1.00000 1.00000 1.00000 1.00000 1.00000 1.00000 1.00000 1.00000 1.00000 1.00000 0.86861
0.89818 1.00000 1.00000 0.98659 1.00000 0.98569 1.00000 1.00000 1.00000 1.00000 0.98745 1.00000 0.98569 1.00000 1.00000 1.00000 1.00000 0.98745 1.00000 0.98569 1.00000 1.00000 1.00000 1.00000 0.89690
0.94746 0.95403 1.00000 0.98511 1.00000 0.98424 1.00000 1.00000 1.00000 1.00000 0.98619 1.00000 0.98424 1.00000 1.00000 1.00000 1.00000 0.98619 1.00000 0.98424 1.00000 1.00000 1.00000 0.95313 0.94674
0.34467 1.00000 1.00000 0.97943 1.00000 0.95228 1.00000 0.96695 0.96305 1.00000 0.95169 1.00000 0.95228 1.00000 0.96695 0.96305 1.00000 0.95169 1.00000 0.95228 1.00000 1.00000 0.95313 1.00000 0.34582
0.35994 0.34341 0.94183 0.88889 0.86943 0.88047 0.86861 0.86128 0.86452 0.86697 0.85725 0.86943 0.88047 0.86861 0.86128 0.86452 0.86697 0.85725 0.86943 0.88047 0.86861 0.89690 0.94674 0.34582 0.36160
