# name=four_districts_512 field=512x512 stride=8
64 64
0.00000 0.33333 0.53815 0.56773 0.87825 0.87575 0.87825 0.87575 0.87825 0.87575 0.87825 0.87575 0.87825 0.87575 0.87825 0.87575 0.87825 0.87575 0.87825 0.87575 0.87825 0.87575 0.87825 0.87575 0.87825 0.87575 0.87825 0.87575 0.87825 0.55897 0.52806 0.33333 0.00000 0.00000 0.00000 0.00000 0.33333 0.00000 0.00000 0.33333 0.33333 0.00000 0.29259 0.26982 0.00000 0.26918 0.50351 0.33333 0.33333 0.33333 0.33333 0.00000 0.33333 0.33333 0.00000 0.33333 0.33333 0.00000 0.29592 0.27390 0.00000 0.00000 0.00000 0.00000
0.33333 0.52211 1.00000 0.93222 1.00000 0.95167 1.00000 0.95167 1.00000 0.95167 1.00000 0.95167 1.00000 0.95167 1.00000 0.95167 1.00000 0.95167 1.00000 0.95167 1.00000 0.95167 1.00000 0.95167 1.00000 0.95167 1.00000 0.95167 1.00000 0.95852 1.00000 0.67052 0.44442 0.00000 0.00000 0.33333 0.33333 0.33333 0.33333 0.33333 0.33333 0.33333 0.29259 0.26982 0.47140 0.44419 0.50351 0.56641 0.33333 0.33333 0.33333 0.59954 0.33333 0.33333 0.33333 0.33333 0.33333 0.60260 0.29592 0.27390 0.24930 0.00000 0.00000 0.00000
0.53815 1.00000 0.95276 1.00000 0.96239 1.00000 0.96239 1.00000 0.96239 1.00000 0.96239 1.00000 0.96239 1.00000 0.96239 1.00000 0.96239 1.00000 0.96239 1.00000 0.96239 1.00000 0.96239 1.00000 0.96239 1.00000 0.96239 1.00000 0.98026 1.00000 0.97159 0.94570 0.44010 0.45884 0.33333 0.33333 0.33333 0.33333 0.33333 0.33333 0.59801 0.56849 0.29259 0.26982 0.47140 0.44419 0.50351 0.53863 0.55250 0.33333 0.33333 0.59954 0.33333 0.33333 0.61259 0.33333 0.33333 0.57167 0.29592 0.27390 0.24930 0.00000 0.00000 0.00000
0.56773 0.93222 1.00000 1.00000 1.00000 1.00000 1.00000 1.00000 1.00000 1.00000 1.00000 1.00000 1.00000 1.00000 1.00000 1.00000 1.00000 1.00000 1.00000 1.00000 1.00000 1.00000 1.00000 1.00000 1.00000 1.00000 1.00000 1.00000 1.00000 1.00000 1.00000 0.88853 0.83158 0.68011 0.55788 0.52540 1.00000 0.53091 0.51821 1.00000 0.50264 0.64796 1.00000 1.00000 0.92124 0.97775 1.00000 0.87616 0.90647 1.00000 0.96282 0.50318 1.00000 0.51939 0.52169 1.00000 1.00000 0.48969 0.91098 1.00000 0.94734 1.00000 1.00000 0.00000
0.87825 1.00000 0.96239 1.00000 0.98851 1.00000 0.98851 1.00000 0.98851 1.00000 0.98851 1.00000 0.98851 1.00000 0.98851 1.00000 0.98851 1.00000 0.98851 1.00000 0.98851 1.00000 0.98851 1.00000 0.98851 1.00000 0.98851 1.00000 0.98816 1.00000 0.97764 0.91929 0.53727 0.30973 0.00000 1.00000 1.00000 1.00000 1.00000 1.00000 1.00000 0.92867 1.00000 1.00000 0.97235 1.00000 1.00000 0.97571 1.00000 1.00000 1.00000 1.00000 1.00000 1.00000 0.96038 1.00000 1.00000 0.96982 1.00000 1.00000 1.00000 1.00000 1.00000 0.47730
0.87575 0.95167 1.00000 1.00000 1.00000 1.00000 1.00000 1.00000 1.00000 1.00000 1.00000 1.00000 1.00000 1.00000 1.00000 1.00000 1.00000 1.00000 1.00000 1.00000 1.00000 1.00000 1.00000 1.00000 1.00000 1.00000 1.00000 1.00000 1.00000 1.00000 0.97224 0.90957 0.49319 0.32204 0.52321 1.00000 1.00000 1.00000 1.00000 1.00000 0.96465 0.91990 1.00000 1.00000 0.93187 1.00000 1.00000 0.95124 0.97908 1.00000 1.00000 1.00000 1.00000 1.00000 0.50021 1.00000 1.00000 0.91338 1.00000 1.00000 1.00000 1.00000 1.00000 0.49326
0.87825 1.00000 0.96239 1.00000 0.98851 1.00000 0.98851 1.00000 0.98851 1.00000 0.98851 1.00000 0.98851 1.00000 0.98851 1.00000 0.98851 1.00000 0.98851 1.00000 0.98851 1.00000 0.98851 1.00000 0.98851 1.00000 0.98851 1.00000 0.98816 1.00000 0.97764 0.86950 0.38172 0.35559 0.57300 0.53466 1.00000 0.54106 0.52637 1.00000 0.50663 0.49287 0.89675 0.89728 0.91625 0.93066 0.86135 0.88230 0.90069 1.00000 0.68375 0.50923 1.00000 0.52773 0.53037 0.50360 0.51221 0.49406 0.90544 0.88023 0.94386 1.00000 0.50326 0.00000
0.87575 0.95167 1.00000 1.00000 1.00000 1.00000 1.00000 1.00000 1.00000 1.00000 1.00000 1.00000 1.00000 1.00000 1.00000 1.00000 1.00000 1.00000 1.00000 1.00000 1.00000 1.00000 1.00000 1.00000 1.00000 1.00000 1.00000 1.00000 1.00000 1.00000 0.97224 0.91322 0.52354 0.18196 0.00000 0.00000 0.00000 0.00000 0.00000 0.00000 0.00000 0.18859 0.00000 0.00000 0.14511 0.42257 0.48238 0.51522 0.52167 0.27524 0.23260 0.20614 0.00000 0.00000 0.18598 0.00000 0.00000 0.16145 0.00000 0.00000 0.00000 0.00000 0.00000 0.00000
0.87825 1.00000 0.96239 1.00000 0.98851 1.00000 0.98851 1.00000 0.98851 1.00000 0.98851 1.00000 0.98851 1.00000 0.98851 1.00000 0.98851 1.00000 0.98851 1.00000 0.98851 1.00000 0.98851 1.00000 0.98851 1.00000 0.98851 1.00000 0.98816 1.00000 0.97764 0.93271 0.88128 0.57735 0.33333 0.49310 1.00000 0.49607 0.49872 1.00000 1.00000 0.49590 1.00000 1.00000 1.00000 0.98201 1.00000 0.94386 0.94324 1.00000 0.96962 0.48031 1.00000 1.00000 0.50315 1.00000 1.00000 0.49822 1.00000 1.00000 0.95743 1.00000 1.00000 0.33333
0.87575 0.95167 1.00000 1.00000 1.00000 1.00000 1.00000 1.00000 1.00000 1.00000 1.00000 1.00000 1.00000 1.00000 1.00000 1.00000 1.00000 1.00000 1.00000 1.00000 1.00000 1.00000 1.00000 1.00000 1.00000 1.00000 1.00000 1.00000 1.00000 1.00000 0.97224 0.90939 0.47708 0.57768 0.33333 0.51788 1.00000 0.52273 0.52714 1.00000 0.51257 0.52244 0.90722 0.90770 0.92499 0.93701 0.92945 0.93423 0.93352 1.00000 0.96456 0.49809 1.00000 0.51257 0.53477 1.00000 0.50045 0.50212 0.91515 1.00000 0.94995 1.00000 0.49332 0.16667
0.87825 1.00000 0.96239 1.00000 0.98851 1.00000 0.98851 1.00000 0.98851 1.00000 0.98851 1.00000 0.98851 1.00000 0.98851 1.00000 0.98851 1.00000 0.98851 1.00000 0.98851 1.00000 0.98851 1.00000 0.98851 1.00000 0.98851 1.00000 0.98816 1.00000 0.97764 0.87197 0.45276 0.34762 0.00000 0.00000 0.00000 0.00000 0.00000 0.00000 0.59801 0.56849 0.29259 0.26982 0.47140 0.44419 0.50351 0.53863 0.29410 0.27524 0.23260 0.00000 0.33333 0.33333 0.61259 0.33333 0.00000 0.19130 0.09087 0.12296 0.24930 0.16667 0.16667 0.16667
0.87575 0.95167 1.00000 1.00000 1.00000 1.00000 1.00000 1.00000 1.00000 1.00000 1.00000 1.00000 1.00000 1.00000 1.00000 1.00000 1.00000 1.00000 1.00000 1.00000 1.00000 1.00000 1.00000 1.00000 1.00000 1.00000 1.00000 1.00000 1.00000 1.00000 0.97224 0.88151 0.83158 0.68011 0.55788 0.52540 1.00000 0.53091 0.51821 1.00000 0.50264 0.48864 1.00000 1.00000 0.92124 0.97775 1.00000 0.87616 0.90647 1.00000 0.96282 0.50318 1.00000 0.51939 0.52169 1.00000 1.00000 0.48969 0.91098 1.00000 0.94734 1.00000 1.00000 0.16667
0.87825 1.00000 0.96239 1.00000 0.98851 1.00000 0.98851 1.00000 0.98851 1.00000 0.98851 1.00000 0.98851 1.00000 0.98851 1.00000 0.98851 1.00000 0.98851 1.00000 0.98851 1.00000 0.98851 1.00000 0.98851 1.00000 0.98851 1.00000 0.98816 1.00000 0.97764 0.91929 0.53727 0.30973 0.00000 1.00000 1.00000 1.00000 1.00000 1.00000 1.00000 0.92867 1.00000 1.00000 0.97235 1.00000 1.00000 0.97571 1.00000 1.00000 1.00000 1.00000 1.00000 1.00000 0.96038 1.00000 1.00000 0.96982 1.00000 1.00000 1.00000 1.00000 1.00000 0.47730
0.87575 0.95167 1.00000 1.00000 1.00000 1.00000 1.00000 1.00000 1.00000 1.00000 1.00000 1.00000 1.00000 1.00000 1.00000 1.00000 1.00000 1.00000 1.00000 1.00000 1.00000 1.00000 1.00000 1.00000 1.00000 1.00000 1.00000 1.00000 1.00000 1.00000 0.97224 0.90957 0.49319 0.32204 0.52321 1.00000 1.00000 1.00000 1.00000 1.00000 0.96465 0.91990 1.00000 1.00000 0.93187 1.00000 1.00000 0.95124 0.97908 1.00000 1.00000 1.00000 1.00000 1.00000 0.50021 1.00000 1.00000 0.91338 1.00000 1.00000 1.00000 1.00000 1.00000 0.49326
0.87825 1.00000 0.96239 1.00000 0.98851 1.00000 0.98851 1.00000 0.98851 1.00000 0.98851 1.00000 0.98851 1.00000 0.98851 1.00000 0.98851 1.00000 0.98851 1.00000 0.98851 1.00000 0.98851 1.00000 0.98851 1.00000 0.98851 1.00000 0.98816 1.00000 0.97764 0.86950 0.38172 0.35559 0.57300 0.53466 1.00000 0.54106 0.52637 1.00000 0.50663 0.49287 0.89675 0.89728 0.91625 0.93066 0.86135 0.88230 0.90069 1.00000 0.68375 0.50923 1.00000 0.52773 0.53037 0.50360 0.51221 0.49406 0.90544 0.88023 0.94386 1.00000 0.50326 0.00000
0.87575 0.95167 1.00000 1.00000 1.00000 1.00000 1.00000 1.00000 1.00000 1.00000 1.00000 1.00000 1.00000 1.00000 1.00000 1.00000 1.00000 1.00000 1.00000 1.00000 1.00000 1.00000 1.00000 1.00000 1.00000 1.00000 1.00000 1.00000 1.00000 1.00000 0.97224 0.91322 0.52354 0.18196 0.00000 0.00000 0.00000 0.00000 0.00000 0.00000 0.00000 0.18859 0.00000 0.00000 0.14511 0.42257 0.48238 0.51522 0.52167 0.27524 0.23260 0.20614 0.00000 0.00000 0.18598 0.00000 0.00000 0.16145 0.00000 0.00000 0.00000 0.00000 0.00000 0.00000
0.87825 1.00000 0.96239 1.00000 0.98851 1.00000 0.98851 1.00000 0.98851 1.00000 0.98851 1.00000 0.98851 1.00000 0.98851 1.00000 0.98851 1.00000 0.98851 1.00000 0.98851 1.00000 0.98851 1.00000 0.98851 1.00000 0.98851 1.00000 0.98816 1.00000 0.97764 0.93271 0.88128 0.57735 0.33333 0.49310 1.00000 0.49607 0.49872 1.00000 1.00000 0.49590 1.00000 1.00000 1.00000 0.98201 1.00000 0.94386 0.94324 1.00000 0.96962 0.48031 1.00000 1.00000 0.50315 1.00000 1.00000 0.49822 1.00000 1.00000 0.95743 1.00000 1.00000 0.33333
0.87575 0.95167 1.00000 1.00000 1.00000 1.00000 1.00000 1.00000 1.00000 1.00000 1.00000 1.00000 1.00000 1.00000 1.00000 1.00000 1.00000 1.00000 1.00000 1.00000 1.00000 1.00000 1.00000 1.00000 1.00000 1.00000 1.00000 1.00000 1.00000 1.00000 0.97224 0.90939 0.47708 0.57768 0.33333 0.51788 1.00000 0.52273 0.52714 1.00000 0.51257 0.52244 0.90722 0.90770 0.92499 0.93701 0.92945 0.93423 0.93352 1.00000 0.96456 0.49809 1.00000 0.51257 0.53477 1.00000 0.50045 0.50212 0.91515 1.00000 0.94995 1.00000 0.49332 0.16667
0.87825 1.00000 0.96239 1.00000 0.98851 1.00000 0.98851 1.00000 0.98851 1.00000 0.98851 1.00000 0.98851 1.00000 0.98851 1.00000 0.98851 1.00000 0.98851 1.00000 0.98851 1.00000 0.98851 1.00000 0.98851 1.00000 0.98851 1.00000 0.98816 1.00000 0.97764 0.87197 0.45276 0.34762 0.00000 0.00000 0.00000 0.00000 0.00000 0.00000 0.59801 0.56849 0.29259 0.26982 0.47140 0.44419 0.50351 0.53863 0.29410 0.27524 0.23260 0.00000 0.33333 0.33333 0.61259 0.33333 0.00000 0.19130 0.09087 0.12296 0.24930 0.16667 0.16667 0.16667
0.87575 0.95167 1.00000 1.00000 1.00000 1.00000 1.00000 1.00000 1.00000 1.00000 1.00000 1.00000 1.00000 1.00000 1.00000 1.00000 1.00000 1.00000 1.00000 1.00000 1.00000 1.00000 1.00000 1.00000 1.00000 1.00000 1.00000 1.00000 1.00000 1.00000 0.97224 0.88151 0.83158 0.68011 0.55788 0.52540 1.00000 0.53091 0.51821 1.00000 0.50264 0.48864 1.00000 1.00000 0.92124 0.97775 1.00000 0.87616 0.90647 1.00000 0.96282 0.50318 1.00000 0.51939 0.52169 1.00000 1.00000 0.48969 0.91098 1.00000 0.94734 1.00000 1.00000 0.16667
0.87825 1.00000 0.96239 1.00000 0.98851 1.00000 0.98851 1.00000 0.98851 1.00000 0.98851 1.00000 0.98851 1.00000 0.98851 1.00000 0.98851 1.00000 0.98851 1.00000 0.98851 1.00000 0.98851 1.00000 0.98851 1.00000 0.98851 1.00000 0.98816 1.00000 0.97764 0.91929 0.53727 0.30973 0.00000 1.00000 1.00000 1.00000 1.00000 1.00000 1.00000 0.92867 1.00000 1.00000 0.97235 1.00000 1.00000 0.97571 1.00000 1.00000 1.00000 1.00000 1.00000 1.00000 0.96038 1.00000 1.00000 0.96982 1.00000 1.00000 1.00000 1.00000 1.00000 0.47730
0.87575 0.95167 1.00000 1.00000 1.00000 1.00000 1.00000 1.00000 1.00000 1.00000 1.00000 1.00000 1.00000 1.00000 1.00000 1.00000 1.00000 1.00000 1.00000 1.00000 1.00000 1.00000 1.00000 1.00000 1.00000 1.00000 1.00000 1.00000 1.00000 1.00000 0.97224 0.90957 0.49319 0.32204 0.52321 1.00000 1.00000 1.00000 1.00000 1.00000 0.96465 0.91990 1.00000 1.00000 0.93187 1.00000 1.00000 0.95124 0.97908 1.00000 1.00000 1.00000 1.00000 1.00000 0.50021 1.00000 1.00000 0.91338 1.00000 1.00000 1.00000 1.00000 1.00000 0.49326
0.87825 1.00000 0.96239 1.00000 0.98851 1.00000 0.98851 1.00000 0.98851 1.00000 0.98851 1.00000 0.98851 1.00000 0.98851 1.00000 0.98851 1.00000 0.98851 1.00000 0.98851 1.00000 0.98851 1.00000 0.98851 1.00000 0.98851 1.00000 0.98816 1.00000 0.97764 0.86950 0.38172 0.35559 0.57300 0.53466 1.00000 0.54106 0.52637 1.00000 0.50663 0.49287 0.89675 0.89728 0.91625 0.93066 0.86135 0.88230 0.90069 1.00000 0.68375 0.50923 1.00000 0.52773 0.53037 0.50360 0.51221 0.49406 0.90544 0.88023 0.94386 1.00000 0.50326 0.00000
0.87575 0.95167 1.00000 1.00000 1.00000 1.00000 1.00000 1.00000 1.00000 1.00000 1.00000 1.00000 1.00000 1.00000 1.00000 1.00000 1.00000 1.00000 1.00000 1.00000 1.00000 1.00000 1.00000 1.00000 1.00000 1.00000 1.00000 1.00000 1.00000 1.00000 0.97224 0.91322 0.52354 0.18196 0.00000 0.00000 0.00000 0.00000 0.00000 0.00000 0.00000 0.18859 0.00000 0.00000 0.14511 0.42257 0.48238 0.51522 0.30374 0.27524 0.23260 0.20614 0.00000 0.00000 0.18598 0.00000 0.00000 0.16145 0.00000 0.00000 0.00000 0.00000 0.00000 0.00000
0.87825 1.00000 0.96239 1.00000 0.98851 1.00000 0.98851 1.00000 0.98851 1.00000 0.98851 1.00000 0.98851 1.00000 0.98851 1.00000 0.98851 1.00000 0.98851 1.00000 0.98851 1.00000 0.98851 1.00000 0.98851 1.00000 0.98851 1.00000 0.98816 1.00000 0.97764 0.93271 0.49436 0.35972 0.00000 0.00000 0.00000 0.00000 0.00000 0.00000 0.00000 0.00000 0.00000 0.00000 0.00000 0.18530 0.24637 0.30405 0.33333 0.33333 0.33333 0.59954 0.00000 0.00000 0.00000 0.00000 0.00000 0.00000 0.09087 0.12296 0.00000 0.00000 0.00000 0.00000
0.87575 0.95167 1.00000 1.00000 1.00000 1.00000 1.00000 1.00000 1.00000 1.00000 1.00000 1.00000 1.00000 1.00000 1.00000 1.00000 1.00000 1.00000 1.00000 1.00000 1.00000 1.00000 1.00000 1.00000 1.00000 1.00000 1.00000 1.00000 1.00000 1.00000 0.97224 0.96687 0.56773 0.43226 0.00000 0.00000 0.00000 0.00000 0.00000 0.00000 0.00000 0.00000 0.00000 0.00000 0.00000 0.00000 0.27194 0.33333 0.33333 0.33333 0.33333 0.00000 0.00000 0.00000 0.00000 0.00000 0.00000 0.00000 0.00000 0.12296 0.00000 0.00000 0.00000 0.00000
0.87825 1.00000 0.96239 1.00000 0.98851 1.00000 0.98851 1.00000 0.98851 1.00000 0.98851 1.00000 0.98851 1.00000 0.98851 1.00000 0.98851 1.00000 0.98851 1.00000 0.98851 1.00000 0.98851 1.00000 0.98851 1.00000 0.98851 1.00000 0.98816 1.00000 0.97764 0.93271 0.57059 0.33333 0.00000 0.00000 0.00000 0.00000 0.00000 0.00000 0.00000 0.00000 0.00000 0.00000 0.00000 0.00000 0.00000 0.00000 0.00000 0.00000 0.00000 0.00000 0.00000 0.00000 0.00000 0.00000 0.00000 0.00000 0.00000 0.00000 0.00000 0.00000 0.00000 0.00000
0.87575 0.95167 1.00000 1.00000 1.00000 1.00000 1.00000 1.00000 1.00000 1.00000 1.00000 1.00000 1.00000 1.00000 1.00000 1.00000 1.00000 1.00000 1.00000 1.00000 1.00000 1.00000 1.00000 1.00000 1.00000 1.00000 1.00000 1.00000 1.00000 1.00000 0.97224 0.96687 0.56773 0.33333 0.00000 0.00000 0.00000 0.00000 0.00000 0.00000 0.00000 0.00000 0.00000 0.00000 0.00000 0.00000 0.00000 0.00000 0.00000 0.00000 0.00000 0.00000 0.00000 0.00000 0.00000 0.00000 0.00000 0.00000 0.00000 0.00000 0.00000 0.00000 0.00000 0.00000
0.87825 1.00000 0.98026 1.00000 0.98816 1.00000 0.98816 1.00000 0.98816 1.00000 0.98816 1.00000 0.98816 1.00000 0.98816 1.00000 0.98816 1.00000 0.98816 1.00000 0.98816 1.00000 0.98816 1.00000 0.98816 1.00000 0.98816 1.00000 1.00000 1.00000 1.00000 0.90428 0.00000 0.00000 0.00000 0.00000 0.00000 0.00000 0.00000 0.00000 0.00000 0.00000 0.00000 0.00000 0.00000 0.00000 0.00000 0.00000 0.00000 0.00000 0.00000 0.00000 0.00000 0.00000 0.00000 0.00000 0.00000 0.00000 0.00000 0.00000 0.00000 0.00000 0.00000 0.00000
0.55897 0.95852 1.00000 1.00000 1.00000 1.00000 1.00000 1.00000 1.00000 1.00000 1.00000 1.00000 1.00000 1.00000 1.00000 1.00000 1.00000 1.00000 1.00000 1.00000 1.00000 1.00000 1.00000 1.00000 1.00000 1.00000 1.00000 1.00000 1.00000 1.00000 0.96094 0.95503 0.00000 0.00000 0.00000 0.00000 0.00000 0.00000 0.00000 0.00000 0.00000 0.00000 0.00000 0.00000 0.00000 0.00000 0.00000 0.00000 0.00000 0.00000 0.00000 0.00000 0.00000 0.00000 0.00000 0.00000 0.00000 0.00000 0.00000 0.00000 0.00000 0.00000 0.00000 0.00000
0.52806 1.00000 0.97159 1.00000 0.97764 0.97224 0.97764 0.97224 0.97764 0.97224 0.97764 0.97224 0.97764 0.97224 0.97764 0.97224 0.97764 0.97224 0.97764 0.97224 0.97764 0.97224 0.97764 0.97224 0.97764 0.97224 0.97764 0.97224 1.00000 0.96094 1.00000 0.52318 0.00000 0.00000 0.00000 0.00000 0.00000 0.00000 0.00000 0.00000 0.00000 0.00000 0.00000 0.00000 0.00000 0.00000 0.00000 0.00000 0.00000 0.00000 0.00000 0.00000 0.00000 0.00000 0.00000 0.00000 0.00000 0.00000 0.00000 0.00000 0.00000 0.00000 0.00000 0.00000
0.33333 0.53470 1.00000 0.94236 0.93271 0.96687 0.93271 0.96687 0.93271 0.89672 0.84713 0.88688 0.89040 0.96687 0.93271 0.96687 0.93271 0.96687 0.93271 0.96687 0.93271 0.96687 0.93271 0.96687 0.93271 0.96687 0.93271 0.96687 0.90428 0.95503 0.52318 0.55026 0.00000 0.00000 0.00000 0.00000 0.00000 0.00000 0.00000 0.00000 0.00000 0.00000 0.00000 0.00000 0.00000 0.00000 0.00000 0.00000 0.00000 0.00000 0.00000 0.00000 0.00000 0.00000 0.00000 0.00000 0.00000 0.00000 0.00000 0.00000 0.00000 0.00000 0.00000 0.00000
0.00000 0.00000 0.46250 0.43507 0.00000 0.00000 0.00000 0.00000 0.19828 0.17972 0.20087 0.21830 0.00000 0.00000 0.00000 0.00000 0.00000 0.00000 0.00000 0.00000 0.00000 0.00000 0.00000 0.00000 0.00000 0.00000 0.00000 0.00000 0.00000 0.00000 0.00000 0.00000 0.00000 0.00000 0.58560 0.61331 0.74662 0.61018 0.78088 0.33333 0.33333 0.33333 0.33333 0.33333 0.33333 0.57860 0.33333 0.57830 0.33333 0.33333 0.33333 0.33333 0.00000 0.00000 0.00000 0.00000 0.57830 0.33333 0.33333 0.33333 0.00000 0.00000 0.00000 0.00000
0.00000 0.00000 0.39586 0.38919 0.00000 0.00000 0.00000 0.00000 0.00000 0.00000 0.16738 0.17716 0.00000 0.00000 0.00000 0.00000 0.00000 0.00000 0.00000 0.00000 0.00000 0.00000 0.00000 0.00000 0.00000 0.00000 0.63336 0.93535 0.95099 0.93070 0.45045 0.00000 0.00000 0.55489 0.58560 0.73802 0.74662 0.73563 0.78088 0.74355 0.57678 0.57559 0.57412 0.57769 0.57043 0.57860 0.56824 0.57830 0.57239 0.57678 0.57559 0.57412 0.00000 0.00000 0.00000 0.00000 0.57830 0.57239 0.57678 0.57559 0.00000 0.00000 0.00000 0.00000
0.00000 0.00000 0.00000 0.00000 0.00000 0.00000 0.00000 0.00000 0.00000 0.00000 0.00000 0.00000 0.00000 0.00000 0.00000 0.00000 0.00000 0.00000 0.00000 0.00000 0.00000 0.00000 0.00000 0.00000 0.00000 0.58992 0.89781 0.94648 1.00000 1.00000 1.00000 0.43298 0.00000 0.55489 0.58560 0.73802 0.74662 0.78828 0.78088 0.74355 0.57678 0.57559 0.57412 0.57769 0.77594 0.57860 0.77636 0.57830 0.57239 0.57678 0.57559 0.57412 0.00000 0.00000 0.00000 0.00000 0.57830 0.57239 0.57678 0.57559 0.00000 0.00000 0.00000 0.00000
0.00000 0.00000 0.00000 0.00000 0.00000 0.00000 0.00000 0.00000 0.00000 0.00000 0.00000 0.00000 0.00000 0.00000 0.00000 0.00000 0.00000 0.00000 0.00000 0.00000 0.00000 0.00000 0.00000 0.00000 0.00000 0.78080 0.87374 0.93258 0.93255 1.00000 0.95034 0.80336 0.00000 0.74806 1.00000 0.96647 1.00000 0.95502 0.93982 0.97424 0.92425 0.93148 0.93817 0.91647 0.91930 1.00000 0.92020 0.90814 0.91750 0.92425 0.93148 0.93817 0.91647 0.91930 1.00000 0.92020 0.90814 0.91750 0.92425 0.93148 1.00000 0.52800 0.55196 0.00000
0.00000 0.00000 0.00000 0.00000 0.00000 0.00000 0.00000 0.00000 0.00000 0.00000 0.00000 0.00000 0.00000 0.00000 0.00000 0.00000 0.00000 0.00000 0.00000 0.00000 0.00000 0.00000 0.00000 0.00000 0.00000 0.87998 0.92609 0.95881 0.95656 0.97833 1.00000 0.92170 0.00000 1.00000 1.00000 1.00000 1.00000 0.95807 1.00000 1.00000 1.00000 1.00000 1.00000 1.00000 1.00000 1.00000 0.93863 1.00000 1.00000 1.00000 1.00000 1.00000 1.00000 1.00000 1.00000 0.93863 1.00000 1.00000 1.00000 1.00000 1.00000 1.00000 0.00000 0.00000
0.00000 0.00000 0.00000 0.00000 0.00000 0.00000 0.00000 0.00000 0.00000 0.00000 0.00000 0.00000 0.00000 0.00000 0.00000 0.00000 0.00000 0.00000 0.00000 0.00000 0.00000 0.00000 0.00000 0.00000 0.00000 0.86227 0.91169 0.94929 0.94534 0.97249 1.00000 0.91444 0.00000 1.00000 1.00000 0.97129 1.00000 0.95264 1.00000 1.00000 1.00000 1.00000 1.00000 1.00000 0.93017 1.00000 0.93096 1.00000 0.95211 1.00000 1.00000 1.00000 1.00000 0.93017 1.00000 0.93096 1.00000 0.95211 1.00000 1.00000 1.00000 1.00000 0.51966 0.00000
0.00000 0.00000 0.00000 0.00000 0.00000 0.00000 0.00000 0.00000 0.00000 0.00000 0.00000 0.00000 0.00000 0.00000 0.00000 0.00000 0.00000 0.00000 0.00000 0.00000 0.00000 0.00000 0.00000 0.00000 0.00000 0.62854 0.89601 0.87399 0.83818 0.83746 0.87356 0.69540 0.00000 0.76569 0.77782 0.96418 0.92603 0.95751 0.84052 0.97283 0.91943 0.92706 0.93414 0.51952 0.91421 0.51985 0.91516 0.51974 0.91231 0.91943 0.92706 0.93414 0.51952 0.91421 0.51985 0.91516 0.51974 0.91231 0.91943 0.92706 1.00000 0.53768 0.56589 0.00000
0.00000 0.00000 0.00000 0.00000 0.00000 0.00000 0.00000 0.00000 0.00000 0.00000 0.00000 0.00000 0.00000 0.00000 0.00000 0.00000 0.00000 0.00000 0.00000 0.00000 0.00000 0.00000 0.00000 0.00000 0.00000 0.00000 0.55397 0.77520 0.79123 0.79576 0.64662 0.00000 0.00000 0.55489 0.58560 0.60259 0.60961 0.93208 0.91466 0.82929 0.57678 0.57559 0.57412 0.57769 0.90311 0.57860 0.90410 0.57830 0.57239 0.57678 0.57559 0.57412 0.57769 0.90311 0.57860 0.90410 0.57830 0.57239 0.57678 0.57559 0.00000 0.00000 0.00000 0.00000
0.00000 0.00000 0.00000 0.00000 0.00000 0.00000 0.00000 0.00000 0.00000 0.00000 0.00000 0.00000 0.00000 0.00000 0.00000 0.00000 0.00000 0.00000 0.00000 0.00000 0.00000 0.00000 0.00000 0.00000 0.00000 0.00000 0.00000 0.00000 0.16667 0.16667 0.16667 0.13323 0.44548 0.80106 1.00000 1.00000 1.00000 1.00000 0.94084 0.95094 0.93616 0.94236 0.94808 0.92947 1.00000 1.00000 1.00000 0.92227 0.95334 0.93616 0.94236 0.94808 0.92947 1.00000 1.00000 1.00000 0.92227 0.95334 0.93616 0.94236 1.00000 0.50025 0.00000 0.00000
0.00000 0.00000 0.00000 0.00000 0.00000 0.00000 0.00000 0.00000 0.00000 0.00000 0.00000 0.00000 0.00000 0.00000 0.00000 0.00000 0.00000 0.00000 0.00000 0.00000 0.00000 0.00000 0.00000 0.00000 0.00000 0.00000 0.00000 0.00000 0.16667 0.16667 0.16667 0.14906 0.46730 0.80864 1.00000 0.96873 0.89715 1.00000 0.92952 1.00000 0.92905 0.93586 0.94217 0.92170 0.95332 0.46648 1.00000 0.91381 0.94798 0.92905 0.93586 0.94217 0.92170 0.95332 0.66755 1.00000 0.91381 0.94798 0.92905 0.93586 1.00000 0.51753 0.00000 0.00000
0.00000 0.00000 0.00000 0.00000 0.00000 0.00000 0.00000 0.00000 0.00000 0.00000 0.00000 0.00000 0.00000 0.00000 0.00000 0.00000 0.00000 0.00000 0.00000 0.00000 0.00000 0.00000 0.00000 0.00000 0.00000 0.00000 0.00000 0.00000 0.16667 0.16667 0.16667 0.14139 0.16336 0.41395 0.49134 0.73802 0.54663 0.50932 0.43918 0.32767 0.00000 0.00000 0.00000 0.00000 0.47140 0.23416 0.47140 0.23454 0.24167 0.23640 0.23785 0.23961 0.57769 0.77594 0.57860 0.77636 0.23454 0.24167 0.23640 0.23785 0.33333 0.33333 0.33333 0.00000
0.00000 0.00000 0.00000 0.00000 0.00000 0.00000 0.00000 0.00000 0.00000 0.00000 0.00000 0.00000 0.00000 0.00000 0.00000 0.00000 0.00000 0.00000 0.00000 0.00000 0.00000 0.00000 0.00000 0.00000 0.00000 0.00000 0.00000 0.00000 0.16667 0.16667 0.15623 0.13259 0.27704 0.75149 1.00000 0.96604 1.00000 0.94428 0.92885 0.97397 0.92333 0.93064 0.93741 0.91548 0.91833 1.00000 0.91924 0.90705 0.91651 0.92333 0.93064 0.93741 0.91548 0.91833 1.00000 0.91924 0.90705 0.91651 0.92333 0.93064 1.00000 0.52991 0.55467 0.00000
0.00000 0.00000 0.00000 0.00000 0.00000 0.00000 0.00000 0.00000 0.00000 0.00000 0.00000 0.00000 0.00000 0.00000 0.00000 0.00000 0.00000 0.00000 0.00000 0.00000 0.00000 0.00000 0.00000 0.00000 0.00000 0.00000 0.00000 0.00000 0.00000 0.00000 0.00000 0.00000 0.00000 0.75237 0.82304 0.85680 0.86880 0.76434 0.69579 0.58470 0.87507 0.88271 0.87281 0.88106 0.66545 0.50166 0.44922 0.50254 0.79960 0.80375 0.80262 0.80123 0.88106 0.91746 0.87923 0.73831 0.50254 0.50305 0.50350 0.50359 0.31293 0.31293 0.25019 0.00000
0.00000 0.00000 0.00000 0.00000 0.00000 0.00000 0.00000 0.00000 0.00000 0.00000 0.00000 0.00000 0.00000 0.00000 0.00000 0.00000 0.00000 0.00000 0.00000 0.00000 0.00000 0.00000 0.00000 0.00000 0.00000 0.00000 0.00000 0.00000 0.00000 0.00000 0.00000 0.00000 0.27650 0.81971 0.94398 0.93012 0.91564 0.88295 0.81230 0.71801 0.94826 0.98654 0.94917 0.98374 0.81240 0.85531 0.82100 0.85688 0.95714 0.91793 0.95830 0.91968 0.98374 0.97206 0.98059 0.97239 0.85688 0.86122 0.85929 0.86015 0.81930 0.77501 0.45838 0.00000
0.00000 0.00000 0.00000 0.00000 0.00000 0.00000 0.00000 0.00000 0.00000 0.00000 0.00000 0.00000 0.00000 0.00000 0.00000 0.00000 0.00000 0.00000 0.00000 0.00000 0.00000 0.00000 0.00000 0.00000 0.00000 0.00000 0.00000 0.00000 0.00000 0.00000 0.00000 0.00000 0.30959 0.92425 0.94730 0.93055 0.94928 0.89611 0.83792 0.80292 0.98866 1.00000 0.98711 1.00000 0.85214 0.83873 0.86107 0.90632 0.95911 0.96241 0.97433 0.95718 1.00000 0.97077 0.92217 0.97110 0.90632 0.88546 0.89487 0.88896 0.83372 0.84466 0.48395 0.33333
0.00000 0.00000 0.00000 0.00000 0.00000 0.00000 0.00000 0.00000 0.00000 0.00000 0.00000 0.00000 0.00000 0.00000 0.00000 0.00000 0.00000 0.00000 0.00000 0.00000 0.00000 0.00000 0.00000 0.00000 0.00000 0.00000 0.00000 0.00000 0.00000 0.00000 0.00000 0.00000 0.33333 0.92076 0.94172 0.95339 0.93721 0.93655 0.87136 0.83986 0.89308 0.91494 0.88872 0.90895 0.85569 0.83218 0.85414 0.83504 0.84715 0.84033 0.84276 0.84503 0.90895 0.94149 0.90325 0.93785 0.83504 0.84715 0.84033 0.84276 0.57735 0.57735 0.57735 0.33333
0.00000 0.00000 0.00000 0.00000 0.00000 0.00000 0.00000 0.00000 0.00000 0.00000 0.00000 0.00000 0.00000 0.00000 0.00000 0.00000 0.00000 0.00000 0.00000 0.00000 0.00000 0.00000 0.00000 0.00000 0.00000 0.00000 0.00000 0.00000 0.00000 0.00000 0.00000 0.00000 0.33333 0.94894 1.00000 0.97556 1.00000 0.98855 1.00000 0.98167 1.00000 1.00000 1.00000 1.00000 0.94981 1.00000 0.94837 1.00000 0.97955 1.00000 1.00000 1.00000 1.00000 0.94981 1.00000 0.94837 1.00000 0.97955 1.00000 1.00000 1.00000 0.94131 0.53905 0.33333
0.00000 0.00000 0.00000 0.00000 0.00000 0.00000 0.00000 0.00000 0.00000 0.00000 0.00000 0.00000 0.00000 0.00000 0.00000 0.00000 0.00000 0.00000 0.00000 0.00000 0.00000 0.00000 0.00000 0.00000 0.00000 0.00000 0.00000 0.00000 0.00000 0.00000 0.00000 0.00000 0.33333 0.97430 1.00000 0.97715 1.00000 0.97462 1.00000 1.00000 1.00000 1.00000 1.00000 1.00000 0.94371 0.97848 0.94436 1.00000 1.00000 1.00000 1.00000 1.00000 1.00000 0.94371 0.97848 0.94436 1.00000 1.00000 1.00000 1.00000 1.00000 0.97053 0.50230 0.00000
0.00000 0.00000 0.00000 0.00000 0.00000 0.00000 0.00000 0.00000 0.00000 0.00000 0.00000 0.00000 0.00000 0.00000 0.00000 0.00000 0.00000 0.00000 0.00000 0.00000 0.00000 0.00000 0.00000 0.00000 0.00000 0.00000 0.00000 0.00000 0.00000 0.00000 0.00000 0.00000 0.33333 1.00000 1.00000 0.97312 1.00000 0.95559 1.00000 1.00000 1.00000 1.00000 1.00000 1.00000 0.93436 1.00000 0.93511 1.00000 1.00000 1.00000 1.00000 1.00000 1.00000 0.93436 1.00000 0.93511 1.00000 1.00000 1.00000 1.00000 1.00000 1.00000 0.50612 0.00000
0.00000 0.00000 0.00000 0.00000 0.00000 0.00000 0.00000 0.00000 0.00000 0.00000 0.00000 0.00000 0.00000 0.00000 0.00000 0.00000 0.00000 0.00000 0.00000 0.00000 0.00000 0.00000 0.00000 0.00000 0.00000 0.00000 0.00000 0.00000 0.00000 0.00000 0.00000 0.00000 0.30064 0.79954 1.00000 0.97178 1.00000 0.95344 0.94031 0.97767 0.93559 0.94184 0.94761 0.92885 0.93130 1.00000 0.93208 0.92159 0.92974 0.93559 0.94184 0.94761 0.92885 0.93130 1.00000 0.93208 0.92159 0.92974 0.93559 0.94184 1.00000 0.50172 0.51606 0.00000
0.00000 0.00000 0.00000 0.00000 0.00000 0.00000 0.20135 0.00000 0.16667 0.16667 0.00000 0.00000 0.00000 0.00000 0.00000 0.00000 0.00000 0.00000 0.00000 0.00000 0.00000 0.00000 0.00000 0.00000 0.00000 0.00000 0.00000 0.00000 0.00000 0.00000 0.00000 0.00000 0.00000 0.75423 0.82430 0.89438 0.89543 0.82746 0.77644 0.68399 0.87601 0.88444 0.87352 0.88262 0.77504 0.80692 0.54036 0.80662 0.80095 0.80516 0.80402 0.80261 0.88262 0.91781 0.88059 0.73661 0.80662 0.80095 0.80516 0.80402 0.31535 0.31535 0.25169 0.00000
0.00000 0.00000 0.00000 0.00000 0.00000 0.22584 0.19686 0.00000 0.16667 0.16667 0.16667 0.00000 0.00000 0.00000 0.00000 0.00000 0.00000 0.00000 0.00000 0.00000 0.00000 0.00000 0.00000 0.00000 0.00000 0.00000 0.00000 0.00000 0.00000 0.00000 0.00000 0.00000 0.11110 0.78331 0.88212 0.90227 0.91459 0.88034 0.80014 0.65994 0.90504 0.92440 0.90465 0.92910 0.86531 0.81421 0.85415 0.88376 0.86193 0.87562 0.87123 0.86666 0.92978 0.97223 0.88652 0.97255 0.88376 0.86193 0.87562 0.87123 0.61908 0.41439 0.34464 0.00000
0.00000 0.00000 0.00000 0.00000 0.00000 0.21558 0.19413 0.00000 0.16667 0.16667 0.16667 0.34923 0.00000 0.00000 0.00000 0.00000 0.00000 0.00000 0.00000 0.00000 0.16667 0.16667 0.16667 0.16667 0.00000 0.00000 0.00000 0.00000 0.00000 0.00000 0.00000 0.00000 0.14097 0.78338 0.89611 0.90201 0.91162 0.89187 0.83477 0.77117 0.96079 0.96002 0.95980 0.96508 0.88043 0.89549 0.87073 0.90441 0.88673 0.89406 0.85120 0.88699 0.98807 0.97060 0.98968 0.97094 0.85009 0.88673 0.85109 0.85120 0.66744 0.65770 0.38566 0.16667
0.00000 0.00000 0.00000 0.00000 0.00000 0.20670 0.00000 0.00000 0.16667 0.14325 0.35827 0.45404 0.00000 0.00000 0.00000 0.00000 0.00000 0.00000 0.00000 0.00000 0.16667 0.16667 0.16667 0.16667 0.00000 0.00000 0.00000 0.00000 0.00000 0.00000 0.00000 0.00000 0.16667 0.84639 0.88580 0.90850 0.91441 0.92805 0.85748 0.80599 0.83803 0.81412 0.84265 0.82080 0.82736 0.77439 0.83094 0.77952 0.68535 0.68873 0.68781 0.68668 0.83550 0.90949 0.83002 0.90909 0.68990 0.68535 0.68873 0.68781 0.33333 0.33333 0.33333 0.16667
0.00000 0.00000 0.00000 0.00000 0.00000 0.00000 0.13871 0.13852 0.12043 0.44791 0.24020 0.28892 0.33333 0.33333 0.33333 0.00000 0.00000 0.00000 0.00000 0.00000 0.00000 0.00000 0.00000 0.00000 0.00000 0.00000 0.00000 0.00000 0.00000 0.00000 0.00000 0.48575 0.16667 1.00000 1.00000 0.97137 1.00000 0.95277 1.00000 0.97926 1.00000 1.00000 1.00000 1.00000 0.93035 1.00000 0.93114 1.00000 0.97651 1.00000 1.00000 1.00000 1.00000 0.93035 1.00000 0.93114 1.00000 0.97651 1.00000 1.00000 1.00000 1.00000 0.57478 0.00000
0.00000 0.00000 0.00000 0.00000 0.00000 0.00000 0.00000 0.09750 0.26749 0.42914 0.45039 0.33333 0.33333 0.33333 0.33333 0.27290 0.00000 0.00000 0.38030 0.60616 0.66956 0.68385 0.39730 0.00000 0.00000 0.00000 0.00000 0.00000 0.00000 0.00000 0.00000 0.00000 0.18296 0.75149 1.00000 0.96604 0.92907 0.94428 0.92885 1.00000 0.92333 0.93064 0.93741 0.91548 0.91833 0.50366 0.91924 0.90705 0.94365 0.92333 0.93064 0.93741 0.91548 0.91833 0.46977 0.91924 0.90705 0.94365 0.92333 0.93064 1.00000 0.55704 0.58737 0.00000
0.00000 0.00000 0.00000 0.00000 0.00000 0.00000 0.00000 0.00000 0.00000 0.36621 0.48035 0.54255 0.33333 0.33333 0.33333 0.39208 0.00000 0.70361 0.77980 0.79899 0.83608 0.77546 0.79449 0.42045 0.00000 0.00000 0.00000 0.00000 0.00000 0.00000 0.00000 0.00000 0.00000 0.55489 0.58560 0.60259 0.83615 0.54789 0.48043 0.42806 0.57678 0.57559 0.57412 0.57769 0.57043 0.57860 0.33333 0.57830 0.24167 0.23640 0.23785 0.23961 0.23529 0.24399 0.23416 0.00000 0.57830 0.57239 0.57678 0.57559 0.00000 0.00000 0.00000 0.00000
0.00000 0.00000 0.00000 0.00000 0.00000 0.00000 0.00000 0.00000 0.00000 0.32593 0.45266 0.53080 0.33333 0.33333 0.33333 0.11117 0.00000 0.75708 0.81076 0.86410 0.88351 0.88936 0.88749 0.82568 0.00000 0.00000 0.00000 0.00000 0.00000 0.00000 0.00000 0.00000 0.00000 0.00000 0.58560 0.61331 0.83615 0.54789 0.48226 0.00000 0.33333 0.33333 0.33333 0.33333 0.33333 0.57860 0.33333 0.33333 0.00000 0.00000 0.00000 0.00000 0.00000 0.00000 0.23416 0.00000 0.33333 0.33333 0.33333 0.33333 0.00000 0.00000 0.00000 0.00000
0.00000 0.00000 0.00000 0.00000 0.00000 0.00000 0.00000 0.00000 0.00000 0.00000 0.00000 0.00000 0.00000 0.00000 0.00000 0.00000 0.16667 0.85133 0.88933 0.92436 0.89933 0.90155 0.89240 0.81815 0.00000 0.00000 0.00000 0.00000 0.00000 0.00000 0.00000 0.00000 0.00000 0.00000 0.00000 0.00000 0.00000 0.00000 0.00000 0.00000 0.00000 0.00000 0.00000 0.00000 0.00000 0.00000 0.00000 0.00000 0.00000 0.00000 0.00000 0.00000 0.00000 0.00000 0.00000 0.00000 0.00000 0.00000 0.00000 0.00000 0.00000 0.00000 0.00000 0.00000
0.00000 0.00000 0.00000 0.00000 0.00000 0.00000 0.00000 0.00000 0.00000 0.00000 0.00000 0.00000 0.00000 0.00000 0.00000 0.00000 0.16667 0.85204 0.89215 0.92808 0.93597 0.96129 1.00000 1.00000 0.00000 0.00000 0.00000 0.00000 0.00000 0.00000 0.00000 0.00000 0.00000 0.00000 0.00000 0.00000 0.00000 0.00000 0.00000 0.00000 0.00000 0.00000 0.00000 0.00000 0.00000 0.00000 0.00000 0.00000 0.00000 0.00000 0.00000 0.00000 0.00000 0.00000 0.00000 0.00000 0.00000 0.00000 0.00000 0.00000 0.00000 0.00000 0.00000 0.00000
0.00000 0.00000 0.00000 0.00000 0.00000 0.00000 0.00000 0.00000 0.00000 0.00000 0.00000 0.00000 0.00000 0.00000 0.00000 0.00000 0.00000 0.85154 0.89111 0.92859 0.94269 0.96561 1.00000 1.00000 0.00000 0.00000 0.00000 0.00000 0.00000 0.00000 0.00000 0.00000 0.00000 0.00000 0.00000 0.00000 0.00000 0.00000 0.00000 0.00000 0.00000 0.00000 0.00000 0.00000 0.00000 0.00000 0.00000 0.00000 0.00000 0.00000 0.00000 0.00000 0.00000 0.00000 0.00000 0.00000 0.00000 0.00000 0.00000 0.00000 0.00000 0.00000 0.00000 0.00000
0.00000 0.00000 0.00000 0.00000 0.00000 0.00000 0.00000 0.00000 0.00000 0.00000 0.00000 0.00000 0.00000 0.00000 0.00000 0.00000 0.00000 0.00000 0.89577 0.93593 0.92590 1.00000 1.00000 0.00000 0.00000 0.00000 0.00000 0.00000 0.00000 0.00000 0.00000 0.00000 0.00000 0.00000 0.00000 0.00000 0.00000 0.00000 0.00000 0.00000 0.00000 0.00000 0.00000 0.00000 0.00000 0.00000 0.00000 0.00000 0.00000 0.00000 0.00000 0.00000 0.00000 0.00000 0.00000 0.00000 0.00000 0.00000 0.00000 0.00000 0.00000 0.00000 0.00000 0.00000
