# name=longhouses_22x60 field=256x160 stride=8
20 32
0.52409 0.51328 1.00000 0.95310 0.93342 1.00000 0.97104 0.87423 0.88131 0.94204 0.92496 0.83588 0.96893 0.97443 0.88180 0.93062 0.98143 0.97800 0.93786 0.96161 0.98464 0.94336 0.90837 0.98033 1.00000 0.91008 0.93364 0.97067 0.95499 0.66858 0.67321 0.00000
0.51380 1.00000 1.00000 0.95593 1.00000 1.00000 0.97283 0.95740 1.00000 0.94548 0.92930 1.00000 0.97085 0.94499 0.97641 1.00000 0.97002 0.98296 0.98942 0.98071 0.97414 0.97729 0.98091 0.96937 1.00000 1.00000 0.93753 0.97248 1.00000 0.96369 0.66106 0.51717
1.00000 1.00000 0.97189 1.00000 1.00000 1.00000 0.97478 1.00000 1.00000 0.94924 0.97408 1.00000 1.00000 0.94879 1.00000 1.00000 0.97217 0.99364 1.00000 1.00000 0.97600 1.00000 1.00000 0.97156 1.00000 1.00000 0.97694 0.97446 1.00000 1.00000 0.97141 0.50432
1.00000 1.00000 0.97420 1.00000 1.00000 1.00000 1.00000 1.00000 1.00000 1.00000 1.00000 1.00000 1.00000 0.97347 1.00000 1.00000 0.98930 0.99417 1.00000 1.00000 0.99025 1.00000 1.00000 0.98963 1.00000 1.00000 1.00000 1.00000 1.00000 1.00000 1.00000 0.48943
0.96462 0.96698 0.94952 1.00000 1.00000 1.00000 0.98013 1.00000 1.00000 0.98166 1.00000 1.00000 1.00000 1.00000 1.00000 1.00000 1.00000 1.00000 1.00000 1.00000 1.00000 1.00000 1.00000 1.00000 1.00000 1.00000 1.00000 0.98047 0.97623 0.97360 1.00000 1.00000
0.94540 0.94894 0.97897 1.00000 1.00000 1.00000 1.00000 1.00000 1.00000 1.00000 1.00000 1.00000 1.00000 0.97817 1.00000 1.00000 0.99126 1.00000 1.00000 1.00000 0.99204 1.00000 1.00000 0.99153 1.00000 1.00000 1.00000 1.00000 1.00000 0.95895 0.95507 0.94400
0.91794 1.00000 0.97856 1.00000 1.00000 1.00000 0.98078 1.00000 1.00000 1.00000 1.00000 1.00000 1.00000 0.97765 1.00000 1.00000 0.99106 0.99511 1.00000 1.00000 0.98172 1.00000 1.00000 0.99133 1.00000 1.00000 1.00000 1.00000 1.00000 1.00000 0.93196 0.45719
0.96944 0.97149 0.95537 1.00000 1.00000 1.00000 0.96435 1.00000 1.00000 0.94659 0.98170 1.00000 1.00000 0.96317 1.00000 1.00000 0.98008 0.99546 1.00000 1.00000 0.98276 1.00000 1.00000 0.97992 1.00000 1.00000 0.98403 0.96441 0.97952 0.97724 0.97832 0.45355
0.87591 0.95403 1.00000 1.00000 1.00000 1.00000 1.00000 1.00000 1.00000 1.00000 1.00000 1.00000 1.00000 0.99069 1.00000 1.00000 1.00000 0.99606 1.00000 1.00000 0.99346 1.00000 1.00000 1.00000 1.00000 1.00000 1.00000 1.00000 1.00000 0.96173 0.89591 0.41987
0.90464 0.94872 0.98837 0.99035 1.00000 1.00000 0.99224 1.00000 1.00000 0.99268 0.99282 1.00000 1.00000 0.97609 1.00000 1.00000 0.99273 0.99607 1.00000 1.00000 0.99337 1.00000 1.00000 0.99303 1.00000 1.00000 1.00000 0.99237 0.99069 0.95690 0.89429 0.44503
0.97758 0.95725 0.96334 0.98356 1.00000 0.98628 0.97051 0.98760 0.98776 0.95424 0.97127 1.00000 0.98982 0.95671 1.00000 1.00000 0.98208 0.99589 1.00000 1.00000 0.99229 1.00000 1.00000 0.98166 1.00000 1.00000 0.97450 0.97052 0.98422 0.98315 0.96024 0.61264
0.90067 1.00000 0.98204 1.00000 1.00000 1.00000 1.00000 1.00000 1.00000 1.00000 1.00000 1.00000 1.00000 0.98113 1.00000 1.00000 0.99249 0.99589 1.00000 1.00000 0.99317 1.00000 1.00000 0.99272 1.00000 1.00000 1.00000 1.00000 1.00000 1.00000 0.91613 0.62570
0.00000 0.00000 0.00000 0.00000 0.78132 0.79152 0.83065 0.82269 0.87059 0.86095 0.88882 0.88578 0.91979 0.91922 0.89680 0.90164 0.60662 0.64033 0.65995 0.69732 0.00000 0.00000 0.00000 0.00000 0.90606 0.89510 0.90656 0.91111 0.00000 0.00000 0.00000 0.00000
0.00000 0.00000 0.00000 0.00000 0.81880 0.82523 0.86384 0.85447 0.89201 0.93353 0.90013 0.89906 0.90905 0.89663 0.91624 0.91835 0.62180 0.63121 0.68181 0.67505 0.00000 0.00000 0.00000 0.00000 0.90799 0.90623 0.91464 0.90667 0.00000 0.00000 0.00000 0.00000
0.00000 0.00000 0.00000 0.00000 0.86240 0.85631 0.89478 0.89159 0.91571 0.94280 0.90751 0.89439 0.92478 0.91429 0.91164 0.90408 0.59484 0.61359 0.63380 0.65256 0.00000 0.00000 0.00000 0.00000 0.91560 0.92138 0.92584 0.92378 0.00000 0.00000 0.00000 0.00000
0.00000 0.00000 0.00000 0.00000 0.88160 0.87357 0.89328 0.90742 0.93022 0.94118 0.92800 0.90666 0.93051 0.90837 0.91625 0.91622 0.62346 0.63476 0.65452 0.67345 0.00000 0.00000 0.00000 0.00000 0.91654 0.92249 0.91366 0.90601 0.00000 0.00000 0.00000 0.00000
0.93050 1.00000 0.97981 1.00000 1.00000 1.00000 1.00000 1.00000 1.00000 0.98873 1.00000 1.00000 0.99031 0.98991 1.00000 1.00000 0.99160 1.00000 1.00000 1.00000 1.00000 1.00000 1.00000 0.99594 0.99224 1.00000 1.00000 0.98817 1.00000 1.00000 0.94257 0.92876
0.94708 0.95052 0.97752 1.00000 1.00000 1.00000 1.00000 1.00000 1.00000 1.00000 1.00000 1.00000 1.00000 0.97667 1.00000 1.00000 0.99065 0.99489 1.00000 1.00000 0.99148 1.00000 1.00000 0.99548 1.00000 1.00000 1.00000 1.00000 1.00000 0.96023 0.95647 0.52655
0.96016 0.96279 0.96571 0.93460 1.00000 0.97600 0.95397 1.00000 1.00000 0.94178 0.95598 1.00000 0.99218 0.95515 1.00000 1.00000 0.98514 0.99411 1.00000 1.00000 0.97772 1.00000 1.00000 0.98422 1.00000 1.00000 0.97901 0.95404 0.97317 0.97021 0.97209 0.55703
0.55509 1.00000 1.00000 0.95792 1.00000 1.00000 0.97408 0.95932 0.95710 0.94897 0.93236 1.00000 0.97219 0.97713 0.97751 0.97291 0.98342 0.98034 0.98991 0.98161 0.98629 0.97835 0.99095 0.98243 1.00000 1.00000 0.94026 0.97375 1.00000 0.96522 0.86165 0.33333
