# name=longhouses_22x100 field=320x240 stride=8
30 40
0.00000 0.00000 0.00000 0.00000 0.33333 0.00000 0.00000 0.33333 0.33333 0.00000 0.00000 0.33333 0.00000 0.00000 0.33333 0.33333 0.00000 0.26503 0.25792 0.26503 0.00000 0.27081 0.52711 0.33333 0.33333 0.33333 0.33333 0.00000 0.33333 0.33333 0.00000 0.00000 0.33333 0.00000 0.00000 0.33333 0.00000 0.00000 0.00000 0.00000
0.00000 0.00000 0.00000 0.33333 0.33333 0.33333 0.33333 0.33333 0.33333 0.33333 0.33333 0.33333 0.33333 0.33333 0.33333 0.33333 0.33333 0.25244 0.25792 0.25244 0.24879 0.50271 0.52711 0.56776 0.33333 0.33333 0.33333 0.60936 0.33333 0.33333 0.33333 0.33333 0.33333 0.33333 0.33333 0.33333 0.00000 0.00000 0.00000 0.00000
0.00000 0.00000 0.00000 0.33333 0.33333 0.33333 0.33333 0.33333 0.33333 0.33333 0.33333 0.33333 0.33333 0.33333 0.33333 0.33333 0.55931 0.25244 0.25792 0.25244 0.47140 0.50271 0.52711 0.54643 0.33333 0.33333 0.33333 0.60936 0.33333 0.33333 0.33333 0.33333 0.33333 0.33333 0.33333 0.33333 0.00000 0.00000 0.00000 0.00000
0.00000 0.00000 0.00000 0.53612 1.00000 0.53034 0.53496 1.00000 1.00000 0.55038 0.53612 1.00000 0.53034 0.50646 0.90664 1.00000 0.92764 0.88493 1.00000 0.88493 0.92971 0.97691 0.92946 0.90745 0.94060 1.00000 0.96143 0.51867 1.00000 1.00000 0.55038 0.53612 1.00000 0.53034 0.53496 1.00000 1.00000 0.55038 0.00000 0.00000
0.00000 0.00000 0.00000 0.00000 0.28937 0.29823 0.21926 0.29470 0.33333 0.33333 0.33333 0.33333 0.29823 0.53674 0.75009 0.68598 0.18320 0.09478 0.25573 0.14711 0.00000 0.00000 0.00000 0.00000 0.79732 0.81861 0.84285 0.52715 0.33333 0.33333 0.33333 0.33333 0.28937 0.29823 0.21926 0.29470 0.00000 0.00000 0.00000 0.00000
0.00000 0.00000 0.00000 0.00000 0.28997 0.30630 0.20571 0.29984 0.33333 0.20618 0.33333 0.33333 0.30630 0.75736 0.73387 0.69417 0.35951 0.28151 0.29803 0.30804 0.00000 0.00000 0.00000 0.00000 0.81795 0.82619 0.83030 0.78927 0.33333 0.33333 0.20618 0.33333 0.28997 0.30630 0.20571 0.29984 0.00000 0.00000 0.00000 0.00000
0.00000 0.00000 0.00000 0.00000 0.29151 0.17902 0.49740 0.18308 0.18385 0.17135 0.17725 0.33333 0.17902 0.41131 0.66358 0.53161 0.42360 0.15311 0.35687 0.22383 0.00000 0.00000 0.00000 0.00000 0.54120 0.83206 0.49030 0.48455 0.18308 0.18385 0.17135 0.17725 0.29151 0.17902 0.49740 0.18308 0.00000 0.00000 0.00000 0.00000
0.00000 0.00000 0.00000 0.00000 0.33333 0.19101 0.18516 0.33333 0.74954 0.18641 0.37997 0.74999 0.19101 0.17194 0.44814 0.62570 0.27759 0.08356 0.24028 0.15956 0.00000 0.00000 0.00000 0.00000 0.54419 0.57735 0.33333 0.45249 0.74926 0.74954 0.18641 0.37997 0.33333 0.19101 0.18516 0.33333 0.00000 0.00000 0.00000 0.00000
0.00000 0.00000 0.00000 0.00000 0.33333 0.33333 0.00000 0.33333 0.75000 0.46181 0.74999 0.75000 0.29090 0.29117 0.54799 0.63297 0.11483 0.24038 0.24980 0.27202 0.00000 0.00000 0.00000 0.00000 0.57735 0.57735 0.57735 0.33333 0.75000 0.75000 0.46181 0.74999 0.33333 0.33333 0.00000 0.33333 0.00000 0.00000 0.00000 0.00000
0.00000 0.00000 0.00000 0.00000 0.33333 0.17856 0.16936 0.18320 0.38993 0.37637 0.20517 0.74999 0.17856 0.29080 0.64629 0.78923 0.40563 0.29716 0.35481 0.38231 0.00000 0.00000 0.00000 0.00000 0.67370 0.55815 0.55700 0.44947 0.20546 0.38993 0.37637 0.20517 0.33333 0.17856 0.16936 0.18320 0.00000 0.00000 0.00000 0.00000
0.00000 0.00000 0.00000 0.00000 0.29038 0.31169 0.51801 0.30330 0.35302 0.19713 0.36966 0.35896 0.31169 0.70111 0.75996 0.80409 0.26504 0.11647 0.13460 0.15170 0.00000 0.00000 0.00000 0.00000 0.54781 0.51573 0.46699 0.50524 0.36471 0.35302 0.19713 0.36966 0.29038 0.31169 0.51801 0.30330 0.00000 0.00000 0.00000 0.00000
0.00000 0.00000 0.00000 0.00000 0.28892 0.29206 0.29372 0.29080 0.36298 0.34821 0.38745 0.37176 0.29206 0.70133 0.80718 0.79544 0.31999 0.09594 0.11956 0.13523 0.00000 0.00000 0.00000 0.00000 0.55494 0.53095 0.49532 0.55116 0.38021 0.36298 0.34821 0.38745 0.28892 0.29206 0.29372 0.29080 0.00000 0.00000 0.00000 0.00000
0.00000 0.27554 0.27554 0.95509 1.00000 0.95648 0.48679 0.96113 0.96282 0.49258 0.95509 1.00000 0.95648 0.89964 0.97287 1.00000 0.94516 0.97155 1.00000 0.97155 0.94677 1.00000 0.97926 0.97773 1.00000 0.97473 0.96903 0.91415 0.96113 0.96282 0.49258 0.95509 1.00000 0.95648 0.48679 0.96113 0.96282 0.49258 0.27554 0.00000
0.33333 0.30570 0.30570 0.93648 1.00000 0.93839 0.48739 0.94480 0.94714 0.49328 0.93648 1.00000 0.93839 0.88367 1.00000 1.00000 0.94497 0.97121 1.00000 0.97121 0.94659 0.98195 1.00000 0.97749 1.00000 1.00000 1.00000 0.49901 0.94480 0.94714 0.49328 0.93648 1.00000 0.93839 0.48739 0.94480 0.94714 0.49328 0.30570 0.30570
0.33333 0.33333 0.33333 1.00000 1.00000 1.00000 1.00000 1.00000 1.00000 1.00000 1.00000 1.00000 1.00000 1.00000 1.00000 1.00000 1.00000 1.00000 1.00000 1.00000 1.00000 1.00000 1.00000 1.00000 1.00000 1.00000 1.00000 1.00000 1.00000 1.00000 1.00000 1.00000 1.00000 1.00000 1.00000 1.00000 1.00000 1.00000 0.33333 0.33333
0.30225 0.30225 0.30225 0.49456 1.00000 0.49178 0.49401 1.00000 1.00000 0.50100 0.49456 1.00000 0.49178 0.47541 1.00000 1.00000 0.94286 0.96995 1.00000 0.96995 0.94453 0.98188 1.00000 0.92642 0.95330 1.00000 0.96934 0.48588 1.00000 1.00000 0.50100 0.49456 1.00000 0.49178 0.49401 1.00000 1.00000 0.50100 0.30225 0.30225
0.00000 0.00000 0.00000 0.00000 0.28973 0.52836 0.22347 0.29778 0.33333 0.60622 0.60585 0.33333 0.52836 0.63625 0.71746 0.79688 0.20304 0.24212 0.24803 0.22541 0.00000 0.00000 0.00000 0.00000 0.83593 0.82636 0.79102 0.32082 0.33333 0.33333 0.60622 0.60585 0.28973 0.52836 0.22347 0.29778 0.00000 0.00000 0.00000 0.00000
0.00000 0.00000 0.00000 0.00000 0.28923 0.29641 0.30016 0.29354 0.33333 0.33333 0.33333 0.33333 0.29641 0.69559 0.71136 0.78784 0.33997 0.28050 0.28241 0.25684 0.00000 0.00000 0.00000 0.00000 0.84429 0.82074 0.78799 0.55917 0.33333 0.33333 0.33333 0.33333 0.28923 0.29641 0.30016 0.29354 0.00000 0.00000 0.00000 0.00000
0.00000 0.00000 0.00000 0.00000 0.29071 0.19442 0.45353 0.30604 0.33333 0.18982 0.19292 0.33333 0.19379 0.32876 0.71226 0.79208 0.40919 0.32332 0.31364 0.29515 0.00000 0.00000 0.00000 0.00000 0.80005 0.81555 0.75655 0.44489 0.33333 0.33333 0.18982 0.19292 0.29071 0.19442 0.45353 0.30604 0.00000 0.00000 0.00000 0.00000
0.00000 0.00000 0.00000 0.00000 0.33333 0.18426 0.17666 0.33333 0.74954 0.20400 0.38882 0.74999 0.18426 0.29103 0.44814 0.74703 0.53369 0.20200 0.24028 0.35775 0.00000 0.00000 0.00000 0.00000 0.80475 0.57735 0.41560 0.41183 0.74926 0.74954 0.20400 0.38882 0.33333 0.18426 0.17666 0.33333 0.00000 0.00000 0.00000 0.00000
0.00000 0.00000 0.00000 0.00000 0.33333 0.33333 0.00000 0.33333 0.75000 0.46181 0.74999 0.75000 0.29090 0.29117 0.54799 0.63297 0.11483 0.24038 0.24980 0.27202 0.00000 0.00000 0.00000 0.00000 0.57735 0.57735 0.57735 0.33333 0.75000 0.75000 0.46181 0.74999 0.33333 0.33333 0.00000 0.33333 0.00000 0.00000 0.00000 0.00000
0.00000 0.00000 0.00000 0.00000 0.33333 0.18674 0.17962 0.18946 0.37969 0.36226 0.18547 0.74999 0.18674 0.16738 0.44437 0.51146 0.40642 0.24563 0.27659 0.26073 0.00000 0.00000 0.00000 0.00000 0.54312 0.57735 0.55512 0.46403 0.18946 0.37969 0.36226 0.18547 0.33333 0.18674 0.17962 0.18946 0.00000 0.00000 0.00000 0.00000
0.00000 0.00000 0.00000 0.00000 0.29120 0.18475 0.48053 0.18780 0.33333 0.17864 0.18336 0.33333 0.18475 0.36847 0.47342 0.50501 0.28598 0.14958 0.32409 0.21962 0.00000 0.00000 0.00000 0.00000 0.50999 0.50695 0.28312 0.46937 0.18780 0.33333 0.17864 0.18336 0.29120 0.18475 0.48053 0.18780 0.00000 0.00000 0.00000 0.00000
0.00000 0.00000 0.00000 0.00000 0.70635 0.70593 0.41272 0.70605 0.70786 0.41059 0.70590 0.70791 0.70593 0.72310 0.79157 0.82062 0.55320 0.50198 0.52644 0.49854 0.00000 0.00000 0.00000 0.00000 0.76554 0.74304 0.72471 0.67744 0.70605 0.70786 0.41059 0.70590 0.70635 0.70593 0.41272 0.70605 0.00000 0.00000 0.00000 0.00000
0.53458 0.53458 0.53458 1.00000 1.00000 1.00000 0.50085 1.00000 1.00000 0.49978 1.00000 1.00000 1.00000 0.97246 1.00000 1.00000 0.95693 0.97832 1.00000 0.97832 0.95822 1.00000 1.00000 0.98300 1.00000 1.00000 1.00000 0.96571 1.00000 1.00000 0.50322 1.00000 1.00000 1.00000 0.50085 1.00000 1.00000 0.49978 0.53458 0.53458
0.33333 0.55918 0.55918 0.95143 1.00000 0.95292 0.92320 0.95792 0.95974 0.94751 0.95143 1.00000 0.93144 0.93684 1.00000 1.00000 1.00000 1.00000 1.00000 1.00000 1.00000 1.00000 1.00000 1.00000 0.98592 1.00000 1.00000 0.94743 0.95792 0.95974 0.95001 0.95143 1.00000 0.95292 0.92320 0.95792 0.95974 0.94751 0.55918 0.55918
0.33333 0.33333 0.33333 1.00000 1.00000 1.00000 0.96934 1.00000 1.00000 1.00000 1.00000 1.00000 0.97260 0.97533 1.00000 1.00000 1.00000 1.00000 1.00000 1.00000 1.00000 1.00000 1.00000 1.00000 0.98426 1.00000 1.00000 0.98828 1.00000 1.00000 1.00000 1.00000 1.00000 1.00000 0.96934 1.00000 1.00000 1.00000 0.33333 0.33333
0.33333 0.33333 0.33333 1.00000 1.00000 1.00000 0.57018 1.00000 1.00000 0.56683 1.00000 1.00000 1.00000 0.96256 1.00000 1.00000 0.94194 0.97042 1.00000 0.97042 0.94363 1.00000 1.00000 0.97675 1.00000 1.00000 1.00000 0.95354 1.00000 1.00000 0.56683 1.00000 1.00000 1.00000 0.57018 1.00000 1.00000 0.56683 0.33333 0.33333
0.00000 0.33333 0.33333 0.55888 1.00000 0.55305 0.33333 0.53206 1.00000 0.33333 0.55888 1.00000 0.55305 0.73624 0.91740 1.00000 1.00000 0.93003 1.00000 0.93003 1.00000 0.97972 0.93786 0.97222 0.94779 1.00000 0.96588 0.56779 0.53206 1.00000 0.33333 0.55888 1.00000 0.55305 0.33333 0.53206 1.00000 0.33333 0.33333 0.33333
0.00000 0.00000 0.00000 0.00000 0.00000 0.00000 0.00000 0.00000 0.33333 0.00000 0.00000 0.33333 0.00000 0.00000 0.33333 0.33333 0.16667 0.16667 0.75000 0.00000 0.00000 0.25118 0.53357 0.33333 0.33333 0.28033 0.00000 0.00000 0.00000 0.00000 0.00000 0.00000 0.00000 0.00000 0.00000 0.00000 0.00000 0.00000 0.00000 0.00000
