# name=longhouses_12x60 field=256x160 stride=8
20 32
0.00000 0.00000 0.58560 0.61331 0.74662 0.61018 0.78088 0.33333 0.33333 0.33333 0.33333 0.33333 0.33333 0.57860 0.33333 0.57830 0.33333 0.33333 0.33333 0.33333 0.00000 0.00000 0.00000 0.00000 0.57830 0.33333 0.33333 0.33333 0.00000 0.00000 0.00000 0.00000
0.00000 0.55489 0.58560 0.73802 0.74662 0.73563 0.78088 0.74355 0.57678 0.57559 0.57412 0.57769 0.57043 0.57860 0.56824 0.57830 0.57239 0.57678 0.57559 0.57412 0.00000 0.00000 0.00000 0.00000 0.57830 0.57239 0.57678 0.57559 0.00000 0.00000 0.00000 0.00000
0.00000 0.55489 0.58560 0.73802 0.74662 0.78828 0.78088 0.74355 0.57678 0.57559 0.57412 0.57769 0.77594 0.57860 0.77636 0.57830 0.57239 0.57678 0.57559 0.57412 0.00000 0.00000 0.00000 0.00000 0.57830 0.57239 0.57678 0.57559 0.00000 0.00000 0.00000 0.00000
0.00000 0.74806 1.00000 0.96647 1.00000 0.95502 0.93982 0.97424 0.92425 0.93148 0.93817 0.91647 0.91930 1.00000 0.92020 0.90814 0.91750 0.92425 0.93148 0.93817 0.91647 0.91930 1.00000 0.92020 0.90814 0.91750 0.92425 0.93148 1.00000 0.52800 0.55196 0.00000
0.00000 1.00000 1.00000 1.00000 1.00000 0.95807 1.00000 1.00000 1.00000 1.00000 1.00000 1.00000 1.00000 1.00000 0.93863 1.00000 1.00000 1.00000 1.00000 1.00000 1.00000 1.00000 1.00000 0.93863 1.00000 1.00000 1.00000 1.00000 1.00000 1.00000 0.00000 0.00000
0.00000 1.00000 1.00000 0.97129 1.00000 0.95264 1.00000 1.00000 1.00000 1.00000 1.00000 1.00000 0.93017 1.00000 0.93096 1.00000 0.95211 1.00000 1.00000 1.00000 1.00000 0.93017 1.00000 0.93096 1.00000 0.95211 1.00000 1.00000 1.00000 1.00000 0.51966 0.00000
0.00000 0.76569 0.77782 0.96418 0.92603 0.95751 0.84052 0.97283 0.91943 0.92706 0.93414 0.51952 0.91421 0.51985 0.91516 0.51974 0.91231 0.91943 0.92706 0.93414 0.51952 0.91421 0.51985 0.91516 0.51974 0.91231 0.91943 0.92706 1.00000 0.53768 0.56589 0.00000
0.00000 0.55489 0.58560 0.60259 0.60961 0.93208 0.91466 0.82929 0.57678 0.57559 0.57412 0.57769 0.90311 0.57860 0.90410 0.57830 0.57239 0.57678 0.57559 0.57412 0.57769 0.90311 0.57860 0.90410 0.57830 0.57239 0.57678 0.57559 0.00000 0.00000 0.00000 0.00000
0.33333 0.80106 1.00000 1.00000 1.00000 1.00000 0.94084 0.95094 0.93616 0.94236 0.94808 0.92947 1.00000 1.00000 1.00000 0.92227 0.95334 0.93616 0.94236 0.94808 0.92947 1.00000 1.00000 1.00000 0.92227 0.95334 0.93616 0.94236 1.00000 0.50025 0.00000 0.00000
0.33333 0.80864 1.00000 0.96873 0.89715 1.00000 0.92952 1.00000 0.92905 0.93586 0.94217 0.92170 0.95332 0.46648 1.00000 0.91381 0.94798 0.92905 0.93586 0.94217 0.92170 0.95332 0.66755 1.00000 0.91381 0.94798 0.92905 0.93586 1.00000 0.51753 0.00000 0.00000
0.00000 0.41395 0.49134 0.73802 0.54663 0.50932 0.43918 0.32767 0.00000 0.00000 0.00000 0.00000 0.47140 0.23416 0.47140 0.23454 0.24167 0.23640 0.23785 0.23961 0.57769 0.77594 0.57860 0.77636 0.23454 0.24167 0.23640 0.23785 0.33333 0.33333 0.33333 0.00000
0.00000 0.75149 1.00000 0.96604 1.00000 0.94428 0.92885 0.97397 0.92333 0.93064 0.93741 0.91548 0.91833 1.00000 0.91924 0.90705 0.91651 0.92333 0.93064 0.93741 0.91548 0.91833 1.00000 0.91924 0.90705 0.91651 0.92333 0.93064 1.00000 0.52991 0.55467 0.00000
0.00000 0.75237 0.82304 0.85680 0.86880 0.76434 0.69579 0.58470 0.87507 0.88271 0.87281 0.88106 0.66545 0.50166 0.44922 0.50254 0.79960 0.80375 0.80262 0.80123 0.88106 0.91746 0.87923 0.73831 0.50254 0.50305 0.50350 0.50359 0.31293 0.31293 0.25019 0.00000
0.27650 0.81971 0.94398 0.93012 0.91564 0.88295 0.81230 0.71801 0.94826 0.98654 0.94917 0.98374 0.81240 0.85531 0.82100 0.85688 0.95714 0.91793 0.95830 0.91968 0.98374 0.97206 0.98059 0.97239 0.85688 0.86122 0.85929 0.86015 0.81930 0.77501 0.45838 0.00000
0.30959 0.92425 0.94730 0.93055 0.94928 0.89611 0.83792 0.80292 0.98866 1.00000 0.98711 1.00000 0.85214 0.83873 0.86107 0.90632 0.95911 0.96241 0.97433 0.95718 1.00000 0.97077 0.92217 0.97110 0.90632 0.88546 0.89487 0.88896 0.83372 0.84466 0.48395 0.33333
0.33333 0.92076 0.94172 0.95339 0.93721 0.93655 0.87136 0.83986 0.89308 0.91494 0.88872 0.90895 0.85569 0.83218 0.85414 0.83504 0.84715 0.84033 0.84276 0.84503 0.90895 0.94149 0.90325 0.93785 0.83504 0.84715 0.84033 0.84276 0.57735 0.57735 0.57735 0.33333
0.33333 1.00000 1.00000 0.97135 1.00000 0.98910 1.00000 0.97925 1.00000 1.00000 1.00000 1.00000 0.93030 1.00000 0.93109 1.00000 0.97649 1.00000 1.00000 1.00000 1.00000 0.93030 1.00000 0.93109 1.00000 0.97649 1.00000 1.00000 1.00000 1.00000 0.57484 0.33333
0.33333 0.81392 1.00000 0.96629 0.92948 0.98727 0.94015 1.00000 0.92385 0.93112 0.93784 0.91604 0.91888 0.48724 0.91979 0.90767 0.97104 0.92385 0.96980 0.93784 0.91604 0.91888 0.54631 0.91979 0.90767 0.94405 0.92385 0.93112 1.00000 0.55680 0.58682 0.00000
0.00000 0.55489 0.58560 0.61331 0.68272 0.61018 0.78088 0.74355 0.00000 0.00000 0.00000 0.00000 0.00000 0.00000 0.00000 0.00000 0.57239 0.57678 0.57559 0.57412 0.57769 0.33333 0.57860 0.33333 0.57830 0.57239 0.57678 0.57559 0.00000 0.00000 0.00000 0.00000
0.00000 0.00000 0.58560 0.61331 0.63207 0.61018 0.58182 0.33333 0.00000 0.00000 0.00000 0.00000 0.00000 0.00000 0.00000 0.00000 0.33333 0.33333 0.33333 0.33333 0.33333 0.33333 0.33333 0.33333 0.33333 0.33333 0.33333 0.33333 0.00000 0.00000 0.00000 0.00000
