# name=longhouses_12x100 field=320x240 stride=8
30 40
0.00000 0.00000 0.58560 0.61331 0.74662 0.61018 0.78088 0.33333 0.33333 0.33333 0.33333 0.33333 0.33333 0.57860 0.33333 0.57830 0.33333 0.33333 0.33333 0.33333 0.00000 0.00000 0.00000 0.00000 0.57830 0.33333 0.33333 0.33333 0.33333 0.33333 0.33333 0.57860 0.33333 0.57830 0.33333 0.33333 0.33333 0.33333 0.00000 0.00000
0.00000 0.55489 0.58560 0.73802 0.74662 0.73563 0.78088 0.74355 0.57678 0.57559 0.57412 0.57769 0.57043 0.57860 0.56824 0.57830 0.57239 0.57678 0.57559 0.57412 0.00000 0.00000 0.00000 0.00000 0.57830 0.57239 0.57678 0.57559 0.57412 0.57769 0.57043 0.57860 0.56824 0.57830 0.57239 0.57678 0.57559 0.33333 0.33333 0.00000
0.00000 0.55489 0.58560 0.73802 0.74662 0.78828 0.78088 0.74355 0.57678 0.57559 0.57412 0.57769 0.77594 0.57860 0.77636 0.57830 0.57239 0.57678 0.57559 0.57412 0.00000 0.00000 0.00000 0.00000 0.57830 0.57239 0.57678 0.57559 0.57412 0.57769 0.77594 0.57860 0.77636 0.57830 0.57239 0.57678 0.57559 0.33333 0.33333 0.33333
0.00000 0.75110 1.00000 0.96609 1.00000 0.94435 0.92895 0.97400 0.92344 0.93073 0.93749 0.91559 0.91844 1.00000 0.91935 0.90717 0.91662 0.92344 0.93073 0.93749 0.91559 0.91844 1.00000 0.91935 0.90717 0.91662 0.92344 0.93073 0.93749 0.91559 0.91844 1.00000 0.91935 0.90717 0.91662 0.92344 0.93073 1.00000 0.52969 0.55437
0.00000 0.75027 0.82161 0.85621 0.86114 0.76526 0.69516 0.58320 0.74349 0.77385 0.73738 0.76557 0.50145 0.50159 0.45125 0.50234 0.79807 0.80216 0.80105 0.79968 0.70711 0.70711 0.70711 0.64322 0.50234 0.50219 0.50303 0.50299 0.50271 0.50282 0.50145 0.50159 0.45125 0.50234 0.50219 0.50303 0.50299 0.29176 0.29812 0.00000
0.00000 0.76391 0.83090 0.85537 0.88199 0.84923 0.74379 0.55711 0.72973 0.74891 0.72590 0.74365 0.63935 0.50203 0.63959 0.50365 0.73068 0.76704 0.76632 0.76544 0.70711 0.62513 0.70711 0.62534 0.50365 0.47199 0.50608 0.50689 0.50745 0.50500 0.63935 0.50203 0.62534 0.50365 0.47199 0.50608 0.48991 0.28281 0.27014 0.20569
0.00000 0.51597 0.59956 0.86020 0.85750 0.89065 0.84063 0.83641 0.45328 0.45136 0.44890 0.16637 0.76561 0.45126 0.76617 0.45092 0.76451 0.67989 0.68508 0.68978 0.45026 0.76561 0.45126 0.76617 0.45092 0.76451 0.45328 0.45136 0.47617 0.45026 0.76561 0.45126 0.76617 0.45092 0.76451 0.45328 0.45136 0.27562 0.17920 0.16925
0.00000 0.57318 0.93970 0.89801 0.91441 0.91045 0.88069 0.76113 0.60032 0.46145 0.60908 0.46404 0.81556 0.75326 0.81616 0.69892 0.68288 0.69397 0.69073 0.68702 0.69671 0.81556 0.79106 0.81616 0.69892 0.68288 0.69397 0.69073 0.68702 0.69671 0.81556 0.75326 0.81616 0.69892 0.68288 0.69397 0.48023 0.59662 0.00000 0.00000
0.00000 0.83887 0.88301 0.89965 0.91441 0.83771 0.91466 0.82929 0.79181 0.79103 0.79441 0.78974 0.62783 0.75326 0.33333 0.75246 0.73718 0.74852 0.74543 0.74163 0.79085 0.69062 0.78965 0.33333 0.75246 0.73718 0.74852 0.74543 0.74163 0.75087 0.62783 0.75326 0.33333 0.75246 0.73718 0.74852 0.86157 0.57592 0.57292 0.00000
0.00000 0.53582 0.93064 0.91808 0.87876 0.90271 0.85880 0.72196 0.65768 0.66232 0.66898 0.65270 0.75112 0.41173 0.75155 0.66612 0.65232 0.66248 0.66232 0.64972 0.68565 0.78359 0.42697 0.78408 0.68747 0.65232 0.68335 0.68061 0.65305 0.68565 0.78359 0.42697 0.78408 0.68747 0.65232 0.68335 0.85513 0.82865 0.35749 0.33858
0.00000 0.73499 0.83718 0.88089 0.91441 0.90572 0.84013 0.85551 0.70711 0.70711 0.46717 0.70711 0.72662 0.50233 0.72702 0.50455 0.72581 0.50815 0.50954 0.46717 0.70711 0.79605 0.70711 0.79658 0.53214 0.79498 0.53968 0.54312 0.46717 0.50649 0.79605 0.50233 0.79658 0.63553 0.79498 0.63671 0.73775 0.52793 0.54514 0.00000
0.00000 0.76020 0.82293 0.90388 0.91441 0.92637 0.84041 0.78071 0.70711 0.70711 0.70711 0.70711 0.66955 0.50126 0.67246 0.50135 0.49799 0.50074 0.50006 0.49914 0.70711 0.70662 0.70711 0.78014 0.54317 0.55607 0.54883 0.55141 0.49914 0.50118 0.70662 0.50126 0.83134 0.69738 0.69797 0.69753 0.78202 0.57059 0.57288 0.00000
0.00000 0.96240 0.97164 0.97468 1.00000 0.97051 0.97531 0.98118 0.96925 0.96962 1.00000 0.96898 0.93797 0.96870 0.93868 0.96879 0.97893 0.96925 0.96962 1.00000 0.96898 0.96842 0.96870 0.97329 0.96879 0.97893 0.96925 0.96962 1.00000 0.96898 1.00000 0.96870 0.93868 0.96879 0.97893 0.96925 0.96962 1.00000 0.95664 0.53354
0.30570 0.94350 1.00000 0.97556 1.00000 0.97826 1.00000 0.97956 1.00000 1.00000 0.95265 1.00000 0.93776 0.95533 0.93848 1.00000 0.93633 1.00000 1.00000 0.95265 1.00000 0.94945 0.95533 0.95583 1.00000 0.93633 1.00000 1.00000 0.98436 1.00000 1.00000 0.95533 0.94785 1.00000 0.94368 1.00000 1.00000 1.00000 0.93860 0.50666
0.33333 1.00000 1.00000 1.00000 1.00000 0.99018 1.00000 1.00000 1.00000 1.00000 1.00000 1.00000 1.00000 1.00000 0.98592 1.00000 1.00000 1.00000 1.00000 1.00000 1.00000 1.00000 1.00000 0.98592 1.00000 1.00000 1.00000 1.00000 1.00000 1.00000 1.00000 1.00000 0.97489 1.00000 1.00000 1.00000 1.00000 1.00000 1.00000 0.33333
0.30225 0.83702 1.00000 0.97357 1.00000 0.96155 1.00000 0.97886 0.93946 0.94536 0.95081 1.00000 0.93540 1.00000 0.93614 1.00000 0.93392 0.93946 0.94536 0.95081 1.00000 0.96307 1.00000 0.95727 1.00000 0.93392 0.93946 0.94536 0.95081 1.00000 0.96307 1.00000 0.93614 1.00000 0.93392 0.93946 0.94536 1.00000 0.93064 0.50268
0.00000 0.94302 0.95731 0.95229 0.94447 0.87637 0.89143 0.85932 0.80381 0.80273 0.80140 0.80463 0.78799 0.76105 0.72484 0.76439 0.75485 0.76965 0.77159 0.77308 0.80463 0.82248 0.80546 0.62871 0.76439 0.75485 0.76965 0.77159 0.77308 0.76725 0.75269 0.76105 0.44336 0.76439 0.75485 0.76965 0.90890 0.87822 0.88901 0.25503
0.00000 0.83233 0.87840 0.90388 0.91441 0.87787 0.80273 0.70627 0.70711 0.70711 0.70711 0.70711 0.66715 0.50149 0.66741 0.50204 0.50094 0.50235 0.50212 0.50165 0.70711 0.69051 0.70711 0.68820 0.50204 0.50094 0.50235 0.50212 0.50165 0.50233 0.66715 0.50149 0.66741 0.50204 0.50094 0.50235 0.76556 0.55648 0.55103 0.22226
0.00000 0.52090 0.87840 0.87893 0.91441 0.88885 0.80997 0.79313 0.46526 0.46380 0.46186 0.70711 0.69323 0.50257 0.69360 0.50527 0.69251 0.46526 0.46380 0.46186 0.70711 0.69323 0.70711 0.69360 0.50527 0.69251 0.46526 0.46380 0.46186 0.50767 0.69323 0.50257 0.69360 0.50527 0.69251 0.46526 0.49357 0.49713 0.47447 0.18868
0.00000 0.54853 0.92781 0.90735 0.92183 0.91045 0.84730 0.73210 0.65828 0.66288 0.66715 0.65332 0.76896 0.70512 0.81616 0.67014 0.67109 0.65828 0.66288 0.66715 0.65332 0.76896 0.78596 0.81616 0.65193 0.67109 0.65828 0.66288 0.66715 0.65332 0.76896 0.70512 0.81616 0.65193 0.67109 0.65828 0.63901 0.82475 0.16292 0.00000
0.00000 0.83887 0.88301 0.89965 0.91441 0.83771 0.91466 0.82929 0.79181 0.79103 0.79441 0.78974 0.62783 0.75326 0.33333 0.75246 0.73718 0.74852 0.74543 0.74163 0.79085 0.69062 0.78965 0.33333 0.75246 0.73718 0.74852 0.74543 0.74163 0.75087 0.62783 0.75326 0.33333 0.75246 0.73718 0.74852 0.86157 0.57592 0.57292 0.00000
0.00000 0.56615 0.94603 0.89988 0.86354 0.91273 0.88430 0.76850 0.45953 0.59688 0.45568 0.58932 0.82491 0.43621 0.82556 0.70468 0.68860 0.69978 0.69653 0.69280 0.70251 0.82491 0.43621 0.82556 0.70468 0.68860 0.69978 0.69653 0.69280 0.70251 0.82491 0.43621 0.82556 0.70468 0.68860 0.69978 0.79302 0.55524 0.37374 0.35913
0.00000 0.51785 0.84964 0.85925 0.85044 0.88233 0.84130 0.80888 0.75347 0.69301 0.75912 0.68262 0.73767 0.48082 0.73814 0.47934 0.73672 0.68807 0.69301 0.69745 0.75017 0.73767 0.74254 0.73814 0.45976 0.73672 0.45791 0.45618 0.47091 0.47760 0.73767 0.48082 0.73814 0.45976 0.73672 0.45791 0.24406 0.29980 0.00000 0.00000
0.23518 0.81978 0.87840 0.90391 0.90449 0.88854 0.79606 0.71418 0.87006 0.91118 0.86924 0.90434 0.79030 0.83523 0.78937 0.83777 0.84834 0.84242 0.84453 0.84650 0.90434 0.82014 0.89766 0.81895 0.83777 0.84834 0.84242 0.84453 0.84650 0.84017 0.79030 0.83523 0.78937 0.83777 0.84834 0.84242 0.73567 0.68100 0.53225 0.21273
0.53458 1.00000 1.00000 1.00000 1.00000 0.99240 1.00000 1.00000 1.00000 1.00000 1.00000 1.00000 0.95117 1.00000 0.95174 1.00000 1.00000 1.00000 1.00000 1.00000 1.00000 0.95117 1.00000 0.95174 1.00000 1.00000 1.00000 1.00000 1.00000 1.00000 0.95117 1.00000 0.95174 1.00000 1.00000 1.00000 1.00000 1.00000 1.00000 0.50673
0.55918 0.97985 1.00000 1.00000 1.00000 1.00000 1.00000 0.98436 1.00000 1.00000 1.00000 1.00000 1.00000 0.96608 1.00000 1.00000 0.98249 1.00000 1.00000 1.00000 1.00000 1.00000 0.96608 1.00000 1.00000 0.98249 1.00000 1.00000 1.00000 1.00000 1.00000 0.96608 1.00000 1.00000 0.98249 1.00000 1.00000 1.00000 0.95308 0.95192
0.33333 1.00000 1.00000 1.00000 1.00000 1.00000 1.00000 0.99140 1.00000 1.00000 1.00000 1.00000 1.00000 1.00000 1.00000 1.00000 0.98042 1.00000 1.00000 1.00000 1.00000 1.00000 1.00000 1.00000 1.00000 0.98042 1.00000 1.00000 1.00000 1.00000 1.00000 1.00000 1.00000 1.00000 0.98042 1.00000 1.00000 1.00000 1.00000 1.00000
0.33333 1.00000 1.00000 1.00000 1.00000 0.98974 1.00000 1.00000 1.00000 1.00000 1.00000 1.00000 0.93436 1.00000 0.93511 1.00000 1.00000 1.00000 1.00000 1.00000 1.00000 0.98687 1.00000 0.98322 1.00000 1.00000 1.00000 1.00000 1.00000 1.00000 0.96824 1.00000 0.98514 1.00000 1.00000 1.00000 1.00000 1.00000 1.00000 0.76907
0.33333 0.80504 1.00000 1.00000 1.00000 1.00000 0.96921 1.00000 0.93248 0.93900 0.94502 0.92544 1.00000 0.90978 1.00000 0.91788 1.00000 0.93737 1.00000 0.94502 0.92544 1.00000 0.90978 1.00000 0.93386 1.00000 0.93737 1.00000 0.94502 0.92544 1.00000 0.90978 1.00000 0.91788 0.95057 0.93248 0.93900 1.00000 0.55239 0.33333
0.00000 0.00000 0.58560 0.61331 0.63207 0.61018 0.58182 0.33333 0.00000 0.00000 0.00000 0.00000 0.00000 0.00000 0.00000 0.00000 0.33333 0.33333 0.33333 0.33333 0.33333 0.33333 0.33333 0.33333 0.33333 0.33333 0.33333 0.33333 0.00000 0.00000 0.00000 0.00000 0.00000 0.00000 0.00000 0.00000 0.00000 0.00000 0.00000 0.00000
