# name=two_districts_256x512 field=512x256 stride=8
32 64
0.00000 0.33333 0.53815 0.56773 0.87825 0.87575 0.87825 0.87575 0.87825 0.87575 0.87825 0.87575 0.87825 0.87575 0.87825 0.87575 0.87825 0.87575 0.87825 0.87575 0.87825 0.87575 0.87825 0.87575 0.87825 0.87575 0.87825 0.87575 0.87825 0.55897 0.52806 0.33333 0.00000 0.00000 0.00000 0.00000 0.00000 0.00000 0.00000 0.00000 0.00000 0.00000 0.00000 0.00000 0.00000 0.00000 0.00000 0.00000 0.00000 0.00000 0.00000 0.00000 0.00000 0.00000 0.00000 0.00000 0.00000 0.00000 0.00000 0.00000 0.00000 0.00000 0.00000 0.00000
0.33333 0.52211 1.00000 0.93222 1.00000 0.95167 1.00000 0.95167 1.00000 0.95167 1.00000 0.95167 1.00000 0.95167 1.00000 0.95167 1.00000 0.95167 1.00000 0.95167 1.00000 0.95167 1.00000 0.95167 1.00000 0.95167 1.00000 0.95167 1.00000 0.95852 1.00000 0.53470 0.00000 0.00000 0.00000 0.00000 0.00000 0.00000 0.00000 0.00000 0.00000 0.00000 0.00000 0.00000 0.00000 0.00000 0.00000 0.00000 0.00000 0.00000 0.00000 0.00000 0.16667 0.16667 0.00000 0.00000 0.00000 0.00000 0.33333 0.33333 0.33333 0.33333 0.33333 0.00000
0.53815 1.00000 0.95276 1.00000 0.96239 1.00000 0.96239 1.00000 0.96239 1.00000 0.96239 1.00000 0.96239 1.00000 0.96239 1.00000 0.96239 1.00000 0.96239 1.00000 0.96239 1.00000 0.96239 1.00000 0.96239 1.00000 0.96239 1.00000 0.98026 1.00000 0.97159 1.00000 0.00000 0.00000 0.00000 0.00000 0.00000 0.00000 0.00000 0.00000 0.00000 0.00000 0.00000 0.00000 0.00000 0.00000 0.00000 0.00000 0.00000 0.00000 0.14117 0.00000 0.16667 0.16667 0.16667 0.16667 0.00000 0.33333 0.33333 0.33333 0.33333 0.33333 0.33333 0.33333
0.56773 0.93222 1.00000 1.00000 1.00000 1.00000 1.00000 1.00000 1.00000 1.00000 1.00000 1.00000 1.00000 1.00000 1.00000 1.00000 1.00000 1.00000 1.00000 1.00000 1.00000 1.00000 1.00000 1.00000 1.00000 1.00000 1.00000 1.00000 1.00000 1.00000 1.00000 0.94236 0.00000 0.00000 0.00000 0.00000 0.00000 0.00000 0.00000 0.00000 0.00000 0.00000 0.00000 0.00000 0.00000 0.00000 0.00000 0.00000 0.00000 0.00000 0.13648 0.00000 0.16667 0.16667 0.16667 0.16667 0.00000 0.33333 0.33333 0.33333 0.33333 0.33333 0.33333 0.33333
0.87825 1.00000 0.96239 1.00000 0.98851 1.00000 0.98851 1.00000 0.98851 1.00000 0.98851 1.00000 0.98851 1.00000 0.98851 1.00000 0.98851 1.00000 0.98851 1.00000 0.98851 1.00000 0.98851 1.00000 0.98851 1.00000 0.98851 1.00000 0.98816 1.00000 0.97764 0.93271 0.00000 0.00000 0.00000 0.00000 0.00000 0.00000 0.00000 0.00000 0.00000 0.00000 0.00000 0.00000 0.00000 0.00000 0.00000 0.00000 0.00000 0.24160 0.16667 0.15901 0.23442 0.23406 0.23370 0.16667 0.00000 0.33333 0.33333 0.33333 0.33333 0.33333 0.33333 0.33333
0.87575 0.95167 1.00000 1.00000 1.00000 1.00000 1.00000 1.00000 1.00000 1.00000 1.00000 1.00000 1.00000 1.00000 1.00000 1.00000 1.00000 1.00000 1.00000 1.00000 1.00000 1.00000 1.00000 1.00000 1.00000 1.00000 1.00000 1.00000 1.00000 1.00000 0.97224 0.96687 0.00000 0.00000 0.00000 0.00000 0.00000 0.00000 0.00000 0.00000 0.00000 0.00000 0.00000 0.00000 0.00000 0.00000 0.00000 0.00000 0.00000 0.23685 0.14999 0.14772 0.22902 0.22789 0.22687 0.16667 0.00000 0.33333 0.33333 0.33333 0.33333 0.33333 0.33333 0.33333
0.87825 1.00000 0.96239 1.00000 0.98851 1.00000 0.98851 1.00000 0.98851 1.00000 0.98851 1.00000 0.98851 1.00000 0.98851 1.00000 0.98851 1.00000 0.98851 1.00000 0.98851 1.00000 0.98851 1.00000 0.98851 1.00000 0.98851 1.00000 0.98816 1.00000 0.97764 0.93271 0.20015 0.19347 0.00000 0.00000 0.00000 0.00000 0.00000 0.00000 0.00000 0.00000 0.00000 0.00000 0.00000 0.00000 0.00000 0.00000 0.00000 0.00000 0.13024 0.12729 0.21176 0.20965 0.16667 0.16667 0.00000 0.00000 0.33333 0.33333 0.33333 0.33333 0.33333 0.00000
0.87575 0.95167 1.00000 1.00000 1.00000 1.00000 1.00000 1.00000 1.00000 1.00000 1.00000 1.00000 1.00000 1.00000 1.00000 1.00000 1.00000 1.00000 1.00000 1.00000 1.00000 1.00000 1.00000 1.00000 1.00000 1.00000 1.00000 1.00000 1.00000 1.00000 0.97224 0.89530 0.40168 0.18292 0.00000 0.00000 0.00000 0.00000 0.00000 0.00000 0.00000 0.00000 0.00000 0.00000 0.00000 0.00000 0.00000 0.00000 0.00000 0.00000 0.00000 0.00000 0.25316 0.16667 0.16667 0.16667 0.00000 0.00000 0.00000 0.33333 0.33333 0.33333 0.00000 0.00000
0.87825 1.00000 0.96239 1.00000 0.98851 1.00000 0.98851 1.00000 0.98851 1.00000 0.98851 1.00000 0.98851 1.00000 0.98851 1.00000 0.98851 1.00000 0.98851 1.00000 0.98851 1.00000 0.98851 1.00000 0.98851 1.00000 0.98851 1.00000 0.98816 1.00000 0.97764 0.84475 0.42055 0.34046 0.00000 0.00000 0.00000 0.00000 0.00000 0.00000 0.00000 0.00000 0.00000 0.00000 0.00000 0.00000 0.00000 0.00000 0.00000 0.00000 0.00000 0.00000 0.00000 0.00000 0.00000 0.00000 0.00000 0.00000 0.00000 0.00000 0.00000 0.00000 0.00000 0.00000
0.87575 0.95167 1.00000 1.00000 1.00000 1.00000 1.00000 1.00000 1.00000 1.00000 1.00000 1.00000 1.00000 1.00000 1.00000 1.00000 1.00000 1.00000 1.00000 1.00000 1.00000 1.00000 1.00000 1.00000 1.00000 1.00000 1.00000 1.00000 1.00000 1.00000 0.97224 0.88790 0.42784 0.35253 0.00000 0.00000 0.00000 0.00000 0.00000 0.00000 0.00000 0.00000 0.00000 0.00000 0.00000 0.00000 0.00000 0.00000 0.00000 0.00000 0.00000 0.00000 0.00000 0.00000 0.00000 0.00000 0.00000 0.00000 0.00000 0.00000 0.00000 0.00000 0.00000 0.00000
0.87825 1.00000 0.96239 1.00000 0.98851 1.00000 0.98851 1.00000 0.98851 1.00000 0.98851 1.00000 0.98851 1.00000 0.98851 1.00000 0.98851 1.00000 0.98851 1.00000 0.98851 1.00000 0.98851 1.00000 0.98851 1.00000 0.98851 1.00000 0.98816 1.00000 0.97764 0.93271 0.41111 0.19583 0.00000 0.00000 0.00000 0.00000 0.00000 0.00000 0.00000 0.00000 0.00000 0.00000 0.00000 0.00000 0.00000 0.00000 0.00000 0.00000 0.00000 0.00000 0.00000 0.00000 0.00000 0.00000 0.00000 0.00000 0.00000 0.00000 0.00000 0.00000 0.00000 0.00000
0.87575 0.95167 1.00000 1.00000 1.00000 1.00000 1.00000 1.00000 1.00000 1.00000 1.00000 1.00000 1.00000 1.00000 1.00000 1.00000 1.00000 1.00000 1.00000 1.00000 1.00000 1.00000 1.00000 1.00000 1.00000 1.00000 1.00000 1.00000 1.00000 1.00000 0.97224 0.96687 0.21054 0.21064 0.00000 0.00000 0.00000 0.00000 0.00000 0.00000 0.00000 0.00000 0.00000 0.00000 0.00000 0.00000 0.00000 0.00000 0.00000 0.00000 0.00000 0.00000 0.00000 0.00000 0.00000 0.00000 0.00000 0.00000 0.00000 0.00000 0.00000 0.00000 0.00000 0.00000
0.87825 1.00000 0.96239 1.00000 0.98851 1.00000 0.98851 1.00000 0.98851 1.00000 0.98851 1.00000 0.98851 1.00000 0.98851 1.00000 0.98851 1.00000 0.98851 1.00000 0.98851 1.00000 0.98851 1.00000 0.98851 1.00000 0.98851 1.00000 0.98816 1.00000 0.97764 0.93271 0.57059 0.33333 0.00000 0.00000 0.00000 0.00000 0.00000 0.00000 0.00000 0.00000 0.00000 0.00000 0.00000 0.00000 0.00000 0.00000 0.00000 0.00000 0.00000 0.00000 0.00000 0.00000 0.00000 0.00000 0.33333 0.33333 0.33333 0.00000 0.00000 0.00000 0.00000 0.00000
0.87575 0.95167 1.00000 1.00000 1.00000 1.00000 1.00000 1.00000 1.00000 1.00000 1.00000 1.00000 1.00000 1.00000 1.00000 1.00000 1.00000 1.00000 1.00000 1.00000 1.00000 1.00000 1.00000 1.00000 1.00000 1.00000 1.00000 1.00000 1.00000 1.00000 0.97224 0.96687 0.47335 0.30369 0.16667 0.16667 0.00000 0.00000 0.00000 0.00000 0.00000 0.00000 0.00000 0.00000 0.00000 0.00000 0.00000 0.00000 0.00000 0.00000 0.00000 0.00000 0.00000 0.00000 0.00000 0.00000 0.33333 0.33333 0.33333 0.33333 0.00000 0.00000 0.00000 0.00000
0.87825 1.00000 0.96239 1.00000 0.98851 1.00000 0.98851 1.00000 0.98851 1.00000 0.98851 1.00000 0.98851 1.00000 0.98851 1.00000 0.98851 1.00000 0.98851 1.00000 0.98851 1.00000 0.98851 1.00000 0.98851 1.00000 0.98851 1.00000 0.98816 1.00000 0.97764 0.87149 0.41242 0.26295 0.16667 0.15115 0.00000 0.00000 0.00000 0.00000 0.00000 0.00000 0.00000 0.00000 0.00000 0.00000 0.00000 0.00000 0.00000 0.00000 0.00000 0.00000 0.00000 0.00000 0.00000 0.00000 0.33333 0.33333 0.33333 0.33333 0.00000 0.00000 0.00000 0.00000
0.87575 0.95167 1.00000 1.00000 1.00000 1.00000 1.00000 1.00000 1.00000 1.00000 1.00000 1.00000 1.00000 1.00000 1.00000 1.00000 1.00000 1.00000 1.00000 1.00000 1.00000 1.00000 1.00000 1.00000 1.00000 1.00000 1.00000 1.00000 1.00000 1.00000 0.97224 0.91005 0.36601 0.24286 0.15107 0.14058 0.00000 0.00000 0.00000 0.00000 0.00000 0.00000 0.00000 0.00000 0.00000 0.00000 0.00000 0.00000 0.00000 0.00000 0.00000 0.00000 0.00000 0.00000 0.00000 0.00000 0.00000 0.00000 0.00000 0.00000 0.00000 0.00000 0.00000 0.00000
0.87825 1.00000 0.96239 1.00000 0.98851 1.00000 0.98851 1.00000 0.98851 1.00000 0.98851 1.00000 0.98851 1.00000 0.98851 1.00000 0.98851 1.00000 0.98851 1.00000 0.98851 1.00000 0.98851 1.00000 0.98851 1.00000 0.98851 1.00000 0.98816 1.00000 0.97764 0.89510 0.42794 0.28834 0.42177 0.49695 0.37576 0.38893 0.23865 0.19875 0.00000 0.00000 0.00000 0.00000 0.00000 0.00000 0.00000 0.00000 0.00000 0.00000 0.00000 0.00000 0.00000 0.00000 0.00000 0.00000 0.00000 0.00000 0.00000 0.00000 0.00000 0.00000 0.00000 0.00000
0.87575 0.95167 1.00000 1.00000 1.00000 1.00000 1.00000 1.00000 1.00000 1.00000 1.00000 1.00000 1.00000 1.00000 1.00000 1.00000 1.00000 1.00000 1.00000 1.00000 1.00000 1.00000 1.00000 1.00000 1.00000 1.00000 1.00000 1.00000 1.00000 1.00000 0.97224 0.94233 0.41458 0.62728 0.46194 0.53949 0.37915 0.38860 0.25859 0.16667 0.00000 0.00000 0.00000 0.00000 0.00000 0.00000 0.00000 0.00000 0.00000 0.00000 0.00000 0.00000 0.00000 0.00000 0.00000 0.00000 0.00000 0.00000 0.00000 0.00000 0.00000 0.00000 0.00000 0.00000
0.87825 1.00000 0.96239 1.00000 0.98851 1.00000 0.98851 1.00000 0.98851 1.00000 0.98851 1.00000 0.98851 1.00000 0.98851 1.00000 0.98851 1.00000 0.98851 1.00000 0.98851 1.00000 0.98851 1.00000 0.98851 1.00000 0.98851 1.00000 0.98816 1.00000 0.97764 0.95998 0.37203 0.23831 0.53434 0.60271 0.39337 0.27734 0.16667 0.16667 0.00000 0.00000 0.00000 0.00000 0.00000 0.00000 0.00000 0.00000 0.00000 0.00000 0.00000 0.00000 0.00000 0.00000 0.00000 0.00000 0.00000 0.00000 0.00000 0.00000 0.00000 0.00000 0.00000 0.00000
0.87575 0.95167 1.00000 1.00000 1.00000 1.00000 1.00000 1.00000 1.00000 1.00000 1.00000 1.00000 1.00000 1.00000 1.00000 1.00000 1.00000 1.00000 1.00000 1.00000 1.00000 1.00000 1.00000 1.00000 1.00000 1.00000 1.00000 1.00000 1.00000 1.00000 0.97224 0.96687 0.22450 0.31324 0.25170 0.28674 0.16667 0.16667 0.16667 0.16667 0.00000 0.00000 0.00000 0.00000 0.00000 0.00000 0.00000 0.00000 0.00000 0.00000 0.00000 0.00000 0.00000 0.00000 0.00000 0.00000 0.15768 0.00000 0.00000 0.00000 0.00000 0.00000 0.00000 0.00000
0.87825 1.00000 0.96239 1.00000 0.98851 1.00000 0.98851 1.00000 0.98851 1.00000 0.98851 1.00000 0.98851 1.00000 0.98851 1.00000 0.98851 1.00000 0.98851 1.00000 0.98851 1.00000 0.98851 1.00000 0.98851 1.00000 0.98851 1.00000 0.98816 1.00000 0.97764 0.93271 0.00000 0.00000 0.00000 0.00000 0.00000 0.00000 0.00000 0.00000 0.00000 0.00000 0.00000 0.00000 0.00000 0.00000 0.00000 0.00000 0.00000 0.00000 0.00000 0.00000 0.00000 0.00000 0.00000 0.00000 0.00000 0.00000 0.00000 0.00000 0.00000 0.00000 0.00000 0.00000
0.87575 0.95167 1.00000 1.00000 1.00000 1.00000 1.00000 1.00000 1.00000 1.00000 1.00000 1.00000 1.00000 1.00000 1.00000 1.00000 1.00000 1.00000 1.00000 1.00000 1.00000 1.00000 1.00000 1.00000 1.00000 1.00000 1.00000 1.00000 1.00000 1.00000 0.97224 0.96687 0.00000 0.00000 0.00000 0.00000 0.00000 0.00000 0.00000 0.00000 0.33333 0.28590 0.26512 0.17817 0.11968 0.00000 0.00000 0.00000 0.00000 0.00000 0.00000 0.00000 0.00000 0.00000 0.00000 0.00000 0.00000 0.00000 0.00000 0.00000 0.00000 0.00000 0.00000 0.00000
0.87825 1.00000 0.96239 1.00000 0.98851 1.00000 0.98851 1.00000 0.98851 1.00000 0.98851 1.00000 0.98851 1.00000 0.98851 1.00000 0.98851 1.00000 0.98851 1.00000 0.98851 1.00000 0.98851 1.00000 0.98851 1.00000 0.98851 1.00000 0.98816 1.00000 0.97764 0.93271 0.00000 0.00000 0.00000 0.00000 0.00000 0.00000 0.00000 0.00000 0.33333 0.29368 0.27531 0.21060 0.15534 0.09970 0.00000 0.00000 0.00000 0.00000 0.00000 0.00000 0.00000 0.00000 0.00000 0.00000 0.00000 0.00000 0.00000 0.00000 0.00000 0.00000 0.00000 0.00000
0.87575 0.95167 1.00000 1.00000 1.00000 1.00000 1.00000 1.00000 1.00000 1.00000 1.00000 1.00000 1.00000 1.00000 1.00000 1.00000 1.00000 1.00000 1.00000 1.00000 1.00000 1.00000 1.00000 1.00000 1.00000 1.00000 1.00000 1.00000 1.00000 1.00000 0.97224 0.96687 0.00000 0.00000 0.00000 0.00000 0.00000 0.00000 0.00000 0.00000 0.33333 0.30042 0.28443 0.23718 0.18905 0.13338 0.00000 0.00000 0.00000 0.00000 0.00000 0.00000 0.00000 0.22326 0.24893 0.26618 0.00000 0.00000 0.00000 0.00000 0.00000 0.00000 0.00000 0.00000
0.87825 1.00000 0.96239 1.00000 0.98851 1.00000 0.98851 1.00000 0.98851 1.00000 0.98851 1.00000 0.98851 1.00000 0.98851 1.00000 0.98851 1.00000 0.98851 1.00000 0.98851 1.00000 0.98851 1.00000 0.98851 1.00000 0.98851 1.00000 0.98816 1.00000 0.97764 0.93271 0.00000 0.00000 0.00000 0.00000 0.00000 0.00000 0.00000 0.00000 0.33333 0.54404 0.52567 0.47046 0.00000 0.00000 0.00000 0.00000 0.00000 0.00000 0.00000 0.00000 0.28782 0.34791 0.40301 0.24103 0.16667 0.16667 0.16667 0.00000 0.00000 0.00000 0.00000 0.00000
0.87575 0.95167 1.00000 1.00000 1.00000 1.00000 1.00000 1.00000 1.00000 1.00000 1.00000 1.00000 1.00000 1.00000 1.00000 1.00000 1.00000 1.00000 1.00000 1.00000 1.00000 1.00000 1.00000 1.00000 1.00000 1.00000 1.00000 1.00000 1.00000 1.00000 0.97224 0.96687 0.00000 0.00000 0.00000 0.00000 0.00000 0.00000 0.00000 0.00000 0.33333 0.54829 0.53328 0.51106 0.00000 0.00000 0.00000 0.00000 0.00000 0.00000 0.00000 0.00000 0.16667 0.42386 0.46024 0.00000 0.16667 0.16667 0.16667 0.00000 0.00000 0.00000 0.00000 0.00000
0.87825 1.00000 0.96239 1.00000 0.98851 1.00000 0.98851 1.00000 0.98851 1.00000 0.98851 1.00000 0.98851 1.00000 0.98851 1.00000 0.98851 1.00000 0.98851 1.00000 0.98851 1.00000 0.98851 1.00000 0.98851 1.00000 0.98851 1.00000 0.98816 1.00000 0.97764 0.93271 0.00000 0.00000 0.00000 0.00000 0.00000 0.00000 0.00000 0.00000 0.33333 0.33333 0.53910 0.52076 0.00000 0.00000 0.00000 0.00000 0.00000 0.00000 0.00000 0.00000 0.16667 0.16667 0.44863 0.46701 0.16667 0.00000 0.00000 0.00000 0.00000 0.00000 0.00000 0.00000
0.87575 0.95167 1.00000 1.00000 1.00000 1.00000 1.00000 1.00000 1.00000 1.00000 1.00000 1.00000 1.00000 1.00000 1.00000 1.00000 1.00000 1.00000 1.00000 1.00000 1.00000 1.00000 1.00000 1.00000 1.00000 1.00000 1.00000 1.00000 1.00000 1.00000 0.97224 0.96687 0.00000 0.00000 0.00000 0.00000 0.00000 0.00000 0.00000 0.00000 0.33333 0.33333 0.33333 0.33333 0.00000 0.00000 0.00000 0.00000 0.00000 0.00000 0.00000 0.00000 0.16667 0.16667 0.16667 0.16667 0.00000 0.00000 0.00000 0.00000 0.00000 0.00000 0.00000 0.00000
0.87825 1.00000 0.98026 1.00000 0.98816 1.00000 0.98816 1.00000 0.98816 1.00000 0.98816 1.00000 0.98816 1.00000 0.98816 1.00000 0.98816 1.00000 0.98816 1.00000 0.98816 1.00000 0.98816 1.00000 0.98816 1.00000 0.98816 1.00000 1.00000 1.00000 1.00000 0.90428 0.00000 0.00000 0.00000 0.00000 0.00000 0.00000 0.00000 0.00000 0.00000 0.00000 0.00000 0.00000 0.00000 0.00000 0.00000 0.00000 0.00000 0.00000 0.00000 0.00000 0.00000 0.00000 0.00000 0.00000 0.00000 0.00000 0.00000 0.00000 0.00000 0.00000 0.00000 0.00000
0.55897 0.95852 1.00000 1.00000 1.00000 1.00000 1.00000 1.00000 1.00000 1.00000 1.00000 1.00000 1.00000 1.00000 1.00000 1.00000 1.00000 1.00000 1.00000 1.00000 1.00000 1.00000 1.00000 1.00000 1.00000 1.00000 1.00000 1.00000 1.00000 1.00000 0.96094 0.95503 0.00000 0.00000 0.00000 0.00000 0.00000 0.00000 0.00000 0.00000 0.00000 0.00000 0.00000 0.00000 0.00000 0.00000 0.00000 0.00000 0.00000 0.00000 0.00000 0.00000 0.00000 0.00000 0.00000 0.00000 0.00000 0.00000 0.00000 0.00000 0.00000 0.00000 0.00000 0.00000
0.52806 1.00000 0.97159 1.00000 0.97764 0.97224 0.97764 0.97224 0.97764 0.97224 0.97764 0.97224 0.97764 0.97224 0.97764 0.97224 0.97764 0.97224 0.97764 0.97224 0.97764 0.97224 0.97764 0.97224 0.97764 0.97224 0.97764 0.97224 1.00000 0.96094 1.00000 0.52318 0.00000 0.00000 0.00000 0.00000 0.00000 0.00000 0.00000 0.00000 0.00000 0.00000 0.00000 0.00000 0.00000 0.00000 0.00000 0.00000 0.00000 0.00000 0.00000 0.00000 0.00000 0.00000 0.00000 0.00000 0.00000 0.00000 0.00000 0.00000 0.00000 0.00000 0.00000 0.00000
0.33333 0.53470 1.00000 0.94236 0.93271 0.96687 0.93271 0.96687 0.93271 0.96687 0.93271 0.96687 0.93271 0.96687 0.93271 0.96687 0.93271 0.96687 0.93271 0.96687 0.93271 0.96687 0.93271 0.96687 0.93271 0.96687 0.93271 0.96687 0.90428 0.95503 0.52318 0.55026 0.00000 0.00000 0.00000 0.00000 0.00000 0.00000 0.00000 0.00000 0.00000 0.00000 0.00000 0.00000 0.00000 0.00000 0.00000 0.00000 0.00000 0.00000 0.00000 0.00000 0.00000 0.00000 0.00000 0.00000 0.00000 0.00000 0.00000 0.00000 0.00000 0.00000 0.00000 0.00000
