# name=grid_sheared field=200x200 stride=8
25 25
0.79998 0.92012 0.91135 0.94901 0.95309 0.95230 0.97763 0.95230 0.97763 0.95230 0.97763 0.95230 0.97763 0.95230 0.97763 0.95230 0.97763 0.95230 0.97763 0.95230 0.97763 0.97762 0.97762 0.97761 0.32587
0.89188 0.92609 0.93895 0.94387 0.96848 0.94358 0.97753 0.94358 0.97753 0.94358 0.97753 0.94358 0.97753 0.94358 0.97753 0.94358 0.97753 0.94358 0.97753 0.94358 0.97753 0.95621 0.96683 0.94208 0.84730
0.85587 0.94295 0.94845 0.96295 0.97776 0.97746 0.97745 0.97746 0.97745 0.97746 0.97745 0.97746 0.97745 0.97746 0.97745 0.97746 0.97745 0.97746 0.97745 0.97746 0.97745 0.97745 0.95564 0.97743 0.86192
0.93921 0.94823 0.94330 0.97154 0.96924 0.97058 0.96896 0.97058 0.96896 0.97058 0.96896 0.97058 0.96896 0.97058 0.96896 0.97058 0.96896 0.97058 0.96896 0.97058 0.96896 0.97737 0.97736 0.97735 0.95890
0.93964 0.96543 0.97033 0.97779 0.96967 0.97731 0.96972 0.97731 0.96972 0.97731 0.96972 0.97731 0.96972 0.97731 0.96972 0.97731 0.96972 0.97731 0.96972 0.97731 0.96972 0.97731 0.95570 0.95178 0.97727
0.88078 0.95466 0.95859 0.97755 0.97727 0.96762 0.97727 0.96762 0.97727 0.96762 0.97727 0.96762 0.97727 0.96762 0.97727 0.96762 0.97727 0.96762 0.97727 0.96762 0.97727 0.96762 0.97727 0.95807 0.96178
0.90215 0.92249 0.96172 0.96059 0.97727 0.97727 0.97727 0.97727 0.97727 0.97727 0.97727 0.97727 0.97727 0.97727 0.97727 0.97727 0.97727 0.97727 0.97727 0.97727 0.97727 0.97727 0.97757 0.94566 0.95635
0.85373 0.92776 0.97016 0.93070 0.97727 0.96873 0.97727 0.96873 0.97727 0.96873 0.97727 0.96873 0.97727 0.96873 0.97727 0.96873 0.97727 0.96873 0.97727 0.96873 0.97727 0.96868 0.97781 0.97057 0.95236
0.81076 0.92950 0.95257 0.95033 0.96201 0.96966 0.97727 0.96966 0.97727 0.96966 0.97727 0.96966 0.97727 0.96966 0.97727 0.96966 0.97727 0.96966 0.97727 0.96966 0.97727 0.96998 0.96871 0.94235 0.92854
0.86880 0.93667 0.95538 0.95296 0.96422 0.97727 0.96762 0.97727 0.96762 0.97727 0.96762 0.97727 0.96762 0.97727 0.96762 0.97727 0.96762 0.97727 0.96762 0.97727 0.96762 0.96389 0.96452 0.93878 0.93241
0.85364 0.93420 0.93969 0.96559 0.97757 0.97727 0.97727 0.97727 0.97727 0.97727 0.97727 0.97727 0.97727 0.97727 0.97727 0.97727 0.97727 0.97727 0.97727 0.97727 0.97727 0.96512 0.95999 0.95591 0.89167
0.94092 0.94706 0.94373 0.97117 0.96902 0.97727 0.96873 0.97727 0.96873 0.97727 0.96873 0.97727 0.96873 0.97727 0.96873 0.97727 0.96873 0.97727 0.96873 0.97727 0.96873 0.96815 0.94965 0.95112 0.92819
0.94331 0.96653 0.97817 0.97776 0.96962 0.97727 0.96966 0.97727 0.96966 0.97727 0.96966 0.97727 0.96966 0.97727 0.96966 0.97727 0.96966 0.97727 0.96966 0.97727 0.96966 0.97727 0.92923 0.95026 0.92707
0.88078 0.95466 0.95859 0.97755 0.97727 0.96762 0.97727 0.96762 0.97727 0.96762 0.97727 0.96762 0.97727 0.96762 0.97727 0.96762 0.97727 0.96762 0.97727 0.96762 0.97727 0.96762 0.95898 0.96008 0.92006
0.90215 0.92249 0.96172 0.96059 0.97727 0.97727 0.97727 0.97727 0.97727 0.97727 0.97727 0.97727 0.97727 0.97727 0.97727 0.97727 0.97727 0.97727 0.97727 0.97727 0.97727 0.97727 0.97757 0.94566 0.95350
0.85373 0.92776 0.97016 0.93070 0.97727 0.96873 0.97727 0.96873 0.97727 0.96873 0.97727 0.96873 0.97727 0.96873 0.97727 0.96873 0.97727 0.96873 0.97727 0.96873 0.97727 0.96868 0.97781 0.97057 0.95236
0.81076 0.92950 0.95257 0.95033 0.96201 0.96966 0.97727 0.96966 0.97727 0.96966 0.97727 0.96966 0.97727 0.96966 0.97727 0.96966 0.97727 0.96966 0.97727 0.96966 0.97727 0.96998 0.96871 0.94235 0.92854
0.86880 0.93667 0.95538 0.95296 0.96422 0.97727 0.96762 0.97727 0.96762 0.97727 0.96762 0.97727 0.96762 0.97727 0.96762 0.97727 0.96762 0.97727 0.96762 0.97727 0.96762 0.96389 0.96452 0.93878 0.93241
0.85364 0.93420 0.93969 0.96559 0.97757 0.97727 0.97727 0.97727 0.97727 0.97727 0.97727 0.97727 0.97727 0.97727 0.97727 0.97727 0.97727 0.97727 0.97727 0.97727 0.97727 0.96512 0.95999 0.95591 0.89167
0.94092 0.94706 0.94373 0.97117 0.96902 0.97727 0.96873 0.97727 0.96873 0.97727 0.96873 0.97727 0.96873 0.97727 0.96873 0.97727 0.96873 0.97727 0.96873 0.97727 0.96873 0.96815 0.94965 0.95112 0.92819
0.94331 0.96653 0.97817 0.97776 0.96962 0.97727 0.96966 0.97727 0.96966 0.97727 0.96966 0.97727 0.96966 0.97727 0.96966 0.97727 0.96966 0.97727 0.96966 0.97727 0.96966 0.97727 0.92923 0.95026 0.92707
0.93088 0.97816 0.97782 0.97757 0.97727 0.96088 0.97727 0.96088 0.97727 0.96088 0.97727 0.96088 0.97727 0.96088 0.97727 0.96088 0.97727 0.96088 0.97727 0.96088 0.97727 0.96088 0.95806 0.94855 0.91556
0.93338 0.94288 0.97754 0.95432 0.97727 0.94310 0.97727 0.94310 0.97727 0.94310 0.97727 0.94310 0.97727 0.94310 0.97727 0.94310 0.97727 0.94310 0.97727 0.94310 0.97727 0.94310 0.97727 0.92242 0.94622
0.54092 0.97727 0.94898 0.97727 0.96543 0.94948 0.96543 0.94948 0.96543 0.94948 0.96543 0.94948 0.96543 0.94948 0.96543 0.94948 0.96543 0.94948 0.96543 0.94948 0.96543 0.94948 0.91847 0.93726 0.50721
0.32576 0.53684 0.97727 0.85575 0.91102 0.90135 0.91102 0.90135 0.91102 0.90135 0.91102 0.90135 0.91102 0.90135 0.91102 0.90135 0.91102 0.90135 0.91102 0.90135 0.91102 0.90135 0.91102 0.71235 0.54136
