# name=mixed_regions field=200x200 stride=8
25 25
0.00000 0.00000 0.50295 0.00000 0.87825 0.87575 0.87825 0.87575 0.45557 0.00000 0.52806 0.00000 0.00000 0.00000 0.00000 0.00000 0.00000 0.00000 0.00000 0.00000 0.00000 0.00000 0.00000 0.00000 0.00000
0.00000 0.52211 1.00000 0.93222 1.00000 0.98200 1.00000 0.98200 1.00000 0.95852 1.00000 0.53470 0.12433 0.00000 0.00000 0.00000 0.00000 0.00000 0.00000 0.00000 0.00000 0.00000 0.00000 0.00000 0.00000
0.50295 1.00000 0.95276 1.00000 0.97174 1.00000 0.97174 1.00000 0.98026 1.00000 0.97159 1.00000 0.11783 0.06090 0.00000 0.00000 0.00000 0.00000 0.00000 0.00000 0.00000 0.00000 0.00000 0.00000 0.00000
0.00000 0.93222 1.00000 1.00000 1.00000 1.00000 1.00000 1.00000 1.00000 1.00000 1.00000 0.89632 0.49939 0.05636 0.00000 0.00000 0.00000 0.00000 0.00000 0.00000 0.00000 0.00000 0.00000 0.00000 0.00000
0.87825 1.00000 0.97174 1.00000 0.98851 1.00000 0.98851 1.00000 0.98451 1.00000 0.97764 0.90428 0.00000 0.00000 0.00000 0.00000 0.00000 0.00000 0.00000 0.00000 0.72079 0.81790 0.88355 0.91028 0.93218
0.87575 0.98200 1.00000 1.00000 1.00000 1.00000 1.00000 1.00000 1.00000 1.00000 0.96735 0.92648 0.00000 0.00000 0.00000 0.00000 0.00000 0.00000 0.00000 0.00000 0.75240 0.85770 0.90233 0.92943 0.92821
0.87825 1.00000 0.97174 1.00000 0.98851 1.00000 0.98851 1.00000 0.98451 1.00000 0.97764 0.90428 0.00000 0.00000 0.00000 0.00000 0.00000 0.00000 0.00000 0.00000 0.79465 0.87192 0.92872 0.92824 0.92740
0.87575 0.98200 1.00000 1.00000 1.00000 1.00000 1.00000 1.00000 1.00000 1.00000 0.96735 0.87958 0.00000 0.00000 0.00000 0.00000 0.00000 0.00000 0.00000 0.00000 0.80139 0.88000 0.91234 0.92848 0.92720
0.87825 1.00000 0.97174 1.00000 0.98851 1.00000 0.98851 1.00000 0.98451 1.00000 0.97764 0.80242 0.40280 0.31004 0.22055 0.19478 0.48936 0.65409 0.70876 0.81261 0.79944 0.87990 0.91551 0.90588 0.93290
0.87575 0.98200 1.00000 1.00000 1.00000 1.00000 1.00000 1.00000 1.00000 1.00000 0.96735 0.82606 0.40033 0.30042 0.36771 0.33977 0.66828 0.72249 0.69987 0.78192 0.81379 0.89512 0.86313 0.88838 0.62628
0.87825 1.00000 0.97174 1.00000 0.98851 1.00000 0.98851 1.00000 0.98451 1.00000 0.95310 0.83603 0.40109 0.45508 0.33087 0.31274 0.63567 0.74556 0.72536 0.82819 0.84468 0.94589 0.94456 0.92932 0.83999
0.87575 0.98200 1.00000 1.00000 1.00000 1.00000 1.00000 1.00000 1.00000 1.00000 0.94351 0.82958 0.38351 0.45439 0.29087 0.28165 0.61028 0.79679 0.74477 0.85053 0.91088 0.94524 0.94379 0.94185 0.85056
0.87825 1.00000 0.97174 1.00000 0.98851 1.00000 0.98851 1.00000 0.98451 1.00000 0.97764 0.89103 0.15669 0.08174 0.00000 0.13884 0.54386 0.77079 0.79411 0.85769 0.88444 0.90937 0.91016 0.91474 0.62353
0.87575 0.98200 1.00000 1.00000 1.00000 1.00000 1.00000 1.00000 1.00000 1.00000 0.96735 0.88188 0.46707 0.41210 0.40215 0.57166 0.80313 0.73505 0.84244 0.83837 0.87471 0.90015 0.89488 0.88336 0.57315
0.87825 1.00000 0.97174 1.00000 0.98851 1.00000 0.98851 1.00000 0.98451 1.00000 0.97764 0.91125 0.50923 0.67729 0.75620 0.77649 0.82561 0.83368 0.84896 0.77423 0.82244 0.83883 0.82171 0.85238 0.54550
0.87575 0.98200 1.00000 1.00000 1.00000 1.00000 1.00000 1.00000 1.00000 1.00000 0.96735 0.93109 0.57468 0.81896 0.85376 0.81537 0.86510 0.85201 0.79758 0.73795 0.85392 0.84195 0.86429 0.83069 0.82913
0.87825 1.00000 0.97174 1.00000 0.98851 1.00000 0.98851 1.00000 0.98451 1.00000 0.97764 0.91467 0.90998 0.82829 0.89443 0.86149 0.85788 0.81882 0.41534 0.73599 0.57429 0.69657 0.81138 0.84105 0.00000
0.87575 0.98200 1.00000 1.00000 1.00000 1.00000 1.00000 1.00000 1.00000 1.00000 0.96735 0.93079 0.70803 0.75661 0.82948 0.82560 0.84395 0.80554 0.70800 0.73514 0.70909 0.78747 0.85266 0.87028 0.00000
0.87825 1.00000 1.00000 1.00000 1.00000 1.00000 1.00000 1.00000 1.00000 1.00000 1.00000 0.83625 0.56510 0.34815 0.71795 0.68210 0.79967 0.71712 0.67285 0.79199 0.83628 0.90951 0.91803 0.95357 0.00000
0.96028 1.00000 1.00000 1.00000 1.00000 1.00000 1.00000 1.00000 1.00000 1.00000 0.97195 0.90097 0.58270 0.26354 0.33395 0.50015 0.70914 0.69572 0.66160 0.87923 0.88712 0.95455 0.95538 0.95646 0.00000
0.72302 1.00000 0.98488 1.00000 0.98815 1.00000 0.98815 1.00000 1.00000 1.00000 1.00000 0.85667 0.00000 0.00000 0.00000 0.00000 0.20575 0.52475 0.61890 0.81833 0.00000 0.00000 0.00000 0.00000 0.00000
0.53881 0.97255 1.00000 1.00000 1.00000 1.00000 1.00000 1.00000 1.00000 1.00000 0.97418 0.89534 0.00000 0.00000 0.00000 0.00000 0.49278 0.55921 0.65989 0.82626 0.00000 0.00000 0.00000 0.00000 0.00000
0.74699 1.00000 1.00000 1.00000 1.00000 1.00000 1.00000 1.00000 1.00000 1.00000 1.00000 0.69841 0.00000 0.00000 0.00000 0.00000 0.51827 0.36701 0.48349 0.84909 0.00000 0.00000 0.00000 0.00000 0.00000
0.62600 0.77956 1.00000 1.00000 1.00000 1.00000 1.00000 1.00000 1.00000 1.00000 0.78170 0.77646 0.00000 0.00000 0.00000 0.00000 0.27879 0.46406 0.52349 0.56476 0.00000 0.00000 0.00000 0.00000 0.00000
0.66667 0.81650 0.81650 0.81650 1.00000 1.00000 1.00000 1.00000 0.81650 0.81650 0.81650 0.66667 0.00000 0.00000 0.00000 0.00000 0.00000 0.00000 0.00000 0.00000 0.00000 0.00000 0.00000 0.00000 0.00000
