# name=rect_rotated_scattered field=200x200 stride=8
25 25
0.00000 0.00000 0.00000 0.00000 0.00000 0.00000 0.00000 0.00000 0.33078 0.00000 0.00000 0.00000 0.00000 0.00000 0.00000 0.00000 0.00000 0.00000 0.00000 0.00000 0.00000 0.00000 0.00000 0.00000 0.00000
0.00000 0.00000 0.00000 0.00000 0.00000 0.00000 0.38563 0.85412 0.99398 0.99397 0.99397 0.00000 0.00000 0.00000 0.00000 0.00000 0.00000 0.00000 0.00000 0.00000 0.31975 0.31976 0.31976 0.00000 0.00000
0.00000 0.00000 0.00000 0.00000 0.00000 0.27705 0.73205 0.87225 0.94455 0.99407 0.92173 0.74044 0.00000 0.00000 0.00000 0.00000 0.00000 0.00000 0.00000 0.00000 0.31971 0.31971 0.31972 0.31972 0.00000
0.00000 0.00000 0.00000 0.00000 0.00000 0.57103 0.76104 0.85997 0.92404 0.99417 0.94321 0.80149 0.00000 0.00000 0.00000 0.00000 0.00000 0.00000 0.00000 0.00000 0.31967 0.72660 0.75897 0.80101 0.00000
0.00000 0.00000 0.00000 0.00000 0.00000 0.58139 0.70309 0.83767 0.91763 0.95728 0.96480 0.77179 0.78455 0.34650 0.00000 0.00000 0.00000 0.24220 0.00000 0.00000 0.95767 0.95682 0.95564 0.95427 0.88166
0.00000 0.00000 0.00000 0.00000 0.10273 0.59831 0.71297 0.81289 0.90062 0.92132 0.91027 0.86246 0.46378 0.48160 0.40590 0.19057 0.00000 0.00000 0.00000 0.36074 0.91060 0.95359 0.95292 0.89246 0.90826
0.00000 0.00000 0.00000 0.00000 0.51807 0.40027 0.71703 0.72675 0.84073 0.85172 0.80925 0.79407 0.30381 0.54613 0.45669 0.19004 0.00000 0.00000 0.36621 0.67605 0.89896 0.95147 0.95127 0.95107 0.93479
0.00000 0.00000 0.00000 0.00000 0.52827 0.54684 0.48072 0.63061 0.71132 0.73325 0.63076 0.30798 0.61716 0.32727 0.27425 0.20372 0.07818 0.00000 0.67499 0.78408 0.87264 0.95004 0.95015 0.94978 0.95006
0.00000 0.23549 0.32725 0.41813 0.49368 0.48353 0.55760 0.42237 0.15579 0.38595 0.80351 0.77649 0.72802 0.75153 0.80123 0.64851 0.17249 0.20068 0.71521 0.82451 0.00000 0.00000 0.00000 0.00000 0.94989
0.00000 0.30241 0.39118 0.47010 0.53149 0.67870 0.74132 0.62689 0.59750 0.75224 0.85905 0.82171 0.78908 0.86413 0.84133 0.70191 0.22329 0.24015 0.74026 0.80316 0.00000 0.00000 0.00000 0.00000 0.94701
0.00000 0.30511 0.38917 0.46474 0.81240 0.82818 0.72746 0.62734 0.72064 0.90425 0.87281 0.86296 0.86798 0.87534 0.82954 0.63474 0.27494 0.26449 0.62671 0.78000 0.00000 0.00000 0.00000 0.00000 0.92746
0.00000 0.19842 0.27052 0.34691 0.70854 0.74514 0.55671 0.45746 0.65362 0.86920 0.85711 0.81500 0.89982 0.86372 0.91433 0.75768 0.54942 0.59725 0.52929 0.62142 0.00000 0.00000 0.00000 0.00000 0.76918
0.15570 0.15572 0.48754 0.58181 0.70305 0.82749 0.85057 0.58739 0.50917 0.78099 0.75385 0.59795 0.58742 0.55117 0.71944 0.67507 0.48762 0.71610 0.69255 0.64293 0.75564 0.84969 0.90172 0.92506 0.94282
0.24337 0.24934 0.25567 0.70822 0.64074 0.76961 0.48082 0.51538 0.80662 0.75742 0.73613 0.75329 0.47086 0.65316 0.69501 0.57120 0.73803 0.77213 0.70955 0.61298 0.76190 0.84786 0.89906 0.92424 0.94347
0.23004 0.23891 0.24790 0.44251 0.42756 0.29048 0.38038 0.58314 0.75527 0.74184 0.43186 0.66787 0.46462 0.57495 0.52217 0.60678 0.49917 0.65354 0.57152 0.32465 0.80585 0.90167 0.92623 0.93781 0.94648
0.00000 0.21072 0.22354 0.41607 0.00000 0.19265 0.27021 0.66462 0.69987 0.56665 0.36495 0.35097 0.17634 0.51029 0.40047 0.49933 0.56488 0.52211 0.42693 0.31815 0.73324 0.86246 0.91290 0.95096 0.95056
0.00000 0.00000 0.00000 0.00000 0.30340 0.29120 0.29717 0.65563 0.73347 0.83264 0.83340 0.50412 0.40670 0.65040 0.60572 0.64273 0.23797 0.22981 0.17650 0.18002 0.61694 0.78012 0.89274 0.95777 0.95853
0.00000 0.00000 0.00000 0.00000 0.66442 0.60490 0.31788 0.68450 0.74541 0.83574 0.79515 0.68875 0.68103 0.63369 0.48860 0.57429 0.25088 0.20842 0.15114 0.16417 0.43818 0.60783 0.70966 0.78686 0.96306
0.00000 0.00000 0.00000 0.00000 0.64724 0.66368 0.36979 0.69908 0.77019 0.76984 0.71254 0.62717 0.66131 0.61758 0.15670 0.26358 0.08845 0.10864 0.12619 0.51254 0.56335 0.75839 0.86875 0.78988 0.96692
0.00000 0.00000 0.00000 0.00000 0.73827 0.72425 0.74299 0.79644 0.77361 0.76721 0.78659 0.80982 0.82755 0.73751 0.48520 0.24965 0.33812 0.09766 0.51589 0.40561 0.74613 0.79728 0.87938 0.97034 0.64863
0.31626 0.59063 0.56915 0.54530 0.72644 0.85092 0.85394 0.81199 0.59830 0.80976 0.85752 0.87905 0.77490 0.79903 0.79128 0.73226 0.65493 0.42285 0.18956 0.33972 0.80525 0.87172 0.96679 0.96794 0.00000
0.31625 0.62447 0.64421 0.61316 0.83981 0.88291 0.84626 0.85817 0.64909 0.87961 0.90953 0.91109 0.86371 0.88338 0.86100 0.84820 0.57287 0.54147 0.65925 0.40414 0.69707 0.64229 0.96494 0.96567 0.00000
0.64729 0.66861 0.68994 0.71000 0.88668 0.89933 0.89198 0.89299 0.72087 0.92190 0.94018 0.76674 0.93465 0.93401 0.91204 0.89847 0.64842 0.50956 0.70422 0.45482 0.58027 0.64232 0.64232 0.64232 0.00000
0.64466 0.71269 0.73011 0.74467 0.92675 0.95212 0.94212 0.93427 0.61822 0.78134 0.79642 0.78617 0.95905 0.95573 0.95363 0.94708 0.58097 0.55188 0.75578 0.47087 0.58673 0.64234 0.64234 0.64234 0.00000
0.00000 0.64466 0.64466 0.64466 0.96059 0.95310 0.94312 0.93490 0.61822 0.95639 0.97501 0.80797 0.98514 0.98013 0.97278 0.96554 0.58652 0.55632 0.51312 0.32118 0.64237 0.64237 0.64237 0.64237 0.00000
