# name=mixed_regions field=200x200 stride=8
25 25
0.00000 0.33333 0.50295 0.56773 0.87825 0.87575 0.87825 0.87575 0.87825 0.55897 0.52806 0.33333 0.00000 0.00000 0.00000 0.00000 0.00000 0.00000 0.00000 0.00000 0.00000 0.00000 0.00000 0.00000 0.00000
0.33333 0.52211 1.00000 0.93792 1.00000 0.96912 1.00000 0.96912 1.00000 0.95852 1.00000 0.53470 0.44965 0.00000 0.00000 0.00000 0.00000 0.00000 0.00000 0.00000 0.00000 0.00000 0.00000 0.00000 0.00000
0.50295 1.00000 0.95276 1.00000 0.97174 1.00000 0.97174 1.00000 0.98026 1.00000 0.97159 1.00000 0.44372 0.35436 0.00000 0.00000 0.00000 0.00000 0.00000 0.00000 0.33063 0.68120 0.75918 0.26448 0.15704
0.56773 0.93222 1.00000 1.00000 1.00000 1.00000 1.00000 1.00000 1.00000 1.00000 1.00000 0.89632 0.42303 0.34345 0.00000 0.00000 0.00000 0.00000 0.00000 0.32867 0.34416 0.66152 0.75291 0.79246 0.46813
0.87825 1.00000 0.96239 1.00000 0.98851 1.00000 0.98851 1.00000 0.98451 1.00000 0.97764 0.90428 0.42797 0.35157 0.00000 0.00000 0.00000 0.00000 0.17256 0.20472 0.64771 0.70235 0.74121 0.76758 0.46458
0.87575 0.95167 1.00000 1.00000 1.00000 1.00000 1.00000 1.00000 1.00000 1.00000 0.96735 0.94820 0.63783 0.61701 0.00000 0.23934 0.22112 0.21263 0.37621 0.34037 0.70733 0.75632 0.75939 0.62572 0.45798
0.87825 1.00000 0.96239 1.00000 0.98851 1.00000 0.98851 1.00000 0.98451 1.00000 0.97764 0.90428 0.58509 0.40043 0.00000 0.36831 0.32121 0.42909 0.20697 0.34945 0.62775 0.71048 0.58182 0.57966 0.60838
0.87575 0.95167 1.00000 1.00000 1.00000 1.00000 1.00000 1.00000 1.00000 1.00000 0.96735 0.97871 0.75196 0.18617 0.00000 0.32581 0.38428 0.42005 0.21809 0.59743 0.60999 0.72367 0.73303 0.39937 0.40578
0.87825 1.00000 0.96239 1.00000 0.98851 1.00000 0.98851 1.00000 0.98451 1.00000 0.97764 0.86794 0.61055 0.33493 0.21915 0.29396 0.28444 0.43155 0.59542 0.58277 0.49756 0.57221 0.69484 0.70935 0.15548
0.87575 0.95167 1.00000 1.00000 1.00000 1.00000 1.00000 1.00000 1.00000 1.00000 0.96735 0.87363 0.52426 0.30495 0.36584 0.65401 0.69094 0.76810 0.59074 0.43849 0.45972 0.45842 0.31461 0.31417 0.00000
0.87825 1.00000 0.96239 1.00000 0.98851 1.00000 0.98851 1.00000 0.98451 1.00000 0.95310 0.83603 0.52205 0.54780 0.34432 0.60443 0.64588 0.74845 0.48302 0.43507 0.44743 0.47254 0.44097 0.43469 0.00000
0.87575 0.95167 1.00000 1.00000 1.00000 1.00000 1.00000 1.00000 1.00000 1.00000 0.94514 0.89641 0.69212 0.57012 0.35963 0.36638 0.59260 0.72270 0.49461 0.29252 0.47294 0.43449 0.40986 0.37960 0.00000
0.87825 1.00000 0.96239 1.00000 0.98851 1.00000 0.98851 1.00000 0.98451 1.00000 0.97764 0.89103 0.71080 0.38580 0.39375 0.25314 0.35733 0.67377 0.58114 0.73435 0.64074 0.67048 0.65780 0.65111 0.00000
0.87575 0.95167 1.00000 1.00000 1.00000 1.00000 1.00000 1.00000 1.00000 1.00000 0.96735 0.91291 0.51846 0.40903 0.34046 0.36206 0.55449 0.48935 0.74507 0.67992 0.61108 0.61573 0.41251 0.21765 0.15588
0.87825 1.00000 0.96239 1.00000 0.98851 1.00000 0.98851 1.00000 0.98451 1.00000 0.97764 0.85280 0.41985 0.57104 0.34358 0.35021 0.37162 0.45039 0.53688 0.33656 0.56928 0.35100 0.21656 0.21904 0.15587
0.87575 0.95167 1.00000 1.00000 1.00000 1.00000 1.00000 1.00000 1.00000 1.00000 0.96735 0.92595 0.72273 0.62806 0.29149 0.59458 0.63007 0.65657 0.34050 0.33510 0.54962 0.53775 0.52898 0.21684 0.21763
0.87825 1.00000 0.96239 1.00000 0.98851 1.00000 0.98851 1.00000 0.98451 1.00000 0.97764 0.91788 0.71725 0.68174 0.21851 0.49199 0.53482 0.56948 0.39413 0.30466 0.38263 0.40476 0.22071 0.20931 0.20427
0.87575 0.95167 1.00000 1.00000 1.00000 1.00000 1.00000 1.00000 1.00000 1.00000 0.96735 0.91634 0.43265 0.75842 0.47380 0.50665 0.65949 0.69581 0.68138 0.58287 0.25977 0.23542 0.25781 0.26476 0.00000
0.87825 1.00000 0.96239 1.00000 0.98851 1.00000 0.98851 1.00000 0.98451 1.00000 0.97764 0.90276 0.65296 0.49861 0.54542 0.55223 0.52181 0.64520 0.64871 0.74090 0.57182 0.26996 0.27336 0.15788 0.15788
0.87575 0.95167 1.00000 1.00000 1.00000 1.00000 1.00000 1.00000 1.00000 1.00000 0.96735 0.97040 0.75851 0.53778 0.37342 0.60121 0.55378 0.40557 0.22661 0.60581 0.33117 0.13529 0.14473 0.15819 0.15819
0.87825 1.00000 0.98026 1.00000 0.98451 1.00000 0.98451 1.00000 1.00000 1.00000 1.00000 0.83664 0.54570 0.54466 0.24608 0.22025 0.21659 0.36197 0.37275 0.36668 0.34039 0.35003 0.13305 0.15850 0.15850
0.55897 0.95852 1.00000 1.00000 1.00000 1.00000 1.00000 1.00000 1.00000 1.00000 0.96094 0.85094 0.41584 0.31883 0.26254 0.23453 0.36848 0.36195 0.38039 0.38497 0.35737 0.11577 0.12610 0.13318 0.00000
0.52806 1.00000 0.97159 1.00000 0.97764 0.97053 0.97764 0.97053 1.00000 0.96094 1.00000 0.63955 0.42433 0.00000 0.00000 0.24474 0.37708 0.23346 0.15442 0.35487 0.35643 0.00000 0.00000 0.00000 0.00000
0.33333 0.53470 1.00000 0.92675 0.93486 0.98070 0.93486 0.98070 0.93486 0.95503 0.52318 0.55026 0.00000 0.00000 0.00000 0.00000 0.21979 0.15436 0.15455 0.15471 0.00000 0.00000 0.00000 0.00000 0.00000
0.00000 0.33333 0.33333 0.56773 0.57059 0.56773 0.57059 0.56773 0.57059 0.33333 0.33333 0.00000 0.00000 0.00000 0.00000 0.00000 0.00000 0.00000 0.00000 0.00000 0.00000 0.00000 0.00000 0.00000 0.00000
