# name=grid_sheared field=200x200 stride=8
25 25
0.79932 0.85202 0.89292 0.90130 0.95138 0.94069 0.97676 0.94069 0.97676 0.94069 0.97676 0.94069 0.97676 0.94069 0.97676 0.94069 0.97676 0.94069 0.97676 0.94069 0.97676 0.97673 0.97672 0.97667 0.14258
0.85571 0.84642 0.93318 0.88291 0.95816 0.92678 0.95777 0.92678 0.95777 0.92678 0.95777 0.92678 0.95777 0.92678 0.95777 0.92678 0.95777 0.92678 0.95777 0.92678 0.95777 0.95333 0.95342 0.94092 0.73492
0.84782 0.92805 0.94469 0.96022 0.95400 0.97625 0.95423 0.97625 0.95423 0.97625 0.95423 0.97625 0.95423 0.97625 0.95423 0.97625 0.95423 0.97625 0.95423 0.97625 0.95423 0.97623 0.94992 0.97624 0.74334
0.93187 0.90538 0.93827 0.95172 0.95836 0.96212 0.95904 0.96212 0.95904 0.96212 0.95904 0.96212 0.95904 0.96212 0.95904 0.96212 0.95904 0.96212 0.95904 0.96212 0.95904 0.97597 0.95601 0.97584 0.87899
0.86471 0.95813 0.96501 0.97409 0.95555 0.97590 0.95634 0.97590 0.95634 0.97590 0.95634 0.97590 0.95634 0.97590 0.95634 0.97590 0.95634 0.97590 0.95634 0.97590 0.95634 0.97590 0.95414 0.95046 0.97610
0.80878 0.94920 0.95305 0.97474 0.95802 0.96052 0.95802 0.96052 0.95802 0.96052 0.95802 0.96052 0.95802 0.96052 0.95802 0.96052 0.95802 0.96052 0.95802 0.96052 0.95802 0.96052 0.95645 0.95540 0.88508
0.85603 0.88997 0.94305 0.94094 0.97589 0.93644 0.97589 0.93644 0.97589 0.93644 0.97589 0.93644 0.97589 0.93644 0.97589 0.93644 0.97589 0.93644 0.97589 0.93644 0.97589 0.93644 0.97464 0.92689 0.95071
0.75560 0.89271 0.92332 0.92945 0.96148 0.95868 0.96148 0.95868 0.96148 0.95868 0.96148 0.95868 0.96148 0.95868 0.96148 0.95868 0.96148 0.95868 0.96148 0.95868 0.96148 0.95779 0.97393 0.96502 0.90150
0.73434 0.86567 0.92067 0.92987 0.96004 0.95852 0.97588 0.95852 0.97588 0.95852 0.97588 0.95852 0.97588 0.95852 0.97588 0.95852 0.97588 0.95852 0.97588 0.95852 0.97588 0.95776 0.96480 0.93709 0.92154
0.82034 0.89455 0.93900 0.92236 0.96077 0.95802 0.96052 0.95802 0.96052 0.95802 0.96052 0.95802 0.96052 0.95802 0.96052 0.95802 0.96052 0.95802 0.96052 0.95802 0.96052 0.95135 0.94383 0.92566 0.88616
0.84724 0.91110 0.92776 0.96107 0.93624 0.97589 0.93644 0.97589 0.93644 0.97589 0.93644 0.97589 0.93644 0.97589 0.93644 0.97589 0.93644 0.97589 0.93644 0.97589 0.93644 0.95890 0.89579 0.93661 0.81138
0.93348 0.90594 0.93865 0.95186 0.95799 0.96148 0.95868 0.96148 0.95868 0.96148 0.95868 0.96148 0.95868 0.96148 0.95868 0.96148 0.95868 0.96148 0.95868 0.96148 0.95868 0.95751 0.92729 0.91535 0.86135
0.86803 0.95919 0.95272 0.97406 0.95772 0.97588 0.95852 0.97588 0.95852 0.97588 0.95852 0.97588 0.95852 0.97588 0.95852 0.97588 0.95852 0.97588 0.95852 0.97588 0.95852 0.97588 0.92634 0.93615 0.88887
0.80878 0.94920 0.95305 0.97474 0.95802 0.96052 0.95802 0.96052 0.95802 0.96052 0.95802 0.96052 0.95802 0.96052 0.95802 0.96052 0.95802 0.96052 0.95802 0.96052 0.95802 0.96052 0.93910 0.92076 0.88596
0.85603 0.88997 0.94305 0.94094 0.97589 0.93644 0.97589 0.93644 0.97589 0.93644 0.97589 0.93644 0.97589 0.93644 0.97589 0.93644 0.97589 0.93644 0.97589 0.93644 0.97589 0.93644 0.97464 0.92689 0.94788
0.75560 0.89271 0.92332 0.92945 0.96148 0.95868 0.96148 0.95868 0.96148 0.95868 0.96148 0.95868 0.96148 0.95868 0.96148 0.95868 0.96148 0.95868 0.96148 0.95868 0.96148 0.95779 0.97393 0.96502 0.90150
0.73434 0.86567 0.92067 0.92987 0.96004 0.95852 0.97588 0.95852 0.97588 0.95852 0.97588 0.95852 0.97588 0.95852 0.97588 0.95852 0.97588 0.95852 0.97588 0.95852 0.97588 0.95776 0.96480 0.93709 0.92154
0.82034 0.89455 0.93900 0.92236 0.96077 0.95802 0.96052 0.95802 0.96052 0.95802 0.96052 0.95802 0.96052 0.95802 0.96052 0.95802 0.96052 0.95802 0.96052 0.95802 0.96052 0.95135 0.94383 0.92566 0.88616
0.84724 0.91110 0.92776 0.96107 0.93624 0.97589 0.93644 0.97589 0.93644 0.97589 0.93644 0.97589 0.93644 0.97589 0.93644 0.97589 0.93644 0.97589 0.93644 0.97589 0.93644 0.95890 0.89579 0.93661 0.81138
0.93348 0.90594 0.93865 0.95186 0.95799 0.96148 0.95868 0.96148 0.95868 0.96148 0.95868 0.96148 0.95868 0.96148 0.95868 0.96148 0.95868 0.96148 0.95868 0.96148 0.95868 0.95751 0.92729 0.91535 0.86135
0.86803 0.95919 0.95272 0.97406 0.95772 0.97588 0.95852 0.97588 0.95852 0.97588 0.95852 0.97588 0.95852 0.97588 0.95852 0.97588 0.95852 0.97588 0.95852 0.97588 0.95852 0.97588 0.92634 0.93615 0.88887
0.85471 0.97247 0.97378 0.97481 0.97611 0.95970 0.97611 0.95970 0.97611 0.95970 0.97611 0.95970 0.97611 0.95970 0.97611 0.95970 0.97611 0.95970 0.97611 0.95970 0.97611 0.95970 0.95690 0.91751 0.91008
0.92511 0.93938 0.97492 0.95322 0.97609 0.92944 0.97609 0.92944 0.97609 0.92944 0.97609 0.92944 0.97609 0.92944 0.97609 0.92944 0.97609 0.92944 0.97609 0.92944 0.97609 0.92944 0.97608 0.91905 0.94511
0.33956 0.97635 0.94812 0.97639 0.87162 0.94373 0.87162 0.94373 0.87162 0.94373 0.87162 0.94373 0.87162 0.94373 0.87162 0.94373 0.87162 0.94373 0.87162 0.94373 0.87162 0.94373 0.89295 0.93644 0.33306
0.14509 0.34899 0.97660 0.71655 0.88208 0.75178 0.88208 0.75178 0.88208 0.75178 0.88208 0.75178 0.88208 0.75178 0.88208 0.75178 0.88208 0.75178 0.88208 0.75178 0.88208 0.75178 0.88208 0.49657 0.34345
