# name=mixed_regions field=200x200 stride=8
25 25
0.00000 0.14257 0.33530 0.33835 0.61250 0.64974 0.61250 0.64974 0.61250 0.33482 0.35204 0.14510 0.00000 0.00000 0.00000 0.00000 0.00000 0.00000 0.00000 0.00000 0.00000 0.00000 0.00000 0.00000 0.00000
0.15003 0.34807 1.00000 0.93222 1.00000 0.89834 1.00000 0.89834 1.00000 0.95852 1.00000 0.35647 0.25289 0.00000 0.00000 0.00000 0.00000 0.00000 0.00000 0.00000 0.00000 0.00000 0.00000 0.00000 0.00000
0.33530 1.00000 0.95276 1.00000 0.96239 1.00000 0.96239 1.00000 0.98026 1.00000 0.97159 1.00000 0.24737 0.20787 0.00000 0.00000 0.00000 0.00000 0.00000 0.00000 0.18201 0.51920 0.60373 0.10838 0.04787
0.35898 0.93222 1.00000 1.00000 1.00000 1.00000 1.00000 1.00000 1.00000 1.00000 1.00000 0.86075 0.25891 0.20507 0.00000 0.00000 0.00000 0.00000 0.00000 0.17695 0.17913 0.51616 0.58118 0.65265 0.26393
0.65829 1.00000 0.96239 1.00000 0.97018 1.00000 0.97018 1.00000 0.98451 1.00000 0.97764 0.90428 0.27043 0.22367 0.00000 0.00000 0.00000 0.00000 0.06443 0.07187 0.50524 0.54795 0.56715 0.62203 0.25208
0.68495 0.89834 1.00000 1.00000 1.00000 1.00000 1.00000 1.00000 1.00000 1.00000 0.96735 0.89061 0.48700 0.43983 0.00000 0.09826 0.12229 0.08740 0.21736 0.18608 0.56252 0.62051 0.59696 0.42010 0.25059
0.65829 1.00000 0.96239 1.00000 0.97018 1.00000 0.97018 1.00000 0.98451 1.00000 0.97764 0.90428 0.36619 0.28342 0.00000 0.19868 0.16650 0.29569 0.07274 0.17533 0.52311 0.59737 0.39146 0.39505 0.42217
0.68495 0.89834 1.00000 1.00000 1.00000 1.00000 1.00000 1.00000 1.00000 1.00000 0.96735 0.87426 0.62781 0.08044 0.00000 0.16274 0.19298 0.21707 0.08158 0.50155 0.49690 0.58014 0.55399 0.22298 0.21318
0.65829 1.00000 0.96239 1.00000 0.97018 1.00000 0.97018 1.00000 0.98451 1.00000 0.97764 0.77182 0.50630 0.25022 0.09685 0.14654 0.12752 0.23024 0.37923 0.50545 0.34014 0.39751 0.58948 0.59380 0.03550
0.68495 0.89834 1.00000 1.00000 1.00000 1.00000 1.00000 1.00000 1.00000 1.00000 0.96735 0.76479 0.36388 0.22584 0.21145 0.49785 0.51065 0.58229 0.35411 0.29166 0.33479 0.27131 0.14044 0.14181 0.00000
0.65829 1.00000 0.96239 1.00000 0.97018 1.00000 0.97018 1.00000 0.98451 1.00000 0.92043 0.74695 0.35619 0.47059 0.19051 0.45256 0.45549 0.55409 0.27736 0.30087 0.32408 0.26267 0.25468 0.25009 0.00000
0.68495 0.89834 1.00000 1.00000 1.00000 1.00000 1.00000 1.00000 1.00000 1.00000 0.91021 0.74235 0.59212 0.47892 0.19558 0.19874 0.45731 0.56626 0.29904 0.14149 0.34814 0.21928 0.20384 0.20917 0.00000
0.65829 1.00000 0.96239 1.00000 0.97018 1.00000 0.97018 1.00000 0.98451 1.00000 0.97764 0.82476 0.65710 0.27984 0.22507 0.09150 0.24770 0.56348 0.38460 0.60204 0.46987 0.51320 0.50285 0.52482 0.00000
0.68495 0.89834 1.00000 1.00000 1.00000 1.00000 1.00000 1.00000 1.00000 1.00000 0.96735 0.84243 0.38112 0.25739 0.17563 0.19251 0.41106 0.31297 0.57719 0.54839 0.42904 0.42398 0.27371 0.08577 0.04334
0.65829 1.00000 0.96239 1.00000 0.97018 1.00000 0.97018 1.00000 0.98451 1.00000 0.97764 0.83978 0.26530 0.46530 0.17445 0.17238 0.17464 0.28820 0.42717 0.16287 0.41649 0.17553 0.07409 0.08093 0.04018
0.68495 0.89834 1.00000 1.00000 1.00000 1.00000 1.00000 1.00000 1.00000 1.00000 0.96735 0.80551 0.60807 0.57208 0.14699 0.46733 0.48721 0.52687 0.16416 0.16756 0.43924 0.36972 0.37036 0.08758 0.08994
0.65829 1.00000 0.96239 1.00000 0.97018 1.00000 0.97018 1.00000 0.98451 1.00000 0.97764 0.80269 0.59740 0.61923 0.08998 0.31626 0.32685 0.34591 0.18836 0.16086 0.21049 0.23092 0.08747 0.08137 0.08232
0.68495 0.89834 1.00000 1.00000 1.00000 1.00000 1.00000 1.00000 1.00000 1.00000 0.96735 0.81029 0.27302 0.68348 0.29673 0.30910 0.48115 0.48671 0.47379 0.42134 0.11995 0.11197 0.10190 0.10522 0.00000
0.65829 1.00000 0.96239 1.00000 0.97018 1.00000 0.97018 1.00000 0.98451 1.00000 0.97764 0.89284 0.60403 0.32120 0.34457 0.45648 0.42919 0.42341 0.47074 0.54424 0.47446 0.10347 0.10544 0.04237 0.04232
0.68495 0.89834 1.00000 1.00000 1.00000 1.00000 1.00000 1.00000 1.00000 1.00000 0.96735 0.83698 0.67055 0.35191 0.20605 0.49593 0.45681 0.23792 0.09263 0.46710 0.17776 0.03510 0.03755 0.04104 0.04104
0.65829 1.00000 0.98026 1.00000 0.98451 1.00000 0.98451 1.00000 1.00000 1.00000 1.00000 0.77708 0.41547 0.37141 0.09077 0.08319 0.09334 0.20948 0.18924 0.20494 0.19837 0.20303 0.03701 0.04257 0.04263
0.35424 0.95852 1.00000 1.00000 1.00000 1.00000 1.00000 1.00000 1.00000 1.00000 0.96094 0.80825 0.24483 0.19207 0.10358 0.08612 0.19405 0.20074 0.19898 0.21701 0.21077 0.03591 0.03914 0.04134 0.00000
0.35204 1.00000 0.97159 1.00000 0.97764 0.96735 0.97764 0.96735 1.00000 0.96094 1.00000 0.40334 0.26035 0.00000 0.00000 0.09612 0.19879 0.08367 0.03848 0.20376 0.21351 0.00000 0.00000 0.00000 0.00000
0.15124 0.35647 1.00000 0.92675 0.90428 0.89061 0.90428 0.89061 0.90428 0.95503 0.34879 0.36684 0.00000 0.00000 0.00000 0.00000 0.07868 0.03836 0.03964 0.04267 0.00000 0.00000 0.00000 0.00000 0.00000
0.00000 0.14257 0.13944 0.33835 0.33955 0.33835 0.33955 0.33835 0.33955 0.13887 0.14119 0.00000 0.00000 0.00000 0.00000 0.00000 0.00000 0.00000 0.00000 0.00000 0.00000 0.00000 0.00000 0.00000 0.00000
