# name=grid_rotated_30 field=200x200 stride=8
25 25
0.34302 0.38467 0.79221 0.86355 0.87762 0.88099 0.76157 0.81510 0.88537 0.89556 0.76738 0.90777 0.83890 0.81956 0.84321 0.77921 0.91194 0.91723 0.80208 0.85956 0.90606 0.89183 0.81247 0.79078 0.74618
0.42895 0.61753 0.78185 0.84480 0.91094 0.89569 0.88678 0.91575 0.85136 0.90407 0.88013 0.91658 0.85794 0.84847 0.86446 0.85192 0.86730 0.88519 0.88986 0.94204 0.91109 0.90376 0.88941 0.85202 0.77946
0.52239 0.80516 0.85173 0.87621 0.91870 0.89443 0.93589 0.93463 0.90221 0.89575 0.88740 0.91191 0.91178 0.89529 0.88688 0.90158 0.90529 0.91229 0.90819 0.92357 0.91827 0.89610 0.88906 0.85424 0.85809
0.79890 0.85674 0.88920 0.91260 0.93760 0.92272 0.91373 0.89967 0.91251 0.93228 0.92035 0.93179 0.93261 0.90073 0.91047 0.90974 0.90686 0.91897 0.93801 0.93853 0.92505 0.93884 0.91232 0.89214 0.84382
0.89638 0.90376 0.92801 0.93901 0.92343 0.93579 0.93469 0.93373 0.93264 0.91807 0.91957 0.93190 0.93257 0.92222 0.93466 0.91900 0.93648 0.92223 0.92435 0.93742 0.93753 0.92864 0.93719 0.91804 0.90973
0.90606 0.91178 0.92524 0.92514 0.93753 0.93598 0.93503 0.92031 0.91824 0.93227 0.92258 0.93223 0.93295 0.93411 0.93511 0.92522 0.93662 0.92613 0.93662 0.92243 0.93598 0.92204 0.92934 0.92288 0.89520
0.86426 0.94204 0.92892 0.93853 0.93742 0.92355 0.92211 0.93462 0.93403 0.91921 0.91867 0.93342 0.92503 0.93482 0.92268 0.93626 0.92469 0.92670 0.91242 0.93566 0.93503 0.93469 0.93525 0.93566 0.90141
0.86988 0.90975 0.91745 0.93801 0.92592 0.93662 0.92148 0.92374 0.93496 0.93446 0.93458 0.93484 0.93519 0.93587 0.91184 0.92558 0.92332 0.93621 0.92396 0.93462 0.92382 0.93376 0.91714 0.93476 0.91557
0.91723 0.89616 0.93835 0.93763 0.91245 0.92777 0.92521 0.93621 0.92174 0.92484 0.92121 0.93634 0.93665 0.93697 0.93709 0.93724 0.92331 0.92397 0.93496 0.93403 0.92181 0.93269 0.92268 0.92292 0.90533
0.91194 0.90150 0.90529 0.90918 0.93648 0.93662 0.92745 0.91388 0.93679 0.93684 0.93695 0.93744 0.93794 0.93817 0.92395 0.92384 0.93684 0.92656 0.93446 0.92067 0.93227 0.93210 0.93237 0.92336 0.90484
0.80609 0.90534 0.92116 0.92244 0.92493 0.92153 0.93626 0.92540 0.93724 0.91372 0.93808 0.93855 0.92636 0.92522 0.93880 0.93808 0.93695 0.93590 0.93458 0.91020 0.92169 0.91818 0.93212 0.89724 0.88571
0.90276 0.90101 0.90113 0.93542 0.93466 0.92045 0.92335 0.91989 0.93709 0.92706 0.93880 0.92866 0.94015 0.92629 0.92789 0.93855 0.93744 0.93634 0.93484 0.93342 0.93223 0.91769 0.92031 0.91810 0.91708
0.85226 0.87153 0.91545 0.92040 0.91957 0.93411 0.93482 0.93587 0.93697 0.93817 0.93913 0.91657 0.93161 0.92942 0.94015 0.92492 0.93794 0.92291 0.93519 0.92100 0.93295 0.93280 0.93312 0.91437 0.85707
0.82235 0.85794 0.91425 0.93261 0.93257 0.93295 0.92100 0.93519 0.92291 0.93794 0.92492 0.94015 0.92942 0.93161 0.91657 0.93913 0.93817 0.93697 0.93587 0.93482 0.93411 0.91981 0.89895 0.87910 0.82310
0.88768 0.91597 0.91732 0.91989 0.91750 0.93223 0.93342 0.93484 0.93634 0.93744 0.93855 0.92789 0.92629 0.94015 0.92866 0.93880 0.92706 0.93709 0.91989 0.92335 0.92045 0.92160 0.93576 0.90200 0.90199
0.77406 0.88471 0.89662 0.93183 0.91818 0.92169 0.91020 0.93458 0.93590 0.93695 0.93808 0.93880 0.92522 0.92636 0.93855 0.93808 0.91372 0.93724 0.92540 0.93626 0.92153 0.92497 0.92268 0.92154 0.90583
0.89556 0.90407 0.92300 0.93228 0.93206 0.93227 0.92067 0.93446 0.92656 0.93684 0.92384 0.92395 0.93817 0.93794 0.93744 0.93695 0.93684 0.93679 0.91388 0.92745 0.93662 0.93669 0.90925 0.90483 0.90089
0.88537 0.90508 0.92273 0.92256 0.93264 0.92181 0.93403 0.93496 0.92397 0.92331 0.93724 0.93709 0.93697 0.93665 0.93634 0.92121 0.92484 0.92174 0.93621 0.92521 0.92777 0.91245 0.93755 0.93819 0.89517
0.89392 0.91575 0.93463 0.91702 0.93373 0.92382 0.93462 0.92396 0.93621 0.92332 0.92558 0.91184 0.93587 0.93519 0.93484 0.93458 0.93446 0.93496 0.92374 0.92148 0.93662 0.92592 0.93787 0.91738 0.90985
0.80027 0.92645 0.93589 0.93535 0.93469 0.93503 0.93566 0.91242 0.92670 0.92469 0.93626 0.92268 0.93482 0.92503 0.93342 0.91867 0.91921 0.93403 0.93462 0.92211 0.92355 0.93735 0.93835 0.92857 0.94130
0.89014 0.89569 0.92345 0.92957 0.92204 0.93598 0.92243 0.93662 0.92613 0.93662 0.92522 0.93511 0.93411 0.93295 0.93223 0.92258 0.93227 0.91824 0.92031 0.93503 0.93598 0.93745 0.92498 0.92486 0.91107
0.90958 0.91053 0.91841 0.93760 0.93705 0.93745 0.93735 0.92435 0.92223 0.93020 0.91849 0.92160 0.92211 0.93280 0.93208 0.91957 0.91813 0.93269 0.93376 0.93469 0.93579 0.92330 0.92600 0.90555 0.90334
0.86296 0.84437 0.89131 0.91722 0.92613 0.92489 0.93835 0.93787 0.91826 0.90636 0.90887 0.90988 0.90051 0.93312 0.93221 0.92020 0.93237 0.91266 0.89983 0.91299 0.92226 0.93719 0.91203 0.88880 0.85487
0.84869 0.79463 0.85158 0.88894 0.89602 0.91793 0.92324 0.90847 0.91220 0.90483 0.90093 0.88626 0.89507 0.91103 0.91235 0.88741 0.89534 0.90246 0.93476 0.93566 0.89315 0.91775 0.87169 0.85134 0.80461
0.43043 0.67157 0.80614 0.85149 0.90334 0.91038 0.94130 0.89117 0.88488 0.86718 0.85217 0.86421 0.84870 0.85707 0.91737 0.88039 0.90484 0.85168 0.91557 0.88601 0.89520 0.90932 0.84340 0.77678 0.61756
