# name=grid_rounded_corners field=200x200 stride=8
25 25
0.00000 0.33333 0.54838 0.56773 0.87825 0.87575 0.87825 0.87575 0.87825 0.87575 0.87825 0.87575 0.87825 0.87575 0.87825 0.87575 0.87825 0.87575 0.87825 0.87575 0.87825 0.55897 0.55526 0.33333 0.00000
0.33333 0.52211 1.00000 0.93792 1.00000 0.98200 1.00000 0.98200 1.00000 0.98200 1.00000 0.98200 1.00000 0.98200 1.00000 0.98200 1.00000 0.98200 1.00000 0.98200 1.00000 0.95852 1.00000 0.54665 0.33333
0.54838 1.00000 0.95276 1.00000 0.97174 1.00000 0.97174 1.00000 0.97174 1.00000 0.97174 1.00000 0.97174 1.00000 0.97174 1.00000 0.97174 1.00000 0.97174 1.00000 0.98026 1.00000 0.97159 1.00000 0.33333
0.56773 0.93792 1.00000 1.00000 1.00000 1.00000 1.00000 1.00000 1.00000 1.00000 1.00000 1.00000 1.00000 1.00000 1.00000 1.00000 1.00000 1.00000 1.00000 1.00000 1.00000 1.00000 1.00000 0.94236 0.56773
0.87825 1.00000 0.97174 1.00000 0.98851 1.00000 0.98851 1.00000 0.98851 1.00000 0.98851 1.00000 0.98851 1.00000 0.98851 1.00000 0.98851 1.00000 0.98851 1.00000 0.98816 1.00000 0.97764 0.93486 0.57059
0.87575 0.98200 1.00000 1.00000 1.00000 1.00000 1.00000 1.00000 1.00000 1.00000 1.00000 1.00000 1.00000 1.00000 1.00000 1.00000 1.00000 1.00000 1.00000 1.00000 1.00000 1.00000 0.97224 0.98070 0.56773
0.87825 1.00000 0.97174 1.00000 0.98851 1.00000 0.98851 1.00000 0.98851 1.00000 0.98851 1.00000 0.98851 1.00000 0.98851 1.00000 0.98851 1.00000 0.98851 1.00000 0.98816 1.00000 0.97764 0.93486 0.57059
0.87575 0.98200 1.00000 1.00000 1.00000 1.00000 1.00000 1.00000 1.00000 1.00000 1.00000 1.00000 1.00000 1.00000 1.00000 1.00000 1.00000 1.00000 1.00000 1.00000 1.00000 1.00000 0.97224 0.98070 0.56773
0.87825 1.00000 0.97174 1.00000 0.98851 1.00000 0.98851 1.00000 0.98851 1.00000 0.98851 1.00000 0.98851 1.00000 0.98851 1.00000 0.98851 1.00000 0.98851 1.00000 0.98816 1.00000 0.97764 0.93486 0.57059
0.87575 0.98200 1.00000 1.00000 1.00000 1.00000 1.00000 1.00000 1.00000 1.00000 1.00000 1.00000 1.00000 1.00000 1.00000 1.00000 1.00000 1.00000 1.00000 1.00000 1.00000 1.00000 0.97224 0.98070 0.56773
0.87825 1.00000 0.97174 1.00000 0.98851 1.00000 0.98851 1.00000 0.98851 1.00000 0.98851 1.00000 0.98851 1.00000 0.98851 1.00000 0.98851 1.00000 0.98851 1.00000 0.98816 1.00000 0.97764 0.93486 0.57059
0.87575 0.98200 1.00000 1.00000 1.00000 1.00000 1.00000 1.00000 1.00000 1.00000 1.00000 1.00000 1.00000 1.00000 1.00000 1.00000 1.00000 1.00000 1.00000 1.00000 1.00000 1.00000 0.97224 0.98070 0.56773
0.87825 1.00000 0.97174 1.00000 0.98851 1.00000 0.98851 1.00000 0.98851 1.00000 0.98851 1.00000 0.98851 1.00000 0.98851 1.00000 0.98851 1.00000 0.98851 1.00000 0.98816 1.00000 0.97764 0.93486 0.57059
0.87575 0.98200 1.00000 1.00000 1.00000 1.00000 1.00000 1.00000 1.00000 1.00000 1.00000 1.00000 1.00000 1.00000 1.00000 1.00000 1.00000 1.00000 1.00000 1.00000 1.00000 1.00000 0.97224 0.98070 0.56773
0.87825 1.00000 0.97174 1.00000 0.98851 1.00000 0.98851 1.00000 0.98851 1.00000 0.98851 1.00000 0.98851 1.00000 0.98851 1.00000 0.98851 1.00000 0.98851 1.00000 0.98816 1.00000 0.97764 0.93486 0.57059
0.87575 0.98200 1.00000 1.00000 1.00000 1.00000 1.00000 1.00000 1.00000 1.00000 1.00000 1.00000 1.00000 1.00000 1.00000 1.00000 1.00000 1.00000 1.00000 1.00000 1.00000 1.00000 0.97224 0.98070 0.56773
0.87825 1.00000 0.97174 1.00000 0.98851 1.00000 0.98851 1.00000 0.98851 1.00000 0.98851 1.00000 0.98851 1.00000 0.98851 1.00000 0.98851 1.00000 0.98851 1.00000 0.98816 1.00000 0.97764 0.93486 0.57059
0.87575 0.98200 1.00000 1.00000 1.00000 1.00000 1.00000 1.00000 1.00000 1.00000 1.00000 1.00000 1.00000 1.00000 1.00000 1.00000 1.00000 1.00000 1.00000 1.00000 1.00000 1.00000 0.97224 0.98070 0.56773
0.87825 1.00000 0.97174 1.00000 0.98851 1.00000 0.98851 1.00000 0.98851 1.00000 0.98851 1.00000 0.98851 1.00000 0.98851 1.00000 0.98851 1.00000 0.98851 1.00000 0.98816 1.00000 0.97764 0.93486 0.57059
0.87575 0.98200 1.00000 1.00000 1.00000 1.00000 1.00000 1.00000 1.00000 1.00000 1.00000 1.00000 1.00000 1.00000 1.00000 1.00000 1.00000 1.00000 1.00000 1.00000 1.00000 1.00000 0.97224 0.98070 0.56773
0.87825 1.00000 0.98026 1.00000 0.98816 1.00000 0.98816 1.00000 0.98816 1.00000 0.98816 1.00000 0.98816 1.00000 0.98816 1.00000 0.98816 1.00000 0.98816 1.00000 1.00000 1.00000 1.00000 0.93486 0.57059
0.55897 0.95852 1.00000 1.00000 1.00000 1.00000 1.00000 1.00000 1.00000 1.00000 1.00000 1.00000 1.00000 1.00000 1.00000 1.00000 1.00000 1.00000 1.00000 1.00000 1.00000 1.00000 0.96094 0.95503 0.33333
0.55526 1.00000 0.97159 1.00000 0.97764 0.97224 0.97764 0.97224 0.97764 0.97224 0.97764 0.97224 0.97764 0.97224 0.97764 0.97224 0.97764 0.97224 0.97764 0.97224 1.00000 0.96094 1.00000 0.54397 0.33333
0.33333 0.54665 1.00000 0.94236 0.93486 0.98070 0.93486 0.98070 0.93486 0.98070 0.93486 0.98070 0.93486 0.98070 0.93486 0.98070 0.93486 0.98070 0.93486 0.98070 0.93486 0.95503 0.54397 0.55026 0.00000
0.00000 0.33333 0.33333 0.56773 0.57059 0.56773 0.57059 0.56773 0.57059 0.56773 0.57059 0.56773 0.57059 0.56773 0.57059 0.56773 0.57059 0.56773 0.57059 0.56773 0.57059 0.33333 0.33333 0.00000 0.00000
