# name=mixed_regions field=200x200 stride=8
25 25
0.00000 0.33333 0.54838 0.56773 0.87825 0.87575 0.87825 0.87575 0.87825 0.55897 0.55526 0.33333 0.00000 0.00000 0.00000 0.00000 0.00000 0.00000 0.00000 0.00000 0.00000 0.00000 0.00000 0.00000 0.00000
0.33333 0.52211 1.00000 0.93792 1.00000 0.96912 1.00000 0.96912 1.00000 0.95852 1.00000 0.54665 0.44965 0.00000 0.00000 0.00000 0.00000 0.19452 0.15720 0.15639 0.00000 0.00000 0.00000 0.00000 0.00000
0.54838 1.00000 0.95276 1.00000 0.97174 1.00000 0.97174 1.00000 0.98026 1.00000 0.97159 1.00000 0.44372 0.35436 0.00000 0.15609 0.18108 0.21052 0.20103 0.15722 0.19273 0.45704 0.56347 0.26448 0.15704
0.56773 0.93792 1.00000 1.00000 1.00000 1.00000 1.00000 1.00000 1.00000 1.00000 1.00000 0.92689 0.58641 0.34345 0.00000 0.15661 0.19855 0.22908 0.22563 0.21995 0.17641 0.67353 0.56758 0.62234 0.46813
0.87825 1.00000 0.97174 1.00000 0.98851 1.00000 0.98851 1.00000 0.98451 1.00000 0.97764 0.93486 0.62608 0.35157 0.00000 0.15727 0.15906 0.24872 0.24574 0.23312 0.60916 0.67187 0.56564 0.60375 0.46458
0.87575 0.96912 1.00000 1.00000 1.00000 1.00000 1.00000 1.00000 1.00000 1.00000 0.97053 0.98070 0.67344 0.61701 0.00000 0.23934 0.20525 0.22011 0.37621 0.32885 0.61146 0.65221 0.76109 0.63802 0.45798
0.87825 1.00000 0.97174 1.00000 0.98851 1.00000 0.98851 1.00000 0.98451 1.00000 0.97764 0.93486 0.49738 0.55452 0.00000 0.36831 0.28832 0.36126 0.11419 0.32195 0.48232 0.61056 0.58996 0.61195 0.63577
0.87575 0.96912 1.00000 1.00000 1.00000 1.00000 1.00000 1.00000 1.00000 1.00000 0.97053 0.94395 0.75196 0.25474 0.00000 0.24599 0.24772 0.26827 0.33405 0.63023 0.60999 0.66587 0.65729 0.39937 0.40578
0.87825 1.00000 0.97174 1.00000 0.98851 1.00000 0.98851 1.00000 0.98451 1.00000 0.97764 0.86794 0.61055 0.33493 0.21915 0.51807 0.52752 0.25880 0.57845 0.68925 0.76636 0.57221 0.60117 0.60712 0.00000
0.87575 0.96912 1.00000 1.00000 1.00000 1.00000 1.00000 1.00000 1.00000 1.00000 0.97053 0.84235 0.52426 0.30495 0.37723 0.71125 0.70543 0.78263 0.59074 0.50128 0.52722 0.45842 0.31461 0.31417 0.00000
0.87825 1.00000 0.97174 1.00000 0.98851 1.00000 0.98851 1.00000 0.98451 1.00000 0.95310 0.83603 0.52205 0.54780 0.35201 0.64699 0.65919 0.76886 0.49663 0.49933 0.53562 0.47254 0.44097 0.43469 0.00000
0.87575 0.96912 1.00000 1.00000 1.00000 1.00000 1.00000 1.00000 1.00000 1.00000 0.94514 0.89641 0.69212 0.57012 0.34981 0.33463 0.59743 0.69318 0.46559 0.35014 0.46680 0.41528 0.37209 0.36258 0.00000
0.87825 1.00000 0.97174 1.00000 0.98851 1.00000 0.98851 1.00000 0.98451 1.00000 0.97764 0.89103 0.70417 0.35696 0.39375 0.18459 0.43804 0.68869 0.58114 0.78707 0.67678 0.68413 0.64753 0.65669 0.00000
0.87575 0.96912 1.00000 1.00000 1.00000 1.00000 1.00000 1.00000 1.00000 1.00000 0.97053 0.91291 0.66209 0.38399 0.35905 0.39111 0.58088 0.48935 0.81040 0.78603 0.58703 0.61535 0.62321 0.13128 0.15588
0.87825 1.00000 0.97174 1.00000 0.98851 1.00000 0.98851 1.00000 0.98451 1.00000 0.97764 0.88031 0.46559 0.70141 0.37715 0.39747 0.38144 0.49340 0.60839 0.22681 0.53437 0.35550 0.12691 0.13852 0.15587
0.87575 0.96912 1.00000 1.00000 1.00000 1.00000 1.00000 1.00000 1.00000 1.00000 0.97053 0.92595 0.72273 0.67638 0.50834 0.53860 0.55966 0.55622 0.25561 0.23748 0.53422 0.52322 0.51788 0.21684 0.21763
0.87825 1.00000 0.97174 1.00000 0.98851 1.00000 0.98851 1.00000 0.98451 1.00000 0.97764 0.91788 0.71725 0.72847 0.25119 0.36202 0.40664 0.42858 0.43719 0.35491 0.42768 0.43167 0.22071 0.20931 0.20427
0.87575 0.96912 1.00000 1.00000 1.00000 1.00000 1.00000 1.00000 1.00000 1.00000 0.97053 0.92195 0.43265 0.73122 0.34630 0.34184 0.54238 0.56514 0.55187 0.62436 0.38663 0.36202 0.25781 0.26476 0.00000
0.87825 1.00000 0.97174 1.00000 0.98851 1.00000 0.98851 1.00000 0.98451 1.00000 0.97764 0.90276 0.74665 0.73742 0.27853 0.54361 0.51776 0.56771 0.48021 0.68606 0.47693 0.26996 0.27336 0.15788 0.15788
0.87575 0.96912 1.00000 1.00000 1.00000 1.00000 1.00000 1.00000 1.00000 1.00000 0.97053 0.97040 0.84011 0.72872 0.52420 0.61984 0.59205 0.37242 0.12804 0.50909 0.33749 0.13529 0.14473 0.15819 0.15819
0.87825 1.00000 0.98026 1.00000 0.98451 1.00000 0.98451 1.00000 1.00000 1.00000 1.00000 0.91245 0.71308 0.54466 0.42198 0.41379 0.41189 0.38212 0.36897 0.37601 0.36331 0.35943 0.13305 0.15850 0.15850
0.55897 0.95852 1.00000 1.00000 1.00000 1.00000 1.00000 1.00000 1.00000 1.00000 0.96094 0.90007 0.41584 0.31883 0.43337 0.42878 0.40072 0.36678 0.37390 0.24439 0.36987 0.11577 0.12610 0.13318 0.00000
0.55526 1.00000 0.97159 1.00000 0.97764 0.97053 0.97764 0.97053 1.00000 0.96094 1.00000 0.63955 0.42433 0.00000 0.00000 0.43555 0.39014 0.26046 0.15442 0.24068 0.24305 0.00000 0.00000 0.00000 0.00000
0.33333 0.54665 1.00000 0.94236 0.93486 0.98070 0.93486 0.98070 0.93486 0.95503 0.54397 0.55026 0.00000 0.00000 0.00000 0.00000 0.23483 0.15436 0.15455 0.15471 0.00000 0.00000 0.00000 0.00000 0.00000
0.00000 0.33333 0.33333 0.56773 0.57059 0.56773 0.57059 0.56773 0.57059 0.33333 0.33333 0.00000 0.00000 0.00000 0.00000 0.00000 0.00000 0.00000 0.00000 0.00000 0.00000 0.00000 0.00000 0.00000 0.00000
