# name=organic_walks field=200x200 stride=8
25 25
0.00000 0.00000 0.00000 0.00000 0.00000 0.00000 0.42429 0.15382 0.00000 0.30819 0.30901 0.00000 0.00000 0.00000 0.00000 0.00000 0.00000 0.00000 0.00000 0.00000 0.00000 0.00000 0.00000 0.00000 0.00000
0.00000 0.00000 0.00000 0.00000 0.00000 0.39173 0.42261 0.44109 0.46024 0.46247 0.30954 0.31046 0.15600 0.15597 0.00000 0.00000 0.00000 0.00000 0.00000 0.00000 0.00000 0.00000 0.00000 0.00000 0.00000
0.00000 0.00000 0.00000 0.00000 0.33177 0.38891 0.42062 0.60032 0.46304 0.46388 0.46289 0.31089 0.15600 0.15598 0.00000 0.00000 0.00000 0.00000 0.00000 0.13267 0.11760 0.00000 0.00000 0.00000 0.00000
0.00000 0.00000 0.00000 0.18560 0.21967 0.38747 0.41856 0.57072 0.46315 0.42014 0.47242 0.53214 0.47935 0.56345 0.26642 0.08269 0.17251 0.19024 0.00000 0.12431 0.11387 0.24392 0.15982 0.15965 0.15947
0.00000 0.00000 0.00000 0.17603 0.21559 0.38744 0.41685 0.69617 0.60649 0.68665 0.45541 0.31151 0.54843 0.50106 0.45438 0.17195 0.17218 0.18162 0.18813 0.11181 0.17888 0.22945 0.15894 0.15871 0.15848
0.00000 0.00000 0.00000 0.00000 0.31803 0.24769 0.36979 0.69435 0.67880 0.72693 0.75089 0.28302 0.67295 0.74395 0.39890 0.17318 0.18277 0.20034 0.12000 0.00000 0.33271 0.38014 0.33240 0.12961 0.13319
0.00000 0.00000 0.00000 0.00000 0.30614 0.32062 0.31562 0.00000 0.67617 0.70917 0.43148 0.60735 0.68840 0.69703 0.77891 0.46458 0.37306 0.11372 0.12613 0.00000 0.39669 0.27895 0.12996 0.13181 0.13378
0.00000 0.12297 0.13308 0.14141 0.15740 0.55194 0.54607 0.26258 0.46821 0.22868 0.42536 0.62033 0.52462 0.53212 0.54423 0.32581 0.28205 0.10892 0.12523 0.35175 0.47235 0.68090 0.38033 0.24970 0.24399
0.15560 0.15603 0.15644 0.28566 0.28342 0.41666 0.48847 0.54331 0.30262 0.31104 0.41597 0.43662 0.52584 0.54400 0.43044 0.23821 0.25780 0.22564 0.44810 0.66973 0.66854 0.41036 0.40147 0.38076 0.23013
0.15511 0.15549 0.15591 0.27309 0.27155 0.73582 0.45393 0.91200 0.40577 0.53537 0.57008 0.53685 0.33871 0.52281 0.67142 0.37043 0.61033 0.65712 0.44725 0.66922 0.33877 0.42947 0.39355 0.38089 0.39408
0.15472 0.15501 0.15537 0.61300 0.75387 0.83718 0.83822 0.89330 0.86060 0.83864 0.59391 0.36111 0.34203 0.60400 0.53660 0.33640 0.52135 0.40825 0.38052 0.13923 0.62269 0.66441 0.71738 0.70536 0.69079
0.00000 0.13093 0.12444 0.54366 0.66809 0.79025 0.48997 0.44032 0.83237 0.81652 0.41436 0.42893 0.42545 0.73021 0.45209 0.51183 0.54103 0.40245 0.43217 0.40133 0.62085 0.68318 0.71965 0.64974 0.21511
0.00000 0.00000 0.00000 0.43346 0.57927 0.45065 0.65375 0.41355 0.40700 0.67154 0.43946 0.39359 0.37738 0.28845 0.44902 0.44026 0.36457 0.63708 0.66036 0.66400 0.55776 0.59974 0.63723 0.35398 0.00000
0.00000 0.00000 0.00000 0.50864 0.74882 0.77268 0.69402 0.46991 0.58935 0.49274 0.60185 0.35011 0.34016 0.41842 0.58449 0.56297 0.59439 0.75468 0.70199 0.61867 0.45729 0.66302 0.51317 0.20750 0.00000
0.00000 0.00000 0.19286 0.39292 0.39802 0.48892 0.43334 0.38291 0.40695 0.44515 0.56297 0.37516 0.39551 0.45102 0.45024 0.31024 0.31650 0.63054 0.62710 0.48650 0.52431 0.57082 0.10719 0.12645 0.15564
0.00000 0.00000 0.11287 0.11920 0.48164 0.45906 0.44252 0.36247 0.56372 0.11473 0.53229 0.34151 0.41599 0.44934 0.29266 0.30748 0.31045 0.63207 0.68677 0.60612 0.59093 0.35277 0.11588 0.13166 0.15579
0.00000 0.00000 0.09408 0.10406 0.26497 0.32440 0.28611 0.43136 0.38463 0.19901 0.27628 0.25129 0.39270 0.37354 0.48075 0.21240 0.41065 0.31005 0.59075 0.18280 0.16388 0.55025 0.25735 0.26058 0.24254
0.00000 0.00000 0.14275 0.22453 0.27506 0.29379 0.29157 0.44176 0.40474 0.37386 0.27977 0.34354 0.32645 0.32251 0.11320 0.69328 0.64068 0.30958 0.44507 0.54024 0.65983 0.48979 0.24063 0.15625 0.15626
0.00000 0.00000 0.00000 0.18791 0.23680 0.30745 0.29705 0.29292 0.52583 0.34800 0.25166 0.10742 0.23304 0.12071 0.29625 0.30921 0.53601 0.48796 0.61124 0.58077 0.58658 0.48536 0.51232 0.15630 0.15630
0.00000 0.00000 0.00000 0.13681 0.19049 0.24294 0.46023 0.50643 0.35279 0.48152 0.39083 0.20270 0.17926 0.12638 0.50864 0.59947 0.64815 0.63043 0.47961 0.54475 0.66022 0.47298 0.50261 0.25977 0.15634
0.00000 0.00000 0.00000 0.00000 0.09167 0.19841 0.21098 0.18371 0.31395 0.31780 0.34913 0.21083 0.35762 0.35589 0.34945 0.48988 0.75540 0.65335 0.62485 0.56167 0.53331 0.34895 0.24417 0.00000 0.00000
0.00000 0.00000 0.00000 0.00000 0.07703 0.21028 0.19067 0.30101 0.31709 0.34247 0.36528 0.36947 0.33987 0.32127 0.69561 0.50511 0.53623 0.65262 0.63855 0.48380 0.55085 0.21249 0.00000 0.00000 0.00000
0.00000 0.00000 0.00000 0.00000 0.00000 0.00000 0.15672 0.31619 0.21999 0.22066 0.23743 0.38847 0.35529 0.32102 0.12714 0.52731 0.43236 0.50942 0.49960 0.22996 0.15744 0.21781 0.00000 0.00000 0.00000
0.00000 0.00000 0.00000 0.00000 0.00000 0.00000 0.00000 0.15676 0.23250 0.23913 0.24621 0.26499 0.25413 0.00000 0.00000 0.15457 0.42974 0.41022 0.49942 0.15698 0.15723 0.15749 0.00000 0.00000 0.00000
0.00000 0.00000 0.00000 0.00000 0.00000 0.00000 0.00000 0.00000 0.15676 0.15677 0.15678 0.00000 0.00000 0.00000 0.00000 0.15457 0.15495 0.15539 0.15578 0.00000 0.00000 0.00000 0.00000 0.00000 0.00000
