# name=rect_rotated_scattered field=200x200 stride=8
25 25
0.00000 0.00000 0.00000 0.00000 0.00000 0.00000 0.00000 0.00000 0.00000 0.00000 0.00000 0.00000 0.00000 0.00000 0.00000 0.00000 0.00000 0.00000 0.00000 0.00000 0.00000 0.00000 0.00000 0.00000 0.00000
0.00000 0.00000 0.00000 0.00000 0.00000 0.00000 0.15835 0.16076 0.00000 0.00000 0.00000 0.00000 0.00000 0.00000 0.00000 0.00000 0.00000 0.00000 0.00000 0.00000 0.00000 0.00000 0.00000 0.00000 0.00000
0.00000 0.00000 0.00000 0.00000 0.00000 0.00000 0.15864 0.16109 0.16320 0.00000 0.00000 0.00000 0.00000 0.00000 0.00000 0.00000 0.00000 0.00000 0.00000 0.00000 0.00000 0.00000 0.00000 0.00000 0.00000
0.00000 0.00000 0.00000 0.00000 0.00000 0.15709 0.15894 0.14207 0.14348 0.00000 0.00000 0.00000 0.00000 0.00000 0.00000 0.00000 0.00000 0.00000 0.00000 0.00000 0.00000 0.00000 0.00000 0.00000 0.00000
0.00000 0.00000 0.00000 0.00000 0.00000 0.12245 0.12690 0.12199 0.12370 0.00000 0.00000 0.00000 0.00000 0.00000 0.00000 0.00000 0.00000 0.09547 0.00000 0.00000 0.00000 0.00000 0.00000 0.00000 0.00000
0.00000 0.00000 0.00000 0.00000 0.07643 0.13980 0.09790 0.09124 0.00000 0.07256 0.11809 0.00000 0.00000 0.00000 0.00000 0.00000 0.00000 0.00000 0.00000 0.19818 0.13322 0.10059 0.11500 0.00000 0.00000
0.00000 0.00000 0.00000 0.00000 0.14147 0.10392 0.06272 0.25853 0.11274 0.10906 0.16669 0.21503 0.16130 0.00000 0.00000 0.00000 0.00000 0.00000 0.26814 0.22290 0.15872 0.10947 0.12266 0.13479 0.00000
0.00000 0.00000 0.00000 0.00000 0.09945 0.11322 0.21943 0.13812 0.13619 0.22256 0.19428 0.25992 0.23624 0.00000 0.00000 0.00000 0.07945 0.00000 0.36329 0.57981 0.51153 0.13454 0.14056 0.15737 0.15774
0.00000 0.00000 0.16530 0.18297 0.08527 0.09847 0.21895 0.23421 0.15525 0.24182 0.50043 0.24179 0.22361 0.22802 0.22575 0.18831 0.14435 0.00000 0.38905 0.45104 0.46699 0.27192 0.15644 0.15691 0.15737
0.00000 0.21648 0.22246 0.22643 0.22825 0.22050 0.33079 0.32923 0.13025 0.31709 0.49459 0.21935 0.22300 0.20511 0.19794 0.28014 0.13116 0.00000 0.53123 0.42440 0.15959 0.27199 0.23648 0.24109 0.24500
0.00000 0.15560 0.15634 0.15712 0.23438 0.20562 0.31320 0.29389 0.09743 0.24835 0.18481 0.18270 0.19703 0.12146 0.11162 0.27394 0.00000 0.00000 0.57728 0.40087 0.40424 0.35448 0.20926 0.00000 0.00000
0.00000 0.14520 0.14467 0.14476 0.21541 0.18211 0.00000 0.08115 0.11156 0.08213 0.06831 0.00000 0.29505 0.21147 0.15748 0.13624 0.14762 0.37374 0.41363 0.39202 0.36176 0.35630 0.24390 0.00000 0.00000
0.15422 0.15432 0.14307 0.21516 0.19888 0.21482 0.11270 0.00000 0.13593 0.11194 0.09706 0.25358 0.26357 0.29017 0.22980 0.22939 0.13216 0.33557 0.38151 0.42096 0.24697 0.52715 0.24334 0.25866 0.15621
0.24158 0.24755 0.25390 0.41330 0.46050 0.20831 0.00000 0.11230 0.12608 0.12088 0.24843 0.26465 0.26503 0.30696 0.24676 0.17412 0.26734 0.31831 0.36485 0.40792 0.52656 0.23624 0.22763 0.23692 0.15654
0.22954 0.23824 0.24710 0.43998 0.37657 0.30402 0.00000 0.00000 0.20604 0.26305 0.21075 0.24714 0.25386 0.33426 0.19575 0.14099 0.13887 0.12576 0.31155 0.25000 0.49826 0.34728 0.36220 0.40949 0.45613
0.00000 0.21105 0.22363 0.42666 0.41814 0.33251 0.00000 0.00000 0.24088 0.29696 0.19198 0.20497 0.23434 0.30299 0.15536 0.15536 0.15537 0.16632 0.19966 0.22010 0.64482 0.65436 0.66914 0.43376 0.43593
0.00000 0.00000 0.00000 0.43738 0.53363 0.52135 0.38657 0.80460 0.43747 0.38651 0.16058 0.18390 0.20756 0.40404 0.11474 0.11144 0.17299 0.10403 0.17564 0.17325 0.71205 0.75831 0.76403 0.40539 0.00000
0.00000 0.00000 0.00000 0.59951 0.60235 0.69764 0.42397 0.74366 0.73807 0.42916 0.23009 0.08560 0.32028 0.32300 0.33884 0.06345 0.09418 0.11492 0.13450 0.15733 0.37303 0.45474 0.49488 0.00000 0.00000
0.00000 0.00000 0.11144 0.11025 0.32456 0.63428 0.44810 0.68514 0.70365 0.15249 0.22849 0.18789 0.19319 0.35716 0.15670 0.22394 0.09064 0.09921 0.09044 0.23546 0.23160 0.42346 0.48068 0.00000 0.00000
0.00000 0.00000 0.12953 0.41364 0.36784 0.37465 0.67200 0.14332 0.20027 0.38579 0.51416 0.46092 0.31869 0.25870 0.24811 0.21791 0.31202 0.11291 0.19073 0.19876 0.32151 0.22103 0.25536 0.16161 0.00000
0.00000 0.15753 0.27496 0.24811 0.23505 0.65028 0.59434 0.12169 0.12281 0.68203 0.70408 0.12349 0.23765 0.37649 0.62975 0.17541 0.16931 0.19175 0.22365 0.21935 0.39141 0.22607 0.16088 0.16112 0.16136
0.00000 0.15810 0.15844 0.25188 0.53283 0.66954 0.34016 0.30091 0.10724 0.48955 0.49277 0.00000 0.20079 0.35621 0.59652 0.49978 0.12417 0.13624 0.44926 0.22179 0.17302 0.00000 0.16050 0.16066 0.00000
0.15851 0.15888 0.15926 0.15963 0.55361 0.54483 0.33744 0.30674 0.00000 0.24469 0.51884 0.00000 0.12934 0.32564 0.53950 0.43949 0.14252 0.16027 0.44149 0.00000 0.00000 0.00000 0.00000 0.00000 0.00000
0.00000 0.15970 0.16002 0.16029 0.23861 0.15869 0.15702 0.15571 0.00000 0.00000 0.00000 0.00000 0.13660 0.13877 0.14403 0.24072 0.15986 0.16005 0.42522 0.00000 0.00000 0.00000 0.00000 0.00000 0.00000
0.00000 0.00000 0.00000 0.00000 0.16010 0.15885 0.15719 0.15582 0.00000 0.00000 0.00000 0.00000 0.16360 0.16245 0.16118 0.16026 0.15970 0.15984 0.16002 0.00000 0.00000 0.00000 0.00000 0.00000 0.00000
