# name=mixed_regions field=200x200 stride=8
25 25
0.00000 0.14257 0.33530 0.33835 0.61250 0.64974 0.61250 0.64974 0.61250 0.33482 0.35204 0.14510 0.00000 0.00000 0.00000 0.00000 0.00000 0.00000 0.00000 0.00000 0.00000 0.00000 0.00000 0.00000 0.00000
0.15003 0.34807 1.00000 0.93222 1.00000 0.89834 1.00000 0.89834 1.00000 0.95852 1.00000 0.35647 0.24257 0.00000 0.00000 0.00000 0.00000 0.00000 0.00000 0.00000 0.00000 0.00000 0.00000 0.00000 0.00000
0.33530 1.00000 0.95276 1.00000 0.96239 1.00000 0.96239 1.00000 0.98026 1.00000 0.97159 1.00000 0.23566 0.18551 0.00000 0.00000 0.00000 0.00000 0.00000 0.00000 0.15444 0.43492 0.51025 0.09263 0.04102
0.35898 0.93222 1.00000 1.00000 1.00000 1.00000 1.00000 1.00000 1.00000 1.00000 1.00000 0.85127 0.24727 0.18197 0.00000 0.00000 0.00000 0.00000 0.00000 0.15340 0.15272 0.43433 0.48657 0.54839 0.22212
0.65829 1.00000 0.96239 1.00000 0.97018 1.00000 0.97018 1.00000 0.98451 1.00000 0.97764 0.90428 0.25957 0.19930 0.00000 0.00000 0.00000 0.00000 0.05744 0.06285 0.42945 0.45834 0.46937 0.51577 0.20902
0.68495 0.89834 1.00000 1.00000 1.00000 1.00000 1.00000 1.00000 1.00000 1.00000 0.96735 0.89061 0.47273 0.39588 0.00000 0.08535 0.10858 0.07874 0.19444 0.16248 0.47650 0.51596 0.48976 0.34482 0.20502
0.65829 1.00000 0.96239 1.00000 0.97018 1.00000 0.97018 1.00000 0.98451 1.00000 0.97764 0.90428 0.35691 0.25620 0.00000 0.17163 0.14627 0.26156 0.06456 0.15181 0.44007 0.49509 0.32018 0.32293 0.34444
0.68495 0.89834 1.00000 1.00000 1.00000 1.00000 1.00000 1.00000 1.00000 1.00000 0.96735 0.86579 0.60360 0.07215 0.00000 0.13902 0.16551 0.18685 0.07001 0.42842 0.42121 0.48058 0.45693 0.18247 0.17383
0.65829 1.00000 0.96239 1.00000 0.97018 1.00000 0.97018 1.00000 0.98451 1.00000 0.97764 0.75440 0.47365 0.22058 0.08155 0.12299 0.10665 0.19421 0.32169 0.42885 0.28725 0.33666 0.49581 0.49696 0.02955
0.68495 0.89834 1.00000 1.00000 1.00000 1.00000 1.00000 1.00000 1.00000 1.00000 0.96735 0.74397 0.33631 0.19757 0.17755 0.41718 0.42670 0.48737 0.29774 0.24723 0.28598 0.23306 0.12095 0.12162 0.00000
0.65829 1.00000 0.96239 1.00000 0.97018 1.00000 0.97018 1.00000 0.98451 1.00000 0.91378 0.72837 0.32839 0.40854 0.15961 0.37873 0.38041 0.46427 0.23370 0.25583 0.27747 0.22611 0.21848 0.21421 0.00000
0.68495 0.89834 1.00000 1.00000 1.00000 1.00000 1.00000 1.00000 1.00000 1.00000 0.90363 0.72492 0.54474 0.41646 0.16369 0.16631 0.38215 0.47473 0.25241 0.12041 0.29792 0.18794 0.17415 0.17798 0.00000
0.65829 1.00000 0.96239 1.00000 0.97018 1.00000 0.97018 1.00000 0.98451 1.00000 0.97764 0.80870 0.61392 0.24522 0.18861 0.07655 0.20995 0.47980 0.32728 0.51351 0.40128 0.43607 0.42623 0.44357 0.00000
0.68495 0.89834 1.00000 1.00000 1.00000 1.00000 1.00000 1.00000 1.00000 1.00000 0.96735 0.83326 0.35745 0.22665 0.14904 0.16453 0.35413 0.27115 0.49830 0.46927 0.36523 0.35930 0.23062 0.07189 0.03633
0.65829 1.00000 0.96239 1.00000 0.97018 1.00000 0.97018 1.00000 0.98451 1.00000 0.97764 0.83014 0.25493 0.41296 0.14959 0.15009 0.15356 0.25403 0.37383 0.14095 0.35459 0.14818 0.06208 0.06783 0.03369
0.68495 0.89834 1.00000 1.00000 1.00000 1.00000 1.00000 1.00000 1.00000 1.00000 0.96735 0.79300 0.57596 0.51027 0.12648 0.40728 0.42925 0.46770 0.14550 0.14605 0.37664 0.31353 0.31295 0.07379 0.07574
0.65829 1.00000 0.96239 1.00000 0.97018 1.00000 0.97018 1.00000 0.98451 1.00000 0.97764 0.78802 0.56386 0.54765 0.07720 0.27482 0.28730 0.30664 0.16689 0.14104 0.18176 0.19680 0.07410 0.06895 0.06973
0.68495 0.89834 1.00000 1.00000 1.00000 1.00000 1.00000 1.00000 1.00000 1.00000 0.96735 0.79836 0.25916 0.60123 0.25221 0.26478 0.41499 0.42239 0.41195 0.36450 0.10332 0.09626 0.08746 0.09045 0.00000
0.65829 1.00000 0.96239 1.00000 0.97018 1.00000 0.97018 1.00000 0.98451 1.00000 0.97764 0.88365 0.56458 0.28029 0.29021 0.38404 0.36147 0.35816 0.39970 0.46538 0.40771 0.08951 0.09132 0.03686 0.03682
0.68495 0.89834 1.00000 1.00000 1.00000 1.00000 1.00000 1.00000 1.00000 1.00000 0.96735 0.82541 0.62575 0.30788 0.17095 0.41273 0.37883 0.19644 0.07514 0.39010 0.15167 0.03045 0.03269 0.03590 0.03591
0.65829 1.00000 0.98026 1.00000 0.98451 1.00000 0.98451 1.00000 1.00000 1.00000 1.00000 0.76228 0.39242 0.32636 0.07548 0.06867 0.07644 0.17069 0.15481 0.17085 0.16840 0.17489 0.03224 0.03745 0.03751
0.35424 0.95852 1.00000 1.00000 1.00000 1.00000 1.00000 1.00000 1.00000 1.00000 0.96094 0.79181 0.22932 0.17136 0.08640 0.07127 0.15919 0.16372 0.16297 0.18005 0.17795 0.03092 0.03400 0.03614 0.00000
0.35204 1.00000 0.97159 1.00000 0.97764 0.96735 0.97764 0.96735 1.00000 0.96094 1.00000 0.39477 0.24495 0.00000 0.00000 0.07972 0.16330 0.06834 0.03136 0.16885 0.17919 0.00000 0.00000 0.00000 0.00000
0.15124 0.35647 1.00000 0.92675 0.90428 0.89061 0.90428 0.89061 0.90428 0.95503 0.34879 0.36684 0.00000 0.00000 0.00000 0.00000 0.06474 0.03122 0.03239 0.03497 0.00000 0.00000 0.00000 0.00000 0.00000
0.00000 0.14257 0.13944 0.33835 0.33955 0.33835 0.33955 0.33835 0.33955 0.13887 0.14119 0.00000 0.00000 0.00000 0.00000 0.00000 0.00000 0.00000 0.00000 0.00000 0.00000 0.00000 0.00000 0.00000 0.00000
