# name=rect_rotated_scattered field=200x200 stride=8
25 25
0.00000 0.00000 0.00000 0.00000 0.00000 0.00000 0.00000 0.00000 0.00000 0.00000 0.00000 0.00000 0.00000 0.00000 0.00000 0.00000 0.00000 0.00000 0.00000 0.00000 0.00000 0.00000 0.00000 0.00000 0.00000
0.00000 0.00000 0.00000 0.00000 0.00000 0.00000 0.00000 0.00000 0.00000 0.00000 0.00000 0.00000 0.00000 0.00000 0.00000 0.00000 0.00000 0.00000 0.00000 0.00000 0.00000 0.00000 0.00000 0.00000 0.00000
0.00000 0.00000 0.00000 0.00000 0.00000 0.00000 0.00000 0.00000 0.00000 0.00000 0.00000 0.00000 0.00000 0.00000 0.00000 0.00000 0.00000 0.00000 0.00000 0.00000 0.00000 0.00000 0.00000 0.00000 0.00000
0.00000 0.00000 0.00000 0.00000 0.00000 0.00000 0.00000 0.01960 0.01678 0.00000 0.00000 0.00000 0.00000 0.00000 0.00000 0.00000 0.00000 0.00000 0.00000 0.00000 0.00000 0.00000 0.00000 0.00000 0.00000
0.00000 0.00000 0.00000 0.00000 0.00000 0.05989 0.02137 0.01788 0.01825 0.00000 0.00000 0.00000 0.00000 0.00000 0.00000 0.00000 0.00000 0.02653 0.00000 0.00000 0.00000 0.00000 0.00000 0.00000 0.00000
0.00000 0.00000 0.00000 0.00000 0.00000 0.05199 0.01802 0.01775 0.00000 0.01668 0.03636 0.00000 0.00000 0.00000 0.05196 0.06323 0.00000 0.00000 0.00000 0.05471 0.15451 0.18079 0.19645 0.00000 0.00000
0.00000 0.00000 0.00000 0.00000 0.05156 0.00000 0.01587 0.09990 0.02484 0.02193 0.04662 0.07221 0.04488 0.00000 0.07096 0.03665 0.04248 0.00000 0.08727 0.05880 0.14889 0.17961 0.19443 0.21310 0.00000
0.00000 0.00000 0.00000 0.00000 0.02114 0.02518 0.06736 0.02954 0.02653 0.05231 0.05866 0.04672 0.03947 0.00000 0.03800 0.03596 0.03901 0.00000 0.06409 0.15985 0.30836 0.19308 0.20009 0.04010 0.04172
0.00000 0.00000 0.02267 0.02300 0.02104 0.02262 0.05735 0.06219 0.02823 0.05746 0.25722 0.03234 0.03504 0.03892 0.08534 0.06383 0.07044 0.06135 0.07879 0.07330 0.08523 0.09625 0.03896 0.03904 0.04010
0.00000 0.02654 0.02546 0.02834 0.03329 0.07040 0.05142 0.05515 0.07113 0.11768 0.27785 0.02724 0.03056 0.07659 0.06696 0.24835 0.06467 0.07665 0.22592 0.08518 0.04197 0.09837 0.07367 0.07170 0.07145
0.00000 0.03187 0.03085 0.03166 0.02974 0.02720 0.05701 0.05196 0.06943 0.11193 0.04683 0.05524 0.06442 0.06355 0.02626 0.25045 0.07779 0.08377 0.37363 0.19233 0.17129 0.14235 0.01924 0.00000 0.00000
0.00000 0.08610 0.07885 0.07224 0.05949 0.05473 0.00000 0.06378 0.07086 0.05244 0.04667 0.00000 0.07147 0.14269 0.27208 0.18107 0.20887 0.20825 0.22211 0.17970 0.13878 0.13665 0.02888 0.00000 0.00000
0.03907 0.03882 0.08229 0.07299 0.06196 0.04722 0.03468 0.00000 0.07599 0.04815 0.03329 0.05465 0.05051 0.24915 0.24253 0.42090 0.19415 0.18087 0.19060 0.20024 0.08657 0.18637 0.08506 0.09479 0.03896
0.08426 0.08674 0.08897 0.17772 0.24840 0.04945 0.00000 0.00000 0.00000 0.02512 0.12648 0.12704 0.05608 0.27613 0.25346 0.21498 0.42822 0.17378 0.18284 0.20715 0.18743 0.06667 0.07950 0.08555 0.03780
0.07843 0.08181 0.08561 0.19880 0.17808 0.15021 0.00000 0.00000 0.06471 0.08525 0.15808 0.14098 0.14869 0.15919 0.27546 0.04644 0.03868 0.08465 0.07368 0.08867 0.16785 0.13624 0.15155 0.16346 0.08319
0.00000 0.07329 0.07772 0.20267 0.19941 0.16088 0.00000 0.00000 0.08019 0.09973 0.17304 0.16148 0.16724 0.20891 0.04054 0.04038 0.04109 0.08043 0.06898 0.07657 0.44663 0.41391 0.41968 0.07323 0.07424
0.00000 0.00000 0.00000 0.21052 0.32043 0.32511 0.17395 0.29868 0.07497 0.18202 0.19673 0.18090 0.17705 0.25089 0.02988 0.02882 0.05482 0.00000 0.06240 0.06109 0.48528 0.48987 0.47798 0.06617 0.00000
0.00000 0.02691 0.02505 0.45633 0.45822 0.53652 0.21038 0.30284 0.26687 0.06593 0.00832 0.03232 0.13855 0.14885 0.06379 0.01633 0.00000 0.00000 0.00000 0.04313 0.15714 0.18953 0.21231 0.00000 0.00000
0.00000 0.00000 0.02346 0.02341 0.06303 0.34701 0.23129 0.30839 0.28655 0.02861 0.01395 0.01684 0.05880 0.16264 0.03514 0.07398 0.04439 0.04852 0.05903 0.50374 0.20779 0.34207 0.36654 0.00000 0.00000
0.00000 0.00000 0.02990 0.20271 0.17240 0.19619 0.42941 0.03638 0.07042 0.27492 0.05692 0.06300 0.15822 0.09033 0.07765 0.07018 0.05813 0.05081 0.27639 0.18152 0.50734 0.18873 0.20269 0.00000 0.00000
0.00000 0.03893 0.09674 0.08501 0.07647 0.44413 0.42975 0.03033 0.03088 0.26681 0.24272 0.03508 0.09184 0.19286 0.46533 0.14617 0.13314 0.18541 0.29483 0.20229 0.59061 0.16888 0.00000 0.00000 0.00000
0.00000 0.03581 0.03474 0.08171 0.28930 0.43924 0.07941 0.09275 0.02211 0.09793 0.07399 0.00000 0.08081 0.18904 0.45407 0.37873 0.03157 0.03587 0.22524 0.22804 0.23435 0.00000 0.00000 0.00000 0.00000
0.03458 0.03424 0.03466 0.03584 0.30615 0.28832 0.08821 0.09912 0.00000 0.06826 0.07813 0.00000 0.03817 0.17765 0.42406 0.34587 0.03634 0.04151 0.21504 0.00000 0.00000 0.00000 0.00000 0.00000 0.00000
0.00000 0.03616 0.03796 0.03998 0.08126 0.03877 0.03725 0.03898 0.00000 0.00000 0.00000 0.00000 0.04058 0.03542 0.03633 0.09229 0.04201 0.04126 0.20337 0.00000 0.00000 0.00000 0.00000 0.00000 0.00000
0.00000 0.00000 0.00000 0.00000 0.04368 0.03916 0.03720 0.03876 0.00000 0.00000 0.00000 0.00000 0.04495 0.04114 0.04112 0.04361 0.04343 0.04216 0.04132 0.00000 0.00000 0.00000 0.00000 0.00000 0.00000
